0,1,0,-0.1064255,0.1656342,-0.05702577,0.4047886,-0.4255835,-0.6319158,0.5056751,-0.07661446,0.215242,-0.06687691,0.4031982,-0.4384363,-0.6309301,0.4971237,0.008923735,0.2217865,-0.06875012,0.4137361,-0.4592775,-0.6213879,0.4814184,-0.007504023,0.452092,-0.005001377,0.4383161,-0.4852025,-0.6020791,0.4582121,-0.1134841,0.5318151,0.131217,0.4600256,-0.4966774,-0.584608,0.4471258,-0.04494381,0.5505913,0.106147,0.4702363,-0.4924903,-0.5794956,0.44779,0.03039855,0.1558124,-0.08750132,0.4589141,-0.4823079,-0.5924057,0.4536874,0.01701129,0.1123278,-0.1579102,0.4432821,-0.4739557,-0.6057018,0.4604261,-0.003633126,-0.05552213,-0.01720459,0.4264802,-0.4685986,-0.6176675,0.4658505,0.005819175,-0.1201617,-0.006216512,0.4235795,-0.4634455,-0.6193897,0.4713334,-0.0525017,-0.1943853,-0.1831805,0.4295082,-0.4533649,-0.6170802,0.4787431,-0.06796701,0.02460892,0.02258833,0.4388014,-0.4549643,-0.6086394,0.4796029,0.05729363,-0.2109551,-0.09356273,0.4595181,-0.4605802,-0.5928689,0.4745687,0.01726975,-0.1767771,-0.001339478,0.4708125,-0.4664427,-0.5815457,0.4717747,-0.001570806,-0.4712443,0.141466,0.4842429,-0.4743989,-0.5696647,0.4646899,0.01529536,-0.4690673,0.2357264,0.4886055,-0.4722452,-0.5671437,0.4654,-0.01940728,-0.2424586,0.1660221,0.4754246,-0.4528529,-0.5832113,0.4782888,-0.02567566,-0.1408747,0.0250992,0.4496707,-0.4322667,-0.6084236,0.4906754,0.01769132,-0.1180051,-0.07226859,0.4225124,-0.4192594,-0.6281272,0.5011595,-0.02086788,0.06880996,-0.06567379,0.403228,-0.4182389,-0.638646,0.5045935,-0.008694104,0.2362043,0.006037163,0.3952219,-0.433837,-0.6384009,0.4980254,0.03341151,0.2391387,-0.08781138,0.4068732,-0.4529762,-0.6260689,0.487139,0.007692373,0.2461961,-0.06351462,0.421763,-0.477944,-0.6108118,0.4696749,-0.03597338,0.5370712,0.0737526,0.4475358,-0.506834,-0.5875478,0.444543,-0.002632186,0.6585085,0.1107657,0.4673689,-0.509112,-0.5725055,0.4411447,0.01278796,0.3208988,-0.08588404,0.4723376,-0.4950804,-0.5716869,0.4527325,0.01648312,0.1254999,-0.2266888,0.4604539,-0.4789975,-0.5841141,0.4662126,-0.07710012,0.1588666,-0.1562113,0.4471023,-0.4680444,-0.5947362,0.4767837,-0.1668871,0.03443639,-0.1355385,0.4421853,-0.4565055,-0.6010117,0.4846234,0.1262901,0.01270872,-0.01477525,0.4501447,-0.4530621,-0.597267,0.4851562
0,1,0,0.09102382,-0.02895094,-0.03296896,-0.5875068,0.48195,0.4590056,-0.4602975,0.07185362,0.05562666,-0.04168424,0.6467274,-0.4292434,-0.4575007,0.4338052,-0.02912353,0.03921407,-0.04112479,0.6875468,-0.3721589,-0.4524854,0.4289919,-0.1354567,0.3454348,-0.2441482,0.7125051,-0.3254148,-0.4537011,0.4249671,0.01596462,-0.1691748,0.07396333,0.7185364,-0.3030016,-0.4622193,0.4221951,-0.04146083,-0.1200113,0.07434748,0.7189283,-0.299752,-0.4596086,0.426674,0.1939204,-0.09219054,0.00892418,0.7120908,-0.3093764,-0.4561839,0.4348667,0.3152173,-0.09297387,-0.03258025,0.6881721,-0.3351024,-0.4776287,0.4312729,0.1741027,-0.3472245,-0.09212648,0.6350723,-0.3905053,-0.532764,0.4004388,0.008590912,0.2982538,-0.01336856,0.5554345,-0.477607,-0.5405356,0.4137695,0.02415138,0.2152481,0.005675814,0.5164392,-0.5555474,-0.5297232,0.3795404,-0.08853586,0.2417056,0.004523988,0.5135755,-0.5703812,-0.5216054,0.3726032,0.2604624,-0.6365028,0.2524359,0.5213342,-0.5532726,-0.5408642,0.3599528,-0.01327169,-0.2709573,0.07092102,0.4938683,-0.5349547,-0.5715184,0.3785293,0.04941787,-0.2104198,0.01420649,0.4537945,-0.5129941,-0.6070627,0.402967,-0.03237793,0.01990136,-0.05930201,0.421463,-0.4886682,-0.6315737,0.4297522,0.04504763,0.1485557,0.1302113,0.3977711,-0.4833821,-0.6417751,0.4429951,0.008464407,0.2223377,0.03474824,0.3710226,-0.4881255,-0.6506959,0.4479627,0.02142677,0.2936499,0.02856246,0.3633952,-0.4996082,-0.6481194,0.4452828,-0.002628814,0.3226012,0.1974522,0.364962,-0.5202474,-0.639246,0.4330242,0.0658928,0.2802711,0.1446566,0.3724119,-0.5215861,-0.6335147,0.4334933,0.08024173,0.313696,0.1994153,0.3679172,-0.5074192,-0.6362759,0.4497953,-0.03129863,0.3529325,0.07505608,0.3640134,-0.4863898,-0.6430377,0.466285,-0.05210184,0.2656532,0.07392818,0.3615031,-0.4698459,-0.6477558,0.4785109,0.04454513,0.07048621,0.06388564,0.3634147,-0.4520507,-0.6485412,0.4929242,0.1029361,-0.08921515,-0.08823273,0.3657469,-0.4426088,-0.650671,0.4969446,-0.1055075,-0.1323261,-0.2230571,0.3704028,-0.4474479,-0.6478795,0.4927924,-0.0961014,-0.09130004,-0.185058,0.3738297,-0.4604798,-0.6439605,0.483244,-0.07894928,-0.05415832,-0.1151558,0.3848805,-0.472442,-0.635604,0.4739969,0.008761758,-0.0221258,0.1169567,0.3961969,-0.4777389,-0.6313167,0.4650083
1,0,0,0.1286778,0.1057642,-0.007365347,0.0007002167,-0.0447306,0.4784593,-0.8769693,-0.0888225,0.1240642,-0.05426695,0.01529581,-0.05077905,0.486993,-0.8717943,-0.004728038,0.1211334,-0.2942942,0.03177119,-0.05046961,0.4879394,-0.8708378,-0.05337348,0.07956258,-0.1390959,0.0471692,-0.05574856,0.5002843,-0.8627762,0.0243959,0.04121436,0.06221958,0.05293525,-0.06073082,0.5044546,-0.8596715,0.007115439,-0.00689682,0.144259,0.05413758,-0.0664491,0.5213596,-0.8490217,-0.01673524,-0.1115351,0.1329159,0.04814361,-0.06484219,0.5263686,-0.8464123,0.006496822,-0.133132,0.1230581,0.03116802,-0.05422378,0.5079466,-0.859115,-0.0002315772,-0.1850072,0.2641845,0.01292051,-0.04373125,0.5042107,-0.8623759,0.04648909,-0.3559054,0.3017513,-0.04470932,-0.02709934,0.451322,-0.8908283,-0.02575861,-0.06008652,0.05214763,-0.07521113,-0.01676141,0.4204467,-0.9040392,-0.06429731,0.1373843,-0.1481144,-0.04643042,-0.008552179,0.4303566,-0.9014235,0.002841639,0.1339747,-0.1957309,-0.01432401,-0.02046871,0.4690388,-0.8828241,-0.006738781,0.06461571,-0.1747446,0.003421877,-0.02291306,0.4685144,-0.883152,0.0562848,0.1612966,-0.1535321,0.01974056,-0.036668,0.481232,-0.8756035,0.003974289,0.1029644,-0.0887929,0.03125762,-0.0514378,0.4895282,-0.8699076,0.02863907,0.09378814,-0.1657594,0.04312447,-0.05274398,0.4850379,-0.8718351,0.0767572,0.1376255,-0.1694225,0.04984372,-0.06849068,0.5018853,-0.8607762,0.02783097,0.02906913,-0.0405629,0.05454637,-0.0767021,0.5046698,-0.8581666,-0.01564953,-0.00291466,0.06624728,0.05496574,-0.07852527,0.5090044,-0.8554105,-0.04103794,-0.08424348,0.1387879,0.05310883,-0.07363074,0.5111376,-0.8546908,0.04073572,-0.1007679,0.110757,0.03974926,-0.0724685,0.512297,-0.8548216,-0.02060376,-0.1288196,0.1211106,0.02365605,-0.06692525,0.5138121,-0.8549612,-0.05025766,-0.2065766,0.2559688,0.00004947931,-0.05105507,0.4993458,-0.8648972,0.01827357,-0.2824437,0.3165704,-0.03701588,-0.03297808,0.4651452,-0.8838452,-0.06819222,-0.01955898,-0.009849783,-0.06285252,-0.01659717,0.4218118,-0.9043499,-0.02590103,0.1176418,-0.1006638,-0.04082277,-0.01993623,0.4451105,-0.8943225,0.05588638,0.145826,-0.2173829,-0.01091354,-0.02452815,0.4651424,-0.8848287,0.09803323,0.06680538,-0.2121443,-0.008470885,-0.04500883,0.4793689,-0.8764176,-0.07044698,0.1417926,-0.1189663,0.01415099,-0.04556264,0.4799654,-0.8759891
0,0,1,-0.009399511,-0.006054156,-0.0002861514,-0.498588,-0.1128094,-0.155915,-0.8452067,-0.02417087,-0.003762514,-0.002042542,-0.4981203,-0.1152799,-0.1546318,-0.845385,-0.02706327,0.00414849,-0.01085056,-0.4964678,-0.1179599,-0.1582203,-0.8453233,-0.03462941,-0.002901969,0.001941745,-0.4969571,-0.1202148,-0.1614037,-0.8441154,-0.03721864,0.009242423,0.007033343,-0.4961471,-0.1223262,-0.1673265,-0.8431348,-0.02147371,-0.01305414,-0.009840788,-0.4953177,-0.124397,-0.1738948,-0.8419895,-0.02975441,0.01216258,-0.009988021,-0.4944382,-0.1263248,-0.1829327,-0.8403026,-0.01366121,0.001853833,0.002259405,-0.4927844,-0.1279073,-0.1956769,-0.8381609,-0.000489662,-0.00321569,0.0008509175,-0.4927458,-0.1265397,-0.2027542,-0.8367078,0.01571073,-0.003697164,0.004615036,-0.4940222,-0.1244547,-0.2083308,-0.8348961,0.01730565,-0.007067283,0.01002211,-0.4969624,-0.1222004,-0.2120805,-0.8325366,0.011412,0.002053483,0.006544576,-0.500251,-0.1193222,-0.2156433,-0.8300657,0.01894752,-0.003870362,0.007550264,-0.5028894,-0.1167398,-0.219508,-0.8278226,0.01798411,0.01425185,0.002973106,-0.504137,-0.1142208,-0.2235875,-0.826322,0.01742589,0.002071765,-0.001901971,-0.5056426,-0.1119315,-0.22892,-0.8242527,0.01242333,-0.001812114,0.004878043,-0.5058316,-0.1080102,-0.2324712,-0.8236657,0.04579303,0.008141092,-0.003488616,-0.5056099,-0.1017619,-0.2324452,-0.8246044,0.06571068,-0.01974693,0.01531394,-0.5063774,-0.09489821,-0.2302279,-0.8255733,0.05230407,-0.05032491,0.005128796,-0.5074643,-0.09225853,-0.2316812,-0.8247982,0.0266166,-0.006522599,-0.006538596,-0.5074349,-0.09591573,-0.2335299,-0.8238772,0.03372997,-0.01143176,-0.01578121,-0.5050318,-0.1037706,-0.2393794,-0.8227223,0.01554231,-0.01749166,-0.003137163,-0.5025854,-0.1126895,-0.2455232,-0.8212353,0.0291408,0.01292228,0.006091791,-0.5003705,-0.1183112,-0.2483217,-0.8209556,0.004573056,-0.01445519,0.001735531,-0.4996977,-0.1236277,-0.2542621,-0.8187608,0.014451,-0.01213097,-0.005406195,-0.4974312,-0.1274349,-0.2589417,-0.8180903,0.01086127,-0.002509769,-0.01618484,-0.4928135,-0.1306763,-0.2621932,-0.819337,0.00899456,-0.008526874,0.001029756,-0.4864821,-0.1353886,-0.2657119,-0.82122,0.0008546403,0.00008664771,-0.01304257,-0.4814226,-0.1419074,-0.2694847,-0.8218713,-0.008418527,0.00001536514,-0.006931185,-0.4761475,-0.1481932,-0.2722648,-0.8229181,-0.0244733,0.01381345,-0.004584597,-0.4681052,-0.1561031,-0.2804916,-0.8233067
1,0,0,-0.09667266,0.02382719,0.08175771,-0.006978699,-0.04763857,0.04634663,0.9977644,-0.04010221,0.05635922,-0.006428074,-0.01226635,-0.06354554,0.06762437,0.9956096,-0.06389792,-0.01902943,-0.009204399,-0.01238602,-0.07150297,0.06234309,0.9954131,0.02634201,0.04296947,-0.05098056,-0.01698398,-0.07228775,0.05685318,0.9956173,-0.03261865,-0.007756153,0.07453629,-0.02042967,-0.07296118,0.04460654,0.9961273,-0.01918129,-0.0001291298,0.1363685,-0.0175808,-0.08079043,0.05746349,0.994918,-0.06761316,-0.04329832,0.14875,-0.009573642,-0.09766088,0.104698,0.989651,0.1105679,-0.05566814,0.05443052,-0.0001375116,-0.09415544,0.1202039,0.9882742,0.07330942,0.05714601,-0.127654,-0.004179866,-0.07891018,0.1222789,0.989345,-0.004002776,0.04010276,-0.1789607,-0.009963588,-0.0771556,0.1743959,0.9815976,0.3744451,-0.06009325,-0.07857528,-0.01188579,-0.03727098,0.1061652,0.9935787,0.1809785,0.01576509,-0.1313746,-0.006139183,0.01697184,0.007159768,0.9998115,0.04865156,-0.013684,-0.05778158,-0.01424891,0.02869276,0.02674565,0.9991288,0.09449781,-0.08030618,-0.03220377,-0.00434281,0.03849049,0.03950261,0.9984684,0.08049935,0.01089063,0.00506048,-0.001318871,0.05328725,0.03645631,0.9979126,0.0989012,0.02123222,0.01261361,-0.008567321,0.06939539,0.03321814,0.9969992,0.04678228,-0.01884305,-0.02669362,-0.005278389,0.07885269,0.03084671,0.9963949,0.09502353,-0.01104008,-0.1418837,-0.005763647,0.08683842,0.03496844,0.9955918,0.08411033,-0.02512251,-0.07372145,-0.00119988,0.09923411,0.01998015,0.9948628,0.03795223,-0.007565041,0.0675046,-0.0007831167,0.1077264,0.0115351,0.9941133,-0.03511744,-0.05527847,0.07700171,0.004378903,0.1097454,0.02058683,0.9937369,-0.04253146,0.100907,0.06768441,-0.009691017,0.1095153,0.02771012,0.9935516,-0.05882434,0.02043612,0.02188851,-0.007400515,0.102886,0.04381358,0.9937002,-0.04637714,-0.263047,0.03655843,0.01329639,0.09897652,0.03668219,0.9943245,-0.0543109,-0.05165534,0.02776539,0.0359478,0.08982974,0.03526111,0.9946834,-0.0330837,0.03505975,0.01250207,0.02654719,0.08486256,0.0294449,0.9956036,-0.03578161,-0.02304094,0.02573525,0.0333086,0.07945971,-0.002293163,0.9962788,-0.2397495,0.05376841,0.3136239,0.02696054,0.05668472,0.005421503,0.9980133,-0.278458,0.04173557,0.226962,0.01096043,-0.01180057,0.1687065,0.9855347,0.1390436,0.007463831,-0.07733863,0.003013039,-0.02216735,0.1980647,0.9799336
0,1,0,-0.01004789,-0.2133812,0.1133618,-0.2189812,-0.6903217,-0.6594906,-0.2014332,0.04734681,0.01832692,0.1655879,-0.2042924,-0.7156068,-0.6393827,-0.1932903,0.06432845,-0.06589301,0.201956,-0.1995458,-0.7451206,-0.6064854,-0.1927491,-0.01485321,-0.07128996,0.3091445,-0.2228204,-0.7633561,-0.5751791,-0.1918526,-0.03047089,0.07489095,0.1935094,-0.2492426,-0.7781609,-0.5436887,-0.1916933,0.04216238,0.1404939,0.165396,-0.2539424,-0.7924625,-0.5221769,-0.1866755,-0.008629841,0.1132131,0.05781542,-0.2542711,-0.8078492,-0.4984805,-0.1850488,-0.01012682,0.06940803,-0.02170292,-0.2616976,-0.8084633,-0.4942374,-0.1833871,-0.0001498496,0.03913569,-0.07664832,-0.2410448,-0.811745,-0.5009975,-0.1787984,-0.04394508,0.008966531,-0.05866779,-0.2338599,-0.8078685,-0.5119814,-0.1747369,0.02893056,-0.01338352,-0.02854994,-0.2359362,-0.8050153,-0.5159548,-0.1734216,-0.0397414,-0.001913835,-0.05620347,-0.2261361,-0.800984,-0.5280304,-0.1687336,-0.03667324,0.007323434,0.006833451,-0.2282272,-0.8003979,-0.5289345,-0.1658421,0.02199055,0.005402208,-0.02422769,-0.227937,-0.7990169,-0.5317467,-0.1638969,-0.0009963696,-0.04735954,-0.0203095,-0.2105382,-0.8022909,-0.5358532,-0.157684,-0.05036157,0.05758591,-0.0007932253,-0.224051,-0.7982583,-0.5364405,-0.1575324,0.04989235,-0.05264894,-0.0481843,-0.2113593,-0.8004259,-0.5399193,-0.1520946,-0.02685208,-0.005158116,-0.01155237,-0.2027971,-0.8031123,-0.5401857,-0.1486049,0.05440265,-0.0015476,0.01645862,-0.1917562,-0.8051226,-0.5417885,-0.1465349,-0.008250888,0.02276744,0.005937897,-0.1976053,-0.8067707,-0.536553,-0.1489426,-0.02832381,-0.0351073,0.04066413,-0.2008254,-0.8080189,-0.5344179,-0.1455068,-0.01025089,-0.06057424,0.1938455,-0.2099218,-0.8119997,-0.5257522,-0.1420347,-0.08928972,0.01450887,0.01725262,-0.244312,-0.8098674,-0.5118778,-0.1496912,-0.008943611,-0.001172516,-0.09046362,-0.2578946,-0.8011842,-0.5177512,-0.1533883,0.01454865,-0.116883,-0.07736163,-0.2461037,-0.7963081,-0.5287095,-0.1606007,-0.007451864,0.08777666,-0.15927,-0.2707824,-0.778466,-0.5402967,-0.1695497,-0.1402162,0.05299125,-0.116222,-0.2959414,-0.7561111,-0.5538338,-0.1843437,0.01499024,0.0329448,-0.2861404,-0.3365924,-0.7204127,-0.567726,-0.2130684,0.02991687,0.06422677,-0.3006721,-0.3314791,-0.6930013,-0.5971583,-0.2308089,0.01369806,0.02828275,-0.3219888,-0.2863541,-0.6704292,-0.6446087,-0.2302296
0,0,1,0.01876326,-0.0002799762,0.0711417,-0.6142134,-0.4589791,-0.4161867,-0.488742,0.08699442,0.04661861,-0.03400314,-0.6012435,-0.4730504,-0.4152592,-0.492229,0.04852616,0.004982195,-0.06299794,-0.5962699,-0.4813833,-0.4142891,-0.4910161,0.03064458,0.002474176,-0.1229557,-0.5963942,-0.4835519,-0.4202044,-0.4836525,0.05013714,-0.02751274,-0.08171847,-0.5965986,-0.482761,-0.4308099,-0.4747786,0.1023245,-0.09473065,0.0328163,-0.5809562,-0.4906785,-0.4449534,-0.4730128,0.08156157,0.1472366,0.1108357,-0.5673478,-0.4992609,-0.4424159,-0.4828281,-0.1310626,-0.03426066,0.1054768,-0.5740871,-0.4985552,-0.4420244,-0.4759005,0.004753398,-0.09651107,0.07693392,-0.5779122,-0.4940312,-0.4427585,-0.4753058,-0.07485835,0.1216401,0.03178492,-0.5929381,-0.4782751,-0.4440342,-0.4717106,-0.002900687,0.02539177,0.03315157,-0.6030648,-0.4725562,-0.4430952,-0.4654783,-0.02252171,-0.03921154,0.006477038,-0.6109781,-0.4695699,-0.4369693,-0.4639693,-0.003846329,0.05135341,-0.009589524,-0.620984,-0.4598808,-0.4295949,-0.4672651,-0.0135633,0.008848375,-0.02777014,-0.6279804,-0.4544334,-0.4206704,-0.4713463,0.005159605,0.004324606,-0.05441112,-0.6339546,-0.4473883,-0.4081065,-0.4810347,-0.06426882,-0.1115768,-0.04348069,-0.6430991,-0.440489,-0.3882784,-0.4915616,0.003594507,-0.03820639,0.009248185,-0.6516511,-0.4228295,-0.3740006,-0.5066454,-0.05596533,0.02057236,0.02803932,-0.6637897,-0.3972467,-0.358435,-0.5225921,-0.01759577,0.04481914,0.03175185,-0.667665,-0.385069,-0.3517095,-0.5312679,-0.01906772,0.05667334,0.0774648,-0.669391,-0.3800582,-0.345315,-0.5368695,0.07787409,-0.03281712,0.02459696,-0.6706538,-0.3765127,-0.3411663,-0.5404324,0.02494642,-0.02409555,0.07520082,-0.6652458,-0.3787175,-0.3388163,-0.5470142,0.06572447,0.06155411,-0.02067445,-0.6579253,-0.3923386,-0.3341267,-0.5491484,-0.009628622,-0.02784387,-0.01685422,-0.6554773,-0.4035306,-0.334408,-0.5437682,0.01854163,-0.003533398,-0.04629875,-0.6514603,-0.4135984,-0.34191,-0.5363145,0.05437799,-0.01644128,-0.04528629,-0.6485066,-0.4202502,-0.3524632,-0.5278244,0.03716692,-0.01868187,-0.0713688,-0.6470485,-0.4233979,-0.3650534,-0.5184579,0.06873191,-0.04858292,-0.05143978,-0.6407373,-0.4322535,-0.3779266,-0.5096903,0.06066957,-0.06244519,-0.0381499,-0.6303137,-0.4451044,-0.3822342,-0.508413,0.04602784,-0.006888153,-0.004717803,-0.6277071,-0.4501882,-0.3794377,-0.5092558
0,1,0,0.003459369,-0.01015616,0.05089862,-0.7054468,-0.1350687,-0.1766124,-0.6729853,-0.009559116,0.01273021,-0.006901432,-0.6985726,-0.1320882,-0.1826347,-0.6791124,0.008616001,0.03379592,-0.01620678,-0.6967785,-0.1277945,-0.1826711,-0.681762,0.1221617,-0.1468018,0.01078022,-0.698235,-0.1202762,-0.17359,-0.6840087,-0.312444,0.1753124,-0.08724196,-0.6911129,-0.1475903,-0.1775315,-0.6848814,-0.03417323,0.03937823,0.005696671,-0.6946856,-0.1383814,-0.1659291,-0.6860976,-0.1562617,0.1056322,0.02849686,-0.6817966,-0.1412713,-0.1716905,-0.6969349,0.0545122,0.006149654,-0.0755921,-0.6718924,-0.1613077,-0.1898725,-0.6974876,0.07014073,-0.192109,0.01681473,-0.663386,-0.1708863,-0.1933691,-0.7023711,-0.001742124,-0.1641431,-0.1509247,-0.6660281,-0.1726807,-0.1941967,-0.6991963,-0.320512,-0.4995475,-0.03115896,-0.6525797,-0.16031,-0.1949086,-0.7144586,-0.05097762,-0.3417715,0.01565634,-0.6318867,-0.1675941,-0.2105147,-0.7268528,0.08488798,0.006173868,-0.1130058,-0.6013756,-0.1752712,-0.2290131,-0.7451042,-0.09906622,0.1279311,-0.05997422,-0.5753306,-0.177014,-0.2431684,-0.7606114,0.09525068,0.3305208,0.08596943,-0.5478998,-0.1854541,-0.2621062,-0.7724719,0.02729607,0.4539928,0.2318666,-0.5376174,-0.189304,-0.2721901,-0.7752702,0.02124005,0.225528,0.4055614,-0.5385727,-0.201691,-0.2834639,-0.7674037,0.07838934,0.006599619,0.259948,-0.5187827,-0.1977965,-0.284279,-0.7816179,-0.08031497,0.008323334,0.1267954,-0.5155339,-0.1906951,-0.2802929,-0.7869537,-0.05816204,0.2545168,0.05731053,-0.5139673,-0.1950069,-0.2852851,-0.7851256,-0.02159221,0.1895394,0.04774758,-0.5244984,-0.1964474,-0.2839653,-0.7782502,-0.06145746,0.1302313,0.1946895,-0.5234882,-0.2054641,-0.3001901,-0.7704742,0.03781832,0.02500822,-0.1106637,-0.5195892,-0.2120542,-0.3167746,-0.7646658,0.03465005,0.001817852,-0.2064036,-0.5179642,-0.2308021,-0.344565,-0.7481433,0.02695488,0.09303154,-0.2502482,-0.522131,-0.2484325,-0.3623295,-0.7310115,-0.001563505,-0.1367484,-0.1895588,-0.5373316,-0.263832,-0.3667305,-0.712163,-0.1043715,-0.1189763,-0.1038034,-0.552851,-0.2820593,-0.3709028,-0.6908179,0.1153564,-0.1010506,-0.009805548,-0.5656198,-0.3085316,-0.3682899,-0.6702574,-0.05720219,-0.1250307,0.1395323,-0.5850657,-0.3063511,-0.3526016,-0.6629624,0.07288592,-0.2321212,0.0604697,-0.5844628,-0.3057868,-0.345852,-0.6672961
0,0,1,0.08885676,0.001561798,0.02307545,0.01359692,-0.7615786,-0.6477822,-0.0138371,0.04590552,0.03942296,0.04812068,0.03179687,-0.7567423,-0.6527241,-0.01676515,0.01810764,0.008947373,-0.002182713,0.05184925,-0.7543778,-0.6542951,-0.01112413,-0.02401803,0.02923334,0.005455937,0.07258865,-0.7516302,-0.6555457,0.006533951,0.01554936,0.02595999,-0.04547894,0.09778616,-0.752105,-0.6507113,0.03675136,0.0559091,-0.04289704,-0.03012393,0.1269737,-0.7525935,-0.6426625,0.06682587,0.01859516,-0.01119185,-0.0378536,0.1623588,-0.7460225,-0.6382283,0.098766,0.05506838,0.01418445,0.08895551,0.2176919,-0.7366626,-0.6258209,0.1352278,-0.05530037,-0.02205053,0.08511886,0.2552831,-0.7326312,-0.6094896,0.1631085,-0.03014438,0.1095918,0.1063085,0.2850047,-0.7242793,-0.5961842,0.196866,-0.05495057,-0.02126282,0.05560318,0.3105062,-0.7197687,-0.57755,0.2279362,-0.05740139,-0.0001746569,0.05869965,0.3380777,-0.7104258,-0.5594435,0.2608093,-0.08377078,0.007204208,0.037706,0.3720488,-0.6963983,-0.5364001,0.2981341,-0.06720061,-0.007295913,0.03005876,0.4186014,-0.6696773,-0.507813,0.3441383,-0.03054062,0.04962512,0.01816193,0.4573748,-0.6410902,-0.4829929,0.3827917,-0.05279113,-0.02390621,0.005649193,0.4961398,-0.6129749,-0.4579158,0.4103904,-0.03449198,-0.03775837,0.004212625,0.5263601,-0.5847482,-0.440102,0.4328103,-0.06534361,0.07066184,-0.01151987,-0.5482001,0.5616434,0.4309705,-0.4453063,-0.04901274,-0.09850007,-0.09865863,-0.5670568,0.5417899,0.4269347,-0.4501524,-0.09172786,0.08309817,-0.01772109,-0.5713979,0.5282253,0.428683,-0.4590351,-0.07671341,-0.04428758,0.01693294,-0.5757816,0.5198132,0.4293461,-0.4625276,0.06040615,0.06428453,0.06065118,-0.5758188,0.5019623,0.4295348,-0.4816289,0.1321371,-0.06519098,0.07418343,-0.5863959,0.4835482,0.4235926,-0.492839,0.04320741,0.1000848,0.04648001,-0.6051124,0.4505587,0.4169126,-0.5069711,0.0836986,-0.0003457156,0.02872642,-0.6282141,0.4213396,0.4006845,-0.5169836,0.01403269,0.001555963,0.01974484,-0.6504201,0.3890813,0.3788452,-0.5310798,0.05762002,0.03998447,-0.01710364,-0.6702516,0.3547028,0.3553523,-0.5465102,-0.001243975,-0.01196633,-0.02406207,-0.6886309,0.3228283,0.3302253,-0.5590354,-0.01777466,0.01653445,-0.03713895,-0.704986,0.295422,0.3010121,-0.5701862,0.02886114,-0.0171048,-0.04507311,-0.7234626,0.2637864,0.2648507,-0.5804074
1,0,0,0.1114355,0.09767122,-0.2129499,-0.01918714,0.03145048,0.1251066,0.9914591,0.1738365,-0.2510626,-0.06623328,-0.004618702,0.0596066,0.06954857,0.9957855,0.1100295,-0.07620627,-0.0639853,0.03099056,0.0845946,0.02829382,0.9955314,0.0101677,0.08238187,-0.1183043,0.01971641,0.08716404,0.05422433,0.9945217,0.2026458,0.0339714,-0.2348391,0.01379332,0.1022868,0.03624009,0.9939989,0.08338056,-0.01960132,-0.09098739,0.01516874,0.1135794,0.0112077,0.9933499,-0.03971358,0.01737716,0.09145273,0.01821694,0.1145013,0.004425299,0.9932462,-0.09182608,-0.04701793,0.1417891,0.01964086,0.1099056,0.0007459546,0.9937477,-0.1522516,0.01189732,0.1713571,0.0252817,0.09433867,0.007940256,0.9951874,-0.177665,0.09861974,0.3101301,0.01707211,0.07629345,0.001150685,0.9969386,-0.3859437,0.009568588,0.3908634,0.004342045,0.02950181,0.0830345,0.9961004,-0.1097366,0.01370588,0.03792534,0.01639216,-0.02524888,0.2168961,0.9757304,0.08641745,-0.05802211,-0.1502232,0.02069327,-0.01189197,0.1861348,0.9822343,0.1777666,-0.02561217,-0.2181788,0.01279478,0.0156135,0.1370992,0.9903516,0.1819231,-0.0511436,-0.2287639,0.01728042,0.04037152,0.1124044,0.9926917,0.1514652,-0.02525963,-0.1390923,0.02885892,0.07278229,0.06094174,0.9950658,0.2069014,0.02907449,-0.223517,0.02742751,0.09381804,0.03341916,0.9946502,0.1100925,0.01692486,-0.1773235,0.02258684,0.1123951,0.002280998,0.9934043,-0.0004393652,-0.03531406,0.006447718,0.02590081,0.1150614,-0.002825968,0.9930166,-0.04596002,0.03869271,0.1000754,0.0262518,0.1133552,-0.01548942,0.9930869,-0.1358761,0.0290582,0.1401547,0.02066616,0.1026921,-0.01873451,0.994322,-0.1632657,-0.001103904,0.1531351,0.0172406,0.08364876,-0.01526421,0.9962292,-0.248301,0.01595355,0.3531991,0.01643877,0.05915158,0.006070963,0.9980952,-0.3133896,0.02376327,0.342082,0.01422248,0.004418232,0.1248648,0.992062,-0.07905926,0.01465892,0.04448178,0.01569405,-0.02815307,0.2120131,0.9767352,0.09156289,-0.01119146,-0.1467841,0.01496901,-0.01701258,0.1707017,0.9850622,0.08130164,0.03356302,-0.2259917,0.01158963,-0.0009626409,0.118351,0.9929037,0.07815202,-0.04746177,-0.1999793,0.008321023,0.0136019,0.08295662,0.9964256,0.1179604,-0.07117984,-0.1353861,0.01955481,0.03187863,0.03108019,0.998817,-0.01441833,0.1051826,-0.1249427,0.01362621,0.02995765,0.05050731,0.9981813
1,0,0,-0.1055742,-0.03743961,-0.264334,-0.5483094,-0.8304626,-0.04996178,-0.08480827,-0.02828699,-0.0676456,-0.07381228,-0.5433586,-0.8368917,-0.01756606,-0.06375806,0.06452562,-0.0239559,0.1460909,-0.5393569,-0.8386847,0.006859548,-0.07519974,0.02507515,0.02724757,0.303993,-0.5378067,-0.8384227,-0.007037602,-0.08810147,0.06145104,0.05080585,0.4232987,-0.5412009,-0.836285,-0.009696327,-0.08737836,0.06059478,0.01043994,0.3351386,-0.5399488,-0.8372793,-0.01235821,-0.08524065,0.02156897,0.01932035,0.1349048,-0.5393276,-0.8365412,-0.02207913,-0.09400608,-0.03206257,0.03505324,-0.1045948,-0.5439154,-0.8319012,-0.04135296,-0.1019133,-0.0493473,-0.04579452,-0.3291197,-0.5468735,-0.8288479,-0.0468616,-0.1083711,-0.04833568,0.08188494,-0.4571398,-0.5477124,-0.8271681,-0.05227571,-0.1143295,-0.0569528,0.02806791,-0.4103108,-0.5450588,-0.8321319,-0.04131176,-0.09359885,0.02155909,-0.1208569,-0.08293917,-0.540226,-0.8388641,0.002540819,-0.06675676,0.00922899,-0.1746729,0.2616433,-0.5352656,-0.8424268,0.02687729,-0.05554692,-0.03449616,0.09123231,0.1825823,-0.5355557,-0.8411496,-0.003523964,-0.07506657,0.09890203,0.1308739,0.5081283,-0.539517,-0.8368998,-0.01869022,-0.09039229,0.04433481,0.03003634,0.2568263,-0.5412241,-0.8370317,-0.02088993,-0.07757595,0.02239837,0.04286351,0.01588804,-0.5425975,-0.8348937,-0.02760555,-0.08819485,-0.01961602,0.02165961,-0.03556076,-0.5438227,-0.8319916,-0.03779816,-0.1030441,-0.09550779,-0.08618485,-0.2572589,-0.5457188,-0.8303224,-0.03738379,-0.1065743,-0.064726,0.1001272,-0.5870783,-0.549294,-0.8275087,-0.05166598,-0.1040961,0.02267035,-0.0229361,-0.2342458,-0.5489736,-0.8294128,-0.03651696,-0.0967932,0.01394341,-0.1261777,-0.1256717,-0.539653,-0.8395922,0.01201003,-0.06095399,-0.03551889,-0.09183992,0.1693375,-0.5353686,-0.8426515,0.01421993,-0.05582567,-0.04512342,0.09455631,0.3433857,-0.5338264,-0.8410529,-0.02845782,-0.08276157,0.08252199,0.1284099,0.4076625,-0.5349478,-0.8380896,-0.04997927,-0.09454373,0.09417267,0.05651993,0.3790343,-0.5388421,-0.8366498,-0.03337926,-0.09247754,0.02895123,-0.04573685,0.177534,-0.5393972,-0.837221,-0.01224427,-0.08922899,-0.05829917,-0.06453175,-0.146071,-0.5405497,-0.8357026,-0.01575929,-0.09570154,-0.043655,-0.02533724,-0.2271395,-0.5401627,-0.8316122,-0.03781206,-0.1233514,-0.05026833,0.1862191,-0.5025466,-0.5405418,-0.8276836,-0.06479575,-0.1362199
1,0,0,0.04236921,-0.08756303,-0.07635634,0.133726,0.036,-0.83474,0.5329452,-0.01025834,-0.03299801,-0.0700749,0.13111,0.036731,-0.835951,0.5316455,-0.01068663,-0.03595519,-0.0459688,0.128982,0.036738,-0.83557,0.5327634,0.01368459,-0.005394299,-0.02626789,0.125094,0.038541,-0.836596,0.5319523,-0.01181851,-0.04813061,-0.03180495,0.120777,0.036284,-0.837045,0.5324022,0.004150245,0.007749843,-0.05343313,0.118073,0.035737,-0.83772,0.5319839,0.06472138,-0.04480633,-0.03050991,0.115775,0.036803,-0.838709,0.5308568,0.02710406,-0.02573763,0.0008055757,0.11126,0.034873,-0.840166,0.5296472,-0.07583629,0.1345821,0.05828697,0.103471,0.02548,-0.839211,0.533263,-0.04352149,0.02390215,0.02890895,0.102872,0.021499,-0.83863,0.5344669,-0.09005114,0.2021689,0.05414693,0.10284,0.018717,-0.842439,0.5285548,-0.1187561,-0.05267854,0.2656054,0.119136,-0.001186,-0.839464,0.5301937,-0.2523594,-0.3074342,0.1870465,0.130549,-0.020788,-0.836691,0.5314819,-0.05809323,-0.1125869,0.3062513,0.13082,-0.035451,-0.838867,0.5271921,-0.01320533,-0.1942661,0.04539777,0.118066,-0.018884,-0.842874,0.5246592,0.03588381,-0.1221416,0.09368132,0.111957,-0.011162,-0.851028,0.5129253,-0.01950717,0.005904157,0.1057344,0.11234,-0.003523,-0.846429,0.5205048,-0.01459214,-0.01011558,0.003762753,0.102303,0.012344,-0.849557,0.5173342,-0.1111491,0.006872887,0.04824277,0.079554,0.03235,-0.855546,0.5105543,0.05737943,-0.08127138,-0.03853507,0.052586,0.05918,-0.865021,0.4954504,-0.00459892,0.02483009,0.07875268,0.030975,0.078496,-0.872505,0.4812629,-0.04182876,-0.04424549,0.1527433,0.011864,0.092113,-0.876444,0.4724621,-0.04226724,0.01227738,0,-0.004567,0.111697,-0.879583,0.4624248,-0.05284169,-0.1440961,-0.1374883,-0.008247,0.110358,-0.881341,0.4593377,-0.08716534,-0.06531283,0.02020058,0.002462,0.096919,-0.87524,0.473873,0.08592129,-0.09299812,0.1497963,0.004802,0.089879,-0.871357,0.4823232,0.001570363,0.06584308,0.04234881,-0.011887,0.100905,-0.870666,0.4812666,-0.09597568,-0.002712445,-0.01031953,-0.033411,0.116392,-0.872313,0.4737158,0.06385463,-0.1493272,0.06461941,-0.045259,0.118903,-0.874513,0.4680179,0.01872199,-0.08172005,0.09099947,-0.032949,0.113626,-0.874478,0.4704166
0,0,1,-0.001325685,0.00117485,0.004011857,0.220774,0.07950797,0.3057033,0.9227583,0.004537352,-0.0008480001,-0.006250986,0.2204097,0.07983756,0.3054857,0.9228889,0.004203678,0.002649222,-0.001601864,0.2209211,0.07974106,0.3057267,0.9226952,0.00591829,-0.00358951,-0.007925591,0.2208419,0.07961348,0.3053745,0.9228418,0.006034097,-0.005517884,-0.00007799266,0.2211633,0.0796705,0.3044178,0.923076,-0.005743274,0.002093257,0.003692301,0.2210481,0.07948963,0.3052361,0.9228489,0.006402801,-0.002325874,0.002893897,0.2210326,0.07955962,0.3049065,0.9229555,0.002595204,-0.002730667,-0.001620828,0.2203633,0.07943448,0.3045527,0.9232431,0.0009980624,-0.00000807156,0.0008436239,0.2205379,0.07912791,0.3038904,0.9234459,0.0007642516,-0.003467659,-0.002833993,0.2204351,0.0792274,0.3039166,0.9234533,-0.003742554,-0.001836134,0.02739351,0.2209925,0.07947993,0.302922,0.9236252,0.00401633,-0.005429632,-0.008047638,0.2196862,0.07955151,0.302826,0.9239621,0.007566852,-0.002965666,0.008421944,0.2198805,0.07942658,0.3023782,0.9240733,-0.01102143,0.004355093,-0.005162395,0.2195786,0.07925699,0.3035323,0.9237812,-0.006250179,0.001503693,0.003714279,0.2196027,0.07921374,0.3041086,0.9235896,-0.005293072,0.0007163266,0.002699888,0.2192315,0.07895031,0.3040661,0.9237144,0.007594069,-0.004134924,0.01089884,0.2197208,0.07943292,0.3031621,0.9238538,-0.00585613,0.00207478,0.004564808,0.2193955,0.07953641,0.3039191,0.9236735,-0.004537566,0.004306323,0.006071078,0.2189859,0.07929306,0.3042216,0.923692,-0.001645598,-0.005728377,0.005495371,0.2173921,0.07845398,0.303602,0.9243438,0.01826697,-0.01279731,0.007612454,0.2169845,0.07929277,0.301167,0.9251642,0.002211433,0.00163488,0.007582404,0.2168248,0.07934704,0.3011723,0.9251952,-0.006074544,0.003686612,-0.001341143,0.2154103,0.07864857,0.3018963,0.9253494,0.002755022,0.002599577,-0.008575207,0.2131657,0.07935814,0.3016405,0.9258919,0.0049788,-0.004787894,-0.00451492,0.2124389,0.08040179,0.3001705,0.9264464,0.00820429,-0.001844206,-0.005382855,0.2124867,0.08089046,0.2995602,0.9265904,-0.0009926454,0.0006918202,-0.002830784,0.2119054,0.08085139,0.299826,0.926641,-0.004309753,-0.0007278019,0.002010499,0.2116506,0.08120479,0.2996863,0.9267135,0.00678487,-0.006480782,0.01211755,0.2110365,0.08147226,0.2992478,0.9269718,0.003093286,0.0003805303,-0.001759114,0.2092192,0.08510764,0.2987903,0.9272046
1,0,0,-0.08315726,-0.05021274,-0.2852538,-0.5665122,-0.8136722,-0.04333533,-0.1229773,-0.08979719,0.1395781,-0.520671,-0.5666127,-0.8136789,-0.06027275,-0.1150821,-0.001665549,0.01884049,-0.1694247,-0.5666972,-0.8169554,-0.0404258,-0.09901419,0.05168854,-0.1329713,-0.111011,-0.5619741,-0.8237357,0.01149804,-0.0742455,-0.02121504,-0.08728435,0.1409517,-0.5577796,-0.8264838,0.02121776,-0.07318588,0.009430889,0.04444736,0.2281553,-0.5596426,-0.8234326,-0.0180118,-0.09183846,0.1744647,0.16023,0.5308594,-0.5613043,-0.817172,-0.03776249,-0.1254645,0.05942735,0.1021877,0.3135497,-0.5667445,-0.812288,-0.03489573,-0.1333085,-0.05829637,0.006729275,0.04258555,-0.5722357,-0.8116982,-0.01965099,-0.1153524,-0.0799455,-0.09620643,-0.1542615,-0.5737185,-0.812416,-0.01147339,-0.1034201,-0.008532259,-0.08236559,-0.4239788,-0.572681,-0.8114703,-0.01921655,-0.1148173,0.03178377,0.1217917,-0.44387,-0.5700788,-0.8104932,-0.04182602,-0.1279123,-0.04317341,0.06679443,-0.2769087,-0.5665928,-0.8157796,-0.03560671,-0.1104918,-0.05312623,-0.10194,0.04893855,-0.5677072,-0.8201198,0.003489301,-0.07141306,0.01288267,-0.08740141,0.06227627,-0.5633096,-0.8233024,0.02036962,-0.06663669,0.06688563,-0.007025382,0.3482686,-0.5598139,-0.8228377,-0.005177375,-0.097569,0.09809256,0.1137137,0.4971325,-0.5633544,-0.8182963,-0.02905548,-0.1103572,0.03482804,0.1322961,0.2194458,-0.5673694,-0.8139899,-0.03680235,-0.1189865,-0.005031767,0.01465305,0.04785044,-0.5696815,-0.8148283,-0.01914807,-0.1055994,-0.05194871,-0.08691111,-0.1427878,-0.5697551,-0.8153036,-0.01740588,-0.1017658,-0.06014731,-0.04700083,-0.3739435,-0.5694026,-0.8133224,-0.03847373,-0.1131681,-0.008756901,0.2119692,-0.4654846,-0.570022,-0.8073796,-0.06159766,-0.139351,0.001090013,0.01498995,-0.2033738,-0.5669068,-0.8139525,-0.03579007,-0.1217259,-0.02976509,-0.1567907,0.07669286,-0.565407,-0.8212315,0.004037101,-0.07666391,-0.07003165,-0.09954783,0.1568355,-0.5647113,-0.8228611,0.01343149,-0.06180831,0.03944536,0.01900771,0.2680423,-0.561281,-0.8234445,-0.008578472,-0.08263869,0.2063206,0.1525277,0.4966385,-0.5632846,-0.8190965,-0.02030773,-0.1066726,-0.001354393,0.05797142,0.2456026,-0.5639657,-0.8181714,-0.02284487,-0.1096198,-0.06387734,0.008098546,0.04598971,-0.5658625,-0.8166209,-0.0261572,-0.1106592,0.01216142,-0.04403031,-0.1670738,-0.5662443,-0.8150781,-0.02148439,-0.1206378
0,1,0,-0.02156147,0.004392387,-0.005202996,-0.1579818,-0.8145922,-0.5238236,-0.192588,-0.008032382,0.0006496147,-0.001431243,-0.1589153,-0.8143915,-0.523994,-0.1922049,-0.003060325,0.002442376,0.00216522,-0.159037,-0.8143733,-0.524581,-0.1905737,0.00001040551,-0.0006771358,0.01120904,-0.1567191,-0.8150694,-0.524384,-0.190059,0.00225746,0.003885338,0.002717271,-0.1638257,-0.814886,-0.5209883,-0.1941473,-0.003108706,-0.01225311,-0.008723631,-0.163326,-0.8143064,-0.5218715,-0.1946273,-0.02484981,-0.02419329,-0.00392448,-0.1691562,-0.8113846,-0.5238665,-0.1964817,-0.007989471,-0.1098213,0.005505947,-0.1760621,-0.8086377,-0.5252659,-0.197997,0.01937853,-0.111335,0.07245475,-0.1835786,-0.8081119,-0.5225028,-0.2006111,0.08433016,-0.005824457,-0.05073073,-0.1937874,-0.8034096,-0.5232794,-0.207745,-0.01485533,0.03444855,-0.1040052,-0.1868898,-0.7990748,-0.5287122,-0.2168298,0.0592025,0.03644552,-0.134568,-0.180721,-0.7903347,-0.5406888,-0.224425,-0.02285581,-0.03182752,-0.09420751,-0.1848013,-0.7791964,-0.5507686,-0.2352774,-0.00742135,0.0379412,-0.1179565,-0.1901748,-0.7659409,-0.562901,-0.2455821,0.01952166,0.01054758,-0.1383906,-0.1912623,-0.7561002,-0.5698124,-0.2589307,-0.03784567,0.0881888,-0.1351797,-0.2006957,-0.743484,-0.5772295,-0.2715859,0.05841181,0.02690971,-0.3520257,-0.1204558,-0.7274466,-0.6244349,-0.2576682,-0.1484597,-0.0918669,-0.2665275,-0.09308639,-0.6918603,-0.6732993,-0.2435824,0.03463932,-0.01141387,-0.1941449,-0.07505026,-0.6617006,-0.7102094,-0.2283031,-0.05169249,-0.05579909,-0.1295863,-0.06770179,-0.6435499,-0.7312268,-0.2157947,0.08779298,-0.3897226,-0.2037188,-0.08862156,-0.626547,-0.7443261,-0.2134565,0.033241,0.7639662,0.01458786,-0.06240198,-0.6071676,-0.7625829,-0.2142913,-0.2530206,1.210785,0.3767318,-0.05724558,-0.6090657,-0.757362,-0.2283957,0.1466646,0.2150389,0.5285887,-0.04650345,-0.6407052,-0.7256312,-0.2465637,0.3385243,-0.4582146,0.1223456,0.0126164,-0.642791,-0.7345166,-0.2171309,-0.1028934,-0.3260894,0.04933704,-0.01721358,-0.6609459,-0.7172855,-0.2198994,0.02801714,-0.2311987,0.2256927,-0.06195536,-0.6966572,-0.678288,-0.2252901,0.02012955,-0.05769541,0.3208114,-0.08095202,-0.7334979,-0.6382503,-0.2192358,-0.131336,-0.2621451,0.4387725,-0.1027236,-0.7695091,-0.5941257,-0.2105189,0.006349206,-0.03744679,0.4234683,-0.138232,-0.7981613,-0.5488927,-0.2062699
1,0,0,-0.0310134,-0.09141241,0.2160213,-0.8045689,-0.5925505,0.00574084,-0.03898523,-0.003299001,-0.0004438993,0.1060605,-0.8033472,-0.5927762,-0.01384909,-0.05529833,0.02429841,0.1140143,-0.003226485,-0.8028569,-0.5875376,-0.03286837,-0.09560344,-0.04513133,0.07749841,-0.2203866,-0.8044268,-0.5833445,-0.03838996,-0.1055122,-0.03926451,0.04811582,-0.472025,-0.8096864,-0.580657,-0.0278439,-0.08043625,-0.007772572,-0.1378557,-0.311598,-0.8087413,-0.5870789,0.01069947,-0.03407586,0.008862786,-0.2233323,-0.2371263,0.8037908,0.5935735,-0.03905673,-0.008087067,0.056821,-0.1031446,0.1434549,0.8010841,0.5976231,-0.02953021,0.01545449,-0.06363132,0.07635356,0.2294615,-0.8009312,-0.5950272,-0.01670164,-0.06459755,-0.01155365,0.1872569,0.1661822,-0.8020984,-0.5892853,-0.03367706,-0.09081216,0.08613738,0.1575416,0.2339293,-0.8104374,-0.5803655,0.0004652105,-0.07979175,0.01030953,-0.04100953,0.1962477,-0.8063948,-0.589536,0.0138353,-0.04453496,-0.05464769,0.0221317,0.1380982,-0.8030557,-0.592359,-0.01469786,-0.06321628,0.03686259,0.1323658,-0.07415294,-0.8019823,-0.5870104,-0.03509542,-0.1049349,0.005620602,0.1071853,-0.2477724,-0.8060907,-0.5802293,-0.03310741,-0.1116048,-0.06219687,0.01834409,-0.3903751,-0.8111427,-0.5784785,-0.01748412,-0.08428885,-0.04579064,-0.1472031,-0.3334045,0.8113481,0.5834073,-0.02693974,0.02498661,-0.001248065,-0.2201583,-0.2013032,0.8055916,0.5901849,-0.05106921,-0.009793829,0.03628976,-0.09694044,0.08034431,0.8025784,0.5954576,-0.03100646,0.01834876,-0.03284011,0.1033196,0.2563298,-0.7983403,-0.5960704,-0.02211776,-0.08284623,0.2640916,-0.007788788,2.222434,-0.7936565,-0.5851797,-0.04728715,-0.1594926,-0.0246348,0.05209418,-0.03773639,-0.7874717,-0.6098847,0.002036374,-0.08902104,0.07725985,0.1310833,0.4293897,-0.7963371,-0.5986775,-0.0005119145,-0.0862106,0.02025658,-0.02010447,0.1769334,-0.7935749,-0.602439,0.002977427,-0.08542325,-0.04538441,0.02724853,-0.02137271,-0.7947637,-0.5972654,-0.01050643,-0.107304,-0.07300276,0.04704801,-0.2192548,-0.7950597,-0.593867,-0.03277657,-0.1188597,-0.01009722,0.0673208,-0.3462671,-0.7984173,-0.5883107,-0.02709266,-0.1252452,0.04284913,0.06859027,-0.3662495,-0.8025813,-0.5869498,-0.002338164,-0.1065256,-0.06222192,-0.1445599,-0.1395161,-0.8038713,-0.5925238,0.03393182,-0.03943447,-0.09571829,-0.1606403,0.05958251,0.8010647,0.5972444,-0.03634062,0.01654865
0,1,0,0.055864,-0.5020255,0.2559975,-0.6276726,-0.2442297,-0.2326549,-0.7016058,0.05732674,-0.4028438,0.1383705,-0.6106821,-0.2188811,-0.2164675,-0.729589,-0.1251514,-0.1494819,0.1019489,-0.5800915,-0.1931142,-0.2048638,-0.7643504,0.01559588,0.04088333,0.007498091,-0.5434366,-0.1794196,-0.2024452,-0.7946705,0.09331287,0.2030888,-0.04427693,-0.5307552,-0.1684051,-0.2068436,-0.8044591,0.01706773,0.2509333,-0.04157481,-0.5380112,-0.1657242,-0.2064497,-0.8002862,0.04917079,0.2738593,-0.06900875,-0.5596242,-0.1745416,-0.2075595,-0.7831187,-0.1062825,0.2328003,0.03854177,-0.5910079,-0.1955892,-0.2060364,-0.7549857,0.06641407,0.3750663,0.1779799,-0.6083671,-0.2214511,-0.2141829,-0.7314196,0.05914101,0.3057705,0.1521547,-0.6059443,-0.2286025,-0.2230898,-0.7285625,0.03690881,0.1015164,-0.02137927,-0.5918292,-0.229662,-0.2368143,-0.7354676,0.1070467,0.09510612,-0.1270068,-0.5791239,-0.2297028,-0.2524154,-0.7403638,-0.05751178,0.04649374,-0.1254587,-0.5675792,-0.2340263,-0.2678999,-0.742506,-0.06688213,0.0433082,-0.3017007,-0.5553892,-0.2428763,-0.2841609,-0.7428368,0.0331772,0.04026386,-0.2556766,-0.5466095,-0.2455754,-0.2939913,-0.744634,-0.01994721,0.1320923,-0.03345193,-0.559935,-0.2543182,-0.2921398,-0.732427,0.0578745,-0.02612871,-0.05643663,-0.5773366,-0.2612628,-0.2886352,-0.7177143,-0.1031886,-0.2434487,0.05617069,-0.5988998,-0.2593384,-0.2735232,-0.7065745,0.1621475,-0.3086448,0.1302578,-0.6129435,-0.2572359,-0.2593917,-0.7006039,-0.03624227,-0.4449809,0.1861968,-0.620331,-0.2476151,-0.2405736,-0.704273,-0.02302388,-0.3350244,0.1872118,-0.611523,-0.2251944,-0.221349,-0.7254872,0.0444257,-0.2268945,0.0321633,-0.5877367,-0.1999831,-0.2091865,-0.7555219,-0.03318954,-0.03448239,0.01711628,-0.5490498,-0.1650315,-0.2040491,-0.7935193,0.0332047,0.1624993,0.02687071,-0.5267134,-0.152828,-0.2109808,-0.8091376,0.1276911,0.2534209,-0.08475318,-0.5205214,-0.1504452,-0.2221028,-0.8106134,-0.03979248,0.2149833,-0.09235623,-0.5347158,-0.15518,-0.226646,-0.7991431,-0.04394313,0.1619916,0.01295935,-0.5616848,-0.1627821,-0.222129,-0.7801736,0.0752243,0.1122567,0.04906366,-0.5931811,-0.1771138,-0.2175331,-0.7546166,0.03332577,0.2298689,0.2504574,-0.6185725,-0.2041706,-0.2202709,-0.72606,-0.02295001,0.3102336,0.1516228,-0.6141177,-0.2094137,-0.2262268,-0.7265168
0,1,0,0.003128128,0.2690499,0.08614489,-0.582781,-0.2060274,-0.2275023,-0.7524371,-0.02502003,0.161361,0.1343241,-0.6128218,-0.2250276,-0.2196161,-0.7249695,-0.118421,0.272846,0.1286408,-0.6157518,-0.2296503,-0.2244477,-0.7195371,0.002002762,0.1795709,-0.02192107,-0.6050169,-0.2364271,-0.2351333,-0.7230278,-0.04594656,0.126862,-0.08338939,-0.5862506,-0.2350502,-0.2541622,-0.7324365,-0.02569114,-0.005790615,-0.183899,-0.5727704,-0.2346434,-0.2705669,-0.7373397,-0.008774631,-0.06885712,-0.1813077,-0.5636498,-0.2464571,-0.2917313,-0.7324279,0.2602415,-0.03535314,-0.1295934,-0.5589154,-0.2517089,-0.3018305,-0.7301742,0.04871476,-0.2058285,-0.1170352,-0.5637042,-0.2546198,-0.2998967,-0.7262701,0.03467094,-0.1587476,-0.07553799,-0.5752401,-0.2556762,-0.2971952,-0.717916,0.06334838,-0.1704272,0.04938187,-0.600764,-0.2596255,-0.2838791,-0.700778,0.03851919,-0.3241027,0.1305987,-0.6165912,-0.2522449,-0.2700372,-0.6951746,-0.02158644,-0.4473921,0.1848501,-0.6208346,-0.2302592,-0.2501476,-0.7063789,0.01945789,-0.3124754,0.1574672,-0.6027668,-0.2017455,-0.2311421,-0.7365761,-0.06490615,-0.2186864,0.00333161,-0.5743132,-0.1745598,-0.2192197,-0.7691787,-0.06491731,-0.08845866,-0.0467089,-0.5495732,-0.1603742,-0.2194366,-0.7899981,0.06275003,0.2274861,0.06663613,-0.5222931,-0.151958,-0.2276447,-0.8076488,-0.03254522,0.2302606,0.04126882,-0.5160792,-0.1575876,-0.237234,-0.8078047,-0.04251108,0.2235778,-0.03514569,-0.5289408,-0.1685424,-0.2391606,-0.7966286,-0.05876833,0.5253323,-0.05877465,-0.5541607,-0.1871268,-0.2393694,-0.7749785,-0.04151317,0.6486712,-0.04062968,-0.5790908,-0.2171678,-0.2394249,-0.7484435,-0.0004041007,0.4370608,0.0407322,-0.5902038,-0.2329988,-0.2411676,-0.7343087,0.0685868,0.1229191,0.08553457,-0.5823736,-0.2257686,-0.248518,-0.7403435,-0.001244601,0.181729,0.1151046,-0.5685705,-0.2193282,-0.2572188,-0.7499741,0.08543617,0.06928773,-0.08913361,-0.5613837,-0.2274389,-0.2678926,-0.7492352,-0.04681253,-0.09416419,-0.262729,-0.5517861,-0.232807,-0.2826613,-0.74929,0.01533147,-0.1817244,-0.1007529,-0.5608394,-0.237959,-0.2861711,-0.7395544,0.2331067,-0.320278,-0.1771222,-0.5711669,-0.2645258,-0.2988405,-0.7172788,0.01783962,-0.2323495,-0.02324613,-0.5878348,-0.2774059,-0.2990274,-0.6986264,-0.1451954,-0.1595621,0.07722338,-0.6102692,-0.276095,-0.2805905,-0.6874678
0,0,1,-0.0003634603,0.001814253,-0.0002508019,-0.5061578,-0.1490377,-0.2013294,-0.8252627,-0.01101374,0.004905078,0.006926079,-0.5051887,-0.150508,-0.2040949,-0.8249103,-0.00355723,0.0008656991,0.001884612,-0.504074,-0.1526474,-0.2062063,-0.824674,-0.009366945,-0.003889909,0.008567037,-0.5034845,-0.1550351,-0.2092013,-0.8238339,-0.01095868,-0.001762226,-0.001383203,-0.5028034,-0.1550634,-0.2110544,-0.8237718,-0.01430158,0.002875031,-0.009451797,-0.5018263,-0.1550551,-0.2143421,-0.8235203,-0.009400018,0.005193417,-0.004223225,-0.5006694,-0.1547756,-0.2175036,-0.8234481,-0.02031202,0.00797616,0.005758329,-0.499749,-0.1535306,-0.2207355,-0.8233802,-0.009828805,0.0006195652,0.007416014,-0.4977483,-0.1541631,-0.2286155,-0.8223231,-0.005804278,-0.004276857,-0.0007908184,-0.4966039,-0.1522128,-0.2312306,-0.8226471,-0.004277337,0.008886399,-0.001443837,-0.4957772,-0.1504839,-0.233245,-0.8228951,-0.001052754,-0.009722438,0.00569998,-0.4955953,-0.1490144,-0.2339132,-0.8230824,0.001734291,0.002359132,-0.004971789,-0.4949946,-0.1479347,-0.2354546,-0.8231991,0.00001493968,-0.003070499,-0.005005583,-0.4946867,-0.1468684,-0.2362917,-0.8233352,-0.0004692764,-0.00963083,0.009532805,-0.4941067,-0.1467087,-0.2379796,-0.823226,0.001268074,0.0006668275,0.01089763,-0.4936869,-0.1456777,-0.2382976,-0.8235688,0.009137729,-0.003815806,0.001892246,-0.4930584,-0.1465234,-0.2417901,-0.8227769,0.005609083,0.00121443,0.01237414,-0.4933012,-0.1479285,-0.2449654,-0.8214396,0.003641655,-0.001671105,0.01162402,-0.4932652,-0.1495282,-0.2488998,-0.8199875,0.00561155,-0.0009704349,-0.01099648,-0.4936749,-0.1513862,-0.2536142,-0.817953,0.001015073,-0.002672853,0.004491142,-0.4949282,-0.1520291,-0.2560111,-0.8163281,0.005176297,0.004048033,0.001325389,-0.4960435,-0.1527393,-0.2607618,-0.8140116,0.004617352,-0.005170856,-0.00467708,-0.4966658,-0.1547467,-0.2684543,-0.8107458,0.006796407,0.001925116,-0.005368949,-0.497124,-0.1557594,-0.2728603,-0.8087978,0.00771806,0.01636835,-0.009441683,-0.4964103,-0.1589135,-0.2810275,-0.8058206,-0.0005484254,0.01308176,0.003676644,-0.4963723,-0.1612003,-0.2875234,-0.8030936,0.008289529,-0.003868709,-0.004573852,-0.4951308,-0.164191,-0.2956273,-0.800307,0.01892074,-0.00158436,-0.005178198,-0.4933615,-0.1658005,-0.3000874,-0.7994074,0.01994607,-0.003653013,0.02264194,-0.4923621,-0.1691892,-0.3035765,-0.797995,0.01961702,-0.006408819,0.00845564,-0.4928918,-0.1721052,-0.3049257,-0.7965286
0,0,1,0.1280142,-0.0348068,-0.2259528,-0.5228232,-0.6127341,-0.433414,-0.4041845,-0.03348169,-0.1407821,0.0840884,-0.5236474,-0.5979487,-0.4534175,-0.4033153,-0.04884077,0.3776115,0.1723863,-0.5198858,-0.5755086,-0.4706838,-0.4206725,0.09935486,-0.2024243,0.02537869,-0.5257083,-0.5747532,-0.4767348,-0.4074476,-0.009464591,0.2471009,-0.000484865,-0.5424961,-0.5503452,-0.4860843,-0.4080934,-0.03121587,0.08540498,-0.07068523,-0.5623382,-0.5371425,-0.478307,-0.4080149,-0.01740486,-0.003600305,-0.07649053,-0.5810927,-0.521566,-0.4600951,-0.4226258,-0.09023149,0.1091127,-0.1775427,-0.6091959,-0.4835367,-0.4294144,-0.4589944,-0.1941969,0.04394274,0.08730064,-0.6558233,-0.4389417,-0.3740771,-0.4871264,0.2830623,0.06632819,0.1871603,-0.6727279,-0.4161273,-0.3303764,-0.5149046,0.1744419,0.03711741,-0.04169503,-0.6843053,-0.3892502,-0.2959066,-0.5409712,0.01879225,0.01803332,0.0391222,-0.7007853,-0.3513223,-0.2593013,-0.5641236,0.02931839,0.03264499,-0.004080733,-0.7097907,-0.3259333,-0.2408432,-0.5761589,0.123211,0.04502141,-0.09672963,-0.719826,-0.2997831,-0.2402019,-0.5781727,0.1327692,-0.09867094,-0.1676846,-0.7245776,-0.2766464,-0.2478787,-0.5805257,0.08060355,-0.2773616,0.0501302,-0.7272506,-0.2699003,-0.2324349,-0.5867149,-0.1596985,0.3571978,0.03507195,-0.7324822,-0.249514,-0.2193318,-0.5942273,-0.1414127,-0.2477787,0.1369708,-0.7416539,-0.2265868,-0.210939,-0.5950736,-0.07557756,0.1762744,0.03935637,-0.7505891,-0.1855646,-0.1962115,-0.6030612,-0.05483438,0.08826796,0.009878119,-0.7579652,-0.1564173,-0.1805433,-0.6069815,-0.08127484,-0.1107393,0.04410031,-0.7662946,-0.1346236,-0.1586737,-0.6078582,0.05081226,0.0771507,-0.08500442,-0.7668085,-0.1179843,-0.147551,-0.6134436,-0.1066404,-0.06014771,0.1585205,-0.7664154,-0.1027164,-0.1160535,-0.6233686,0.06680994,0.181542,0.02587557,-0.7741406,-0.08915347,-0.09947842,-0.6187585,-0.02350794,-0.01078263,0.08329739,-0.7944632,-0.06819153,-0.05819574,-0.6006591,0.02930492,-0.05743596,-0.008251104,-0.8057464,-0.05114487,-0.03597531,-0.5889505,0.03259584,0.05064321,-0.01736861,-0.8108257,-0.04645407,-0.01870784,-0.5831412,0.006189355,-0.03622234,0.04330937,-0.8155805,-0.04539853,-0.02386117,-0.5763662,0.05250697,-0.06458016,-0.06871963,-0.8178072,-0.04965341,-0.04153001,-0.5718402,0.03582907,-0.01486237,0.02948111,-0.8203281,-0.04904094,-0.04529905,-0.567983
0,0,1,0.001570481,-0.002074294,0.009842928,-0.4807693,-0.1983622,-0.3007796,-0.7994028,0.0357491,-0.00360332,-0.001216861,-0.4865128,-0.1857662,-0.281952,-0.805791,-0.00670077,-0.01436349,-0.0206894,-0.4916674,-0.1750116,-0.2655541,-0.8106264,-0.005629588,0.02631854,0.009664624,-0.4962827,-0.1601075,-0.2408943,-0.8185591,-0.02881879,-0.002158996,-0.001942863,-0.5011342,-0.1472166,-0.2200184,-0.8238833,-0.02495351,0.004983945,-0.008449708,-0.5059457,-0.1323205,-0.1991864,-0.828755,-0.01686485,0.005611971,-0.02014574,-0.5105586,-0.114911,-0.175028,-0.8339608,-0.02119922,0.00404813,-0.001914564,-0.5146798,-0.100896,-0.1562587,-0.8369635,-0.03582223,0.00214898,0.03573134,-0.516377,-0.07903382,-0.1268716,-0.8432153,-0.06194439,-0.07284379,0.04097863,-0.5180204,-0.06055653,-0.1012551,-0.8471925,-0.07458178,0.009027116,0.06670129,-0.5212259,-0.02744018,-0.06456044,-0.8505307,-0.02966774,-0.004032182,0.0315844,-0.5223196,-0.009574026,-0.04159904,-0.8516808,-0.0586322,-0.02358325,0.02361884,-0.5239583,0.000009506941,-0.02319241,-0.8514281,-0.05693971,0.003820182,0.00441952,-0.5258774,0.003567815,-0.01276398,-0.8504571,-0.07902548,-0.01817968,0.05934255,-0.5264994,-0.005470723,-0.01763645,-0.849975,-0.09247961,-0.00663385,0.04306839,-0.5262567,-0.02022812,-0.02840722,-0.8496103,-0.05348645,-0.0289594,0.02458179,-0.5262743,-0.04036507,-0.04818064,-0.8479885,0.0128932,-0.01396283,-0.02032254,-0.5209568,-0.04846174,-0.06755039,-0.8495249,0.03936099,0.02178038,-0.004706741,-0.5213732,-0.05549908,-0.08185181,-0.847579,0.03266692,-0.003286681,-0.03501453,-0.5230491,-0.05701545,-0.08968639,-0.8456508,0.05880105,0.05280561,-0.02836249,-0.521463,-0.06054199,-0.1078109,-0.8442676,0.1149782,-0.04075865,-0.007429969,-0.5197173,-0.06596221,-0.1240126,-0.8427122,0.0783565,-0.005298153,-0.001419087,-0.5182472,-0.070328,-0.1365846,-0.8413194,0.09272019,-0.0315741,0.02406288,-0.5137789,-0.07124266,-0.1461735,-0.842371,0.03949356,-0.005314685,-0.01273994,-0.5085933,-0.07192622,-0.1504948,-0.8446957,0.03181129,0.02506083,0.02811558,-0.5059167,-0.0783709,-0.1516202,-0.8455279,0.02538931,-0.03156116,-0.03447324,-0.5111362,-0.0795821,-0.1496617,-0.8426196,0.008896097,-0.004064176,-0.001074976,-0.5126259,-0.08266604,-0.1472237,-0.8418468,0.01609798,0.004701538,-0.004841818,-0.5117778,-0.08431193,-0.1452428,-0.8425435,0.006360364,0.01477348,-0.01486305,-0.5132111,-0.08556055,-0.1426016,-0.8419968
0,0,1,0.09448384,-0.1037898,-0.05365831,-0.6615067,-0.3980063,-0.3646388,-0.5206136,0.04642577,-0.2724582,0.0295498,-0.6492211,-0.4125804,-0.3686581,-0.5219009,-0.09014222,0.1931581,0.2615521,-0.6435269,-0.4203397,-0.3578404,-0.5302244,0.0652348,-0.1261707,0.0812523,-0.6492378,-0.4204427,-0.3668826,-0.516832,-0.1827985,0.1235763,0.1063777,-0.6545274,-0.404556,-0.3749214,-0.5170708,0.00367025,0.09903892,-0.04195315,-0.6589009,-0.401546,-0.385751,-0.5057732,-0.02074486,0.06593453,-0.08732302,-0.6597824,-0.406226,-0.3871984,-0.499745,-0.06094522,-0.1295379,-0.07668293,-0.6629482,-0.4103304,-0.3712806,-0.5042612,-0.01749063,-0.09803805,-0.1735983,-0.6643499,-0.3977046,-0.363325,-0.5181363,-0.1345407,-0.1184728,0.1815085,-0.6748744,-0.3723213,-0.3563024,-0.5281759,0.2008553,0.3083695,0.1672156,-0.6777058,-0.3577896,-0.3426034,-0.5434375,0.1064188,-0.04036218,0.09552269,-0.6791468,-0.3585484,-0.3308983,-0.5483694,-0.02941883,0.07316714,-0.01855569,-0.6727119,-0.3683699,-0.3213426,-0.5554289,0.05144086,0.08055164,-0.07897883,-0.6662955,-0.3812402,-0.3275193,-0.5508515,0.03321121,-0.07778485,-0.1096877,-0.666925,-0.3830613,-0.3385555,-0.5420842,0.0288581,-0.04257505,-0.1797865,-0.661034,-0.388074,-0.3534671,-0.5361843,0.0425152,-0.2835463,0.03445509,-0.6406378,-0.4136122,-0.36069,-0.537039,-0.04838889,0.4310766,0.3010434,-0.6436254,-0.4092979,-0.3577351,-0.5387458,-0.002271637,-0.4180194,0.1314037,-0.6515509,-0.4159859,-0.3611743,-0.5215268,-0.0226351,0.128283,-0.01038292,-0.6606982,-0.397649,-0.3739616,-0.5152726,-0.001206413,0.08765063,-0.06712272,-0.6695426,-0.3910763,-0.3725495,-0.5098814,-0.08552722,-0.08836628,-0.08101865,-0.6768436,-0.387354,-0.3551873,-0.515443,-0.1415102,0.07108253,-0.03547944,-0.6782135,-0.3760464,-0.3381759,-0.5331534,-0.1865209,-0.1806495,0.1622391,-0.6839205,-0.3703178,-0.3215262,-0.5401281,-0.2431909,0.03899264,0.1064686,-0.6954682,-0.3694906,-0.3224261,-0.5252067,0.007160358,-0.185794,0.1505395,-0.688818,-0.4081103,-0.3201742,-0.5064229,0.2468599,0.1784685,0.03609025,-0.6583591,-0.4426319,-0.3494389,-0.4985307,-0.007831668,0.006459874,0.01256958,-0.6259477,-0.4912814,-0.3646733,-0.4835756,0.1327839,0.05840338,0.07142502,-0.5878887,-0.5410273,-0.3848341,-0.4621462,0.07575987,-0.03509573,-0.04927646,-0.5468947,-0.5919996,-0.4101692,-0.4268534
0,0,1,0.01406989,0.058605,0.0728471,-0.3107314,0.9485433,0.05944409,-0.01334585,-0.01079843,0.04099307,0.01091012,-0.3197317,0.9455766,0.06041776,-0.00250046,-0.01847456,0.04046611,-0.02204217,-0.3260303,0.9434776,0.05958977,0.001814518,0.0009870476,0.01798278,0.0150591,-0.325109,0.9440672,0.0546084,-0.007684309,0.0001182874,0.02585893,0.01724678,-0.3232265,0.9446889,0.05394781,-0.01331193,-0.01129858,0.02227506,0.01568003,-0.3248108,0.9441203,0.05293768,-0.01822753,-0.00430569,0.02196495,-0.001448796,-0.3263765,0.943674,0.05171559,-0.01683012,-0.00177504,0.02108411,-0.00876377,-0.3281873,0.9431366,0.05203743,-0.008858899,-0.01148225,0.03362616,-0.002134879,-0.3257408,0.9438832,0.05292317,-0.01328982,0.007306473,0.01359721,-0.001712143,-0.3265831,0.9438034,0.04839443,-0.01537817,0.001194522,0.00310326,0.007554008,-0.328772,0.9432119,0.04622014,-0.01113577,-0.003258581,0.01434683,-0.00181367,-0.329531,0.9430711,0.04402992,-0.009347061,0.0004745293,0.01373826,0.0001325486,-0.3303605,0.9428107,0.04349479,-0.008836793,-0.00464298,0.008165751,0.009898553,-0.3318292,0.9424194,0.04103489,-0.007160468,-0.002587564,0.006568542,0.001216277,-0.3329158,0.9421344,0.03896509,-0.005625173,-0.002058155,0.00895274,-0.001821839,-0.3335166,0.941942,0.03857603,-0.004887857,-0.00272166,0.00656918,0.005099573,-0.3336875,0.9418961,0.038144,-0.005425349,0.0008974855,0.008950995,-0.009104331,-0.3339473,0.9418287,0.03747074,-0.005818639,-0.002069109,0.0003371031,0.008268487,-0.3341807,0.9417716,0.03675614,-0.006202895,0.0005385563,0.0009819953,0.006350568,-0.3344478,0.9416627,0.03721758,-0.005560707,-0.002831955,0.003799097,-0.003434886,-0.3345717,0.9416289,0.03698639,-0.005374644,0.00329311,-0.001015971,-0.01064366,-0.3347981,0.9415604,0.03669191,-0.005287498,-0.00002025943,0.0003089742,0.01180325,-0.3348826,0.9415393,0.03636887,-0.005882272,0.002489203,-0.001891553,-0.007884942,-0.3351957,0.9414265,0.0365277,-0.005085208,-0.002387735,0.003854571,0.01121266,-0.3354505,0.9413561,0.03602083,-0.004914789,0.001269455,0.0005046913,-0.007939984,-0.335409,0.9413811,0.03579693,-0.004572739,-0.002522926,0.01179163,0.001219486,-0.3360472,0.9410442,0.03814218,-0.007295533,0.001799471,-0.004574265,0.002284057,-0.3359931,0.9410579,0.03829815,-0.007202488,0.00202983,0.001299576,-0.002391321,-0.3361864,0.9409841,0.03867341,-0.005648708,-0.0006749736,0.003818869,-0.0006818037,-0.3362529,0.9409631,0.03871163,-0.004883708
1,0,0,-0.0008772109,-0.06737096,-0.4460302,-0.001059741,-0.9964643,-0.07490702,-0.03803592,-0.01694704,0.1274808,-0.4861366,0.00271371,-0.9940273,-0.09985997,-0.0439374,-0.05753791,0.004938385,-0.2436569,0.007244617,-0.9969513,-0.06777699,-0.0379717,-0.06973054,-0.1906953,-0.02766775,0.00876829,-0.9995381,-0.007141436,-0.02820756,0.02413945,-0.1340928,0.2048544,0.01215008,-0.999106,-0.003905542,-0.04030346,0.07097138,0.0290045,0.4415935,0.01517555,-0.9968929,-0.06634593,-0.03965159,0.1349213,0.2394877,0.542258,0.01168293,-0.99267,-0.1116503,-0.04476519,-0.0117475,0.04966339,0.2305853,0.01222861,-0.9955293,-0.08722349,-0.0341171,-0.07193026,-0.1357349,-0.2218825,0.01211631,-0.9982196,-0.05592012,-0.01684444,-0.0204495,-0.1004569,-0.3983846,0.004879922,-0.99727,-0.07019703,-0.0223841,0.001615212,0.1569214,-0.5059192,0.0002465844,-0.9938603,-0.1036945,-0.03858813,-0.01578878,0.110581,-0.3286416,0.005283594,-0.9951144,-0.09190565,-0.03567365,-0.07554763,-0.1926406,0.03135325,0.007590503,-0.9996599,-0.01099553,-0.02239377,0.04552088,-0.1433403,0.147048,0.01063728,-0.9991142,-0.005221751,-0.04037964,0.08379781,0.05686672,0.5379133,0.01353037,-0.9963707,-0.0605435,-0.05828303,0.02489046,0.1714912,0.4953568,0.01478893,-0.9929948,-0.1077655,-0.04614264,-0.004039822,0.115598,0.1842333,0.01366362,-0.9940327,-0.1017679,-0.03681581,0.01612954,-0.05720523,-0.01736893,0.01475167,-0.9967759,-0.07154076,-0.0331987,-0.00500131,-0.1811302,-0.3501098,0.01119316,-0.9978232,-0.05942547,-0.02630718,0.01869415,0.08287765,-0.4012402,0.004377961,-0.9953606,-0.09183545,-0.02835961,-0.005522813,0.1142705,-0.3240804,0.01097208,-0.9946265,-0.1016561,-0.01624282,-0.05654573,-0.1084241,-0.1576172,0.01536819,-0.9986342,-0.04711635,-0.01653556,-0.005973489,-0.1615636,0.2272645,0.01587069,-0.9996783,-0.0149289,-0.0129844,0.02526413,0.02430067,0.2001408,0.01552317,-0.9990771,-0.04001555,0.001622546,0.02038942,0.159808,0.5596411,0.01591662,-0.993733,-0.1105776,-0.003718246,0.007581126,0.1350072,0.2977051,0.02162793,-0.9932492,-0.1137501,-0.007017825,-0.02652379,0.02029775,0.0183734,0.01752952,-0.996725,-0.0788732,-0.003318474,-0.0346134,-0.2209034,-0.0877752,0.0137549,-0.9984713,-0.05352946,0.0005830135,0.05267002,-0.06752424,-0.3465639,0.006752074,-0.9962634,-0.08608438,0.00172681,0.02519537,0.2391165,-0.4437757,0.006741166,-0.9899985,-0.1400907,-0.01523532
0,1,0,0.06926242,0.1570469,0.0198354,-0.566572,-0.2067923,-0.2507373,-0.757208,-0.05740645,0.1377351,0.0004395354,-0.5621313,-0.2045738,-0.252468,-0.7605379,0.0007496735,0.1509208,0.07639474,-0.5619472,-0.2093687,-0.2530256,-0.7591825,0.0993332,0.3170245,0.08917584,-0.5712341,-0.22305,-0.2572117,-0.7468483,0.002722869,0.3485828,0.08382349,-0.5921999,-0.2452211,-0.2566163,-0.7234044,-0.1478174,0.4941437,0.195024,-0.6037859,-0.2556348,-0.2569353,-0.7099843,0.01762405,0.2181361,0.03855139,-0.5969282,-0.2644483,-0.2703893,-0.7075545,0.04773702,-0.06756032,0.06378572,-0.5858692,-0.2693704,-0.2840943,-0.7095683,0.08207001,0.05203764,0.003668342,-0.5719789,-0.2687012,-0.2992216,-0.714917,-0.03190713,0.01362713,-0.316417,-0.5593422,-0.2750014,-0.3207617,-0.7131776,-0.0657242,-0.1443914,-0.2025096,-0.558062,-0.2793833,-0.3313856,-0.7075983,0.1187649,-0.2530141,-0.141333,-0.5522012,-0.2962548,-0.3419282,-0.70028,0.09055997,-0.01439957,-0.004393579,-0.550087,-0.3068783,-0.3473586,-0.694674,-0.0442167,-0.01943904,0.1036413,-0.5604711,-0.320196,-0.3507806,-0.6784538,-0.08393022,-0.2345603,0.1535504,-0.5668889,-0.3373225,-0.3426489,-0.6689112,0.06782046,-0.5335482,0.09176984,-0.5778027,-0.3355142,-0.3235595,-0.6699877,0.03566324,-0.4595152,0.095418,-0.5765463,-0.31778,-0.3115897,-0.6852168,0.018595,-0.2441804,0.08266989,-0.564255,-0.2858067,-0.2980613,-0.7149057,-0.1245419,-0.1455749,0.06702869,-0.548734,-0.2525401,-0.2876923,-0.7432009,0.1115176,0.1804663,0.07971679,-0.5304891,-0.2328489,-0.2852132,-0.7635548,0.04771123,0.1290176,0.05081699,-0.5282108,-0.219938,-0.2792119,-0.771143,-0.008868135,0.2292651,0.01137674,-0.5366168,-0.2082225,-0.2738243,-0.7705232,0.03096185,0.2762858,-0.00007891652,-0.5560478,-0.2161385,-0.2702265,-0.7556934,-0.08644662,0.2961829,0.1189921,-0.5815611,-0.2292591,-0.2645304,-0.7343369,0.06343276,0.4836625,0.1616055,-0.5886125,-0.2487296,-0.2671645,-0.7213126,0.01288014,0.2976284,0.09623706,-0.5873312,-0.2555,-0.2688217,-0.7193725,0.09088989,0.1033174,0.005073851,-0.576892,-0.2504572,-0.2760271,-0.7268258,-0.01127261,-0.02583172,-0.1485046,-0.5637126,-0.2490063,-0.2849917,-0.7341686,-0.06689428,0.1438446,-0.1948291,-0.5547996,-0.2544234,-0.3008366,-0.7327779,-0.0003318122,0.0435203,-0.2163171,-0.5531424,-0.2633708,-0.310582,-0.7267793
1,0,0,0.1324452,-0.07985345,-0.2580696,0.01381522,0.02041312,0.114868,0.9930749,0.1559037,0.2135767,-0.1786558,-0.0023611,0.04686832,0.06627902,0.9966969,0.06741127,-0.1390266,-0.04880756,0.001847583,0.06167554,0.05191563,0.9967434,0.04591189,0.06814408,-0.06427082,0.001695172,0.06836594,0.06572184,0.9954918,0.1115382,-0.06063408,0.008220155,0.002984414,0.08269835,0.05307486,0.9951558,0.02457475,0.03978639,0.02532836,0.004780869,0.09235427,0.05049754,0.9944335,0.03326782,-0.0176347,0.03485669,0.0007972238,0.09757736,0.05729304,0.9935771,0.009513112,-0.01220252,0.03512743,0.005044094,0.1011258,0.06116892,0.9929786,0.01422275,-0.04372779,-0.06547163,0.009225986,0.1024723,0.06093332,0.992825,0.03096467,-0.02381509,-0.0603532,0.012967,0.1069808,0.04181658,0.9932967,0.04856724,0.01325522,-0.05612934,0.0145317,0.1087376,0.04682053,0.9928609,0.01014719,-0.006040292,0.04194323,0.01027428,0.1120561,0.04114805,0.9927964,0.0013303,-0.0009173498,0.1052826,0.01680965,0.1153719,0.03138021,0.9926842,-0.03418133,0.01375358,-0.03826163,0.0004615266,0.1136511,0.0348086,0.9929106,-0.04828086,0.01214421,0.06955847,-0.005387261,0.1096029,0.0439885,0.992987,-0.04961389,-0.05587997,0.1267769,-0.02791499,0.1027424,0.05894772,0.9925674,-0.1006226,-0.1064248,0.0003044826,-0.008027433,0.09442492,0.06699232,0.9932429,-0.05324762,0.121272,-0.0980643,-0.02741083,0.07459131,0.08491931,0.9932137,-0.008010975,-0.0641735,-0.04692212,-0.01499508,0.0794493,0.02865657,0.9963141,-0.08107687,0.04101296,-0.04693729,-0.01736193,0.06748201,0.02300405,0.9973041,-0.1096247,-0.1111041,-0.001975296,-0.006936655,0.05537315,0.02410571,0.9981506,-0.09526188,0.05576586,0.09833261,-0.006694973,0.03414337,0.04709499,0.9982843,-0.09166459,-0.1174306,0.1865359,0.0004728358,0.02261351,0.0536375,0.9983042,-0.05221854,0.04548817,-0.01736582,0.004923663,0.0006790405,0.09730142,0.9952425,0.002674353,-0.02582679,-0.005620529,0.001889776,-0.008414849,0.1092633,0.9939755,-0.02794904,-0.03470232,-0.03316361,0.01101582,-0.01452447,0.0915026,0.995638,-0.02071812,0.09630976,-0.0544346,-0.003916273,-0.02230898,0.09480979,0.9952377,0.01500481,-0.0470879,0.03534721,-0.00399226,-0.0226186,0.06202103,0.9978105,-0.0219027,0.001512866,-0.06616005,0.003916213,-0.02224632,0.0306914,0.9992737,-0.1102118,0.07084689,-0.02263771,-0.009247885,-0.0293954,0.03107722,0.9990419
0,1,0,0.006394682,0.1605885,0.009100806,-0.5755353,0.2865463,0.2275756,-0.7313409,0.02331126,0.2728736,0.01776678,-0.5761548,0.2770315,0.2156598,-0.7380989,-0.105466,0.07152375,0.03889303,-0.5820575,0.2616955,0.1755866,-0.7495958,0.0489237,0.1151083,-0.04669693,-0.5790789,0.2550693,0.1428902,-0.7610451,0.01678511,0.1019242,-0.1063448,-0.5585515,0.2740585,0.1944862,-0.758345,0.1286495,-0.1685053,-0.03798367,-0.5506374,0.293142,0.2362179,-0.7450284,0.04600939,0.2413145,0.06347212,-0.5371267,0.3133768,0.2788437,-0.7318034,-0.1446092,-0.09863564,-0.01896027,-0.5408169,0.3115799,0.2599912,-0.7367765,0.02120918,0.01226109,0.05818574,-0.5572907,0.3024814,0.2259953,-0.7394986,0.1479314,-0.09409174,0.004729193,-0.5721075,0.2947318,0.2414863,-0.7262992,0.03491984,0.08389813,-0.202259,-0.5507843,0.3029806,0.2804225,-0.7253982,0.05000516,-0.0001988716,-0.1690237,-0.5129526,0.3108639,0.3346879,-0.7267923,-0.009725494,-0.01522734,-0.1471556,-0.500573,0.306841,0.3488317,-0.7304736,-0.03841765,0.1124435,-0.04841728,-0.4757714,0.3048407,0.3586303,-0.7430331,-0.1165648,-0.01684505,-0.03139672,-0.4798445,0.2935212,0.3052453,-0.7683877,-0.01010266,0.01715469,-0.02628397,-0.4800608,0.2848818,0.2924302,-0.7764461,0.03670338,0.01262888,-0.05647046,-0.4728293,0.2776521,0.2864211,-0.7856874,-0.002239651,-0.03220125,0.04174983,-0.4874902,0.2650244,0.2684077,-0.787447,0.01463514,0.03392554,-0.002022461,-0.4896871,0.2614419,0.2683583,-0.7872982,-0.05529843,0.03923935,-0.03785669,-0.4838527,0.2602181,0.2609286,-0.7937817,0.08166559,-0.1123038,0.03150991,-0.4990699,0.2520424,0.2529911,-0.7895564,0.0008657964,0.05203871,0.01953835,-0.5030802,0.2468193,0.2622819,-0.7856199,-0.03188676,0.01436631,-0.002389546,-0.5072896,0.2439157,0.2390504,-0.7912126,-0.02347651,-0.04305127,0.0004772918,-0.5092752,0.2422615,0.2297589,-0.7931954,-0.009042615,0.003527564,-0.01842798,-0.5084944,0.2418999,0.2271846,-0.794547,-0.02366681,-0.02095542,-0.02355741,-0.5081991,0.2412169,0.2215303,-0.7965378,0.01475837,-0.06506086,0.009665596,-0.5096771,0.2422848,0.2243864,-0.7944672,-0.05844173,-0.04159868,-0.05812301,-0.5084453,0.2502391,0.2264118,-0.7922131,0.03540633,-0.07048563,-0.02145904,-0.4954685,0.2649876,0.2587775,-0.7857015,0.02683831,-0.04157223,0.02079326,-0.4951145,0.2801763,0.2922466,-0.7687358
1,0,0,0.08766327,0.1022124,0.2811168,0.7864851,0.61222,-0.06386988,-0.05048075,-0.1327797,0.1077952,0.2896158,0.7890044,0.6110933,-0.05853024,-0.0247235,0.0417416,0.02152544,0.107146,0.7903305,0.6115871,-0.03611317,-0.005904561,-0.03914183,-0.009633257,-0.1554459,-0.7902772,-0.6124932,0.01037932,-0.01436114,0.03361977,0.03256471,-0.3108802,-0.7897221,-0.6117878,-0.009774979,-0.04426234,-0.05175737,0.03416717,-0.5203825,-0.7901257,-0.610733,-0.01435619,-0.05000439,-0.02869266,-0.05298162,-0.4015404,-0.7907163,-0.6117789,0.002725543,-0.02206358,0.02150686,-0.1432285,-0.08884785,0.7842141,0.6193675,-0.03605943,-0.009579848,-0.01433464,0.09411578,0.2189511,0.7834966,0.6201003,-0.03903842,-0.009206392,-0.0143663,0.07308161,0.263826,0.7875993,0.6137199,-0.04699098,-0.0287548,0.05609529,-0.02546792,0.3058751,0.7856069,0.613853,-0.05520275,-0.05439763,-0.06495586,0.1415286,0.4485923,0.7853881,0.6152042,-0.05270933,-0.04371725,0.06519333,0.1291802,0.1872513,0.7885492,0.6124192,-0.0492315,-0.0266283,-0.0636672,0.007391307,-0.01130164,0.7931136,0.6076634,-0.04142088,-0.0005343892,-0.04407342,-0.02990474,-0.1348346,-0.793468,-0.6079459,0.01864212,-0.02151012,0.05162324,0.03890196,-0.2608604,-0.7926931,-0.6076373,-0.01045886,-0.04801065,0.05262088,0.03295461,-0.4350193,-0.7944762,-0.604724,-0.01030838,-0.05486574,-0.07356555,-0.04249587,-0.3145089,-0.7965822,-0.6034839,0.01408372,-0.03264162,-0.06371888,-0.1586422,-0.1315843,0.7927384,0.6085498,-0.03415671,-0.00815082,0.07328951,0.005791354,0.2204589,0.7883165,0.6141573,-0.03645448,0.006242136,-0.02123487,0.1705927,0.4022311,-0.7915266,-0.6104976,0.01754698,-0.02169018,-0.002052331,0.02737014,0.3769594,0.7945685,0.606775,-0.02073061,0.007434471,0.09226298,-0.05833697,0.390422,0.7922106,0.6097908,-0.02326808,0.004010356,-0.07458063,0.1251187,0.2636083,-0.7915999,-0.6103567,0.005140043,-0.02842445,0.04182322,0.05351678,0.05477351,-0.7944011,-0.6056804,-0.00454752,-0.04535879,-0.01376887,0.01349181,-0.1375107,-0.7962166,-0.6016536,-0.01128281,-0.06264787,-0.06074048,-0.04180921,-0.3014168,-0.7963009,-0.6012265,-0.01908954,-0.0637731,0.01517206,0.0181567,-0.4773016,-0.7972757,-0.6003368,-0.01415371,-0.06121182,0.0229881,-0.06135153,-0.2753979,-0.7976514,-0.6016548,0.005951617,-0.04157273,-0.02431037,-0.1084661,-0.1576467,0.7957469,0.6049567,-0.02694804,0.009386881
1,0,0,-0.06542948,-0.05301471,-0.02414223,0.03233018,0.07040111,0.07280546,0.9943328,-0.0353643,0.006967769,-0.01101953,0.03075283,0.06354615,0.04713731,0.9963906,-0.05901257,-0.06730771,0.07581539,0.04320874,0.05661558,0.01276345,0.9973789,-0.211045,0.07296655,0.2739305,0.04302112,0.03289491,0.04931188,0.9973141,-0.2149353,0.01336983,0.1601382,0.04593194,-0.01563062,0.1778772,0.9828559,0.1062124,0.03850263,-0.02402845,0.04666388,-0.0147484,0.1706176,0.9841212,0.1253426,0.1075775,-0.1691786,0.03019914,-0.0008325755,0.1447947,0.9890004,0.114177,-0.05808182,-0.2076732,0.01837357,0.02163426,0.1096739,0.9935623,0.1567448,0.002709823,-0.1542208,0.01962489,0.04392985,0.0706975,0.9963367,0.08965632,0.02171155,-0.05025519,0.0168958,0.06603805,0.03821517,0.9969419,0.05701137,-0.008164666,0.006071758,0.01411681,0.07318497,0.05365667,0.9957739,0.05389233,0.04618176,-0.02322771,0.01374456,0.08206238,0.05868068,0.9948032,0.07596286,-0.008732784,0.004539912,0.0138509,0.09344836,0.04374139,0.9945664,0.003004845,-0.05563247,0.03334809,0.01997426,0.09858818,0.0482345,0.993758,0.02715603,0.01067181,0.0001248661,0.01909408,0.1008023,0.05866114,0.992992,0.0273198,-0.02164615,0.01001506,0.01947394,0.1057846,0.05143713,0.9928669,0.008551502,0.0007628961,0.0289841,0.01960789,0.1074536,0.05978481,0.9922172,0.03511209,0.002503873,-0.04292358,0.01882519,0.1120904,0.05883535,0.991776,0.1144128,-0.01198243,-0.2195167,0.01711054,0.1183865,0.04395144,0.9918468,-0.003854121,-0.0478425,-0.04938822,0.02223665,0.1221465,0.02892547,0.9918413,-0.02991911,0.01263914,0.1783853,0.0209522,0.1256352,-0.001954274,0.9918533,-0.1432186,0.06070588,0.03581604,0.01885177,0.1110415,0.02274296,0.9933767,-0.08278263,-0.03166275,0.09375846,0.01099315,0.1028183,0.01830732,0.9944709,-0.111658,0.01798836,0.01249147,0.01234994,0.08458455,0.04520934,0.9953135,-0.08723279,0.0663785,0.03280982,0.008062305,0.07037953,0.05721185,0.9958456,-0.09099738,-0.01395185,-0.006838265,0.01498072,0.05688765,0.05500427,0.9967517,-0.1380815,-0.008183061,0.2000609,0.02559708,0.04168769,0.05115862,0.9974917,-0.3264154,0.1072697,0.1767596,0.0158935,-0.00519053,0.1685792,0.9855463,-0.05018312,-0.02502814,0.06060619,0.02228292,-0.03175617,0.2320389,0.9719326,0.1804801,0.01919441,-0.1375906,0.01225366,-0.005757462,0.1708212,0.985209
0,0,1,0.004296447,-0.00464776,0.0004636285,-0.4540755,-0.2312192,-0.3340753,-0.7929355,0.001772534,-0.00942447,-0.002635413,-0.4529272,-0.2339783,-0.3379481,-0.7911398,0.004676977,0.008385476,-0.004410816,-0.4534552,-0.2335293,-0.3364543,-0.7916066,-0.003128106,-0.007356789,0.005949518,-0.4542205,-0.2331962,-0.3358033,-0.7915424,0.00563576,-0.009009028,-0.001438683,-0.4540645,-0.2331816,-0.3359137,-0.7915894,0.002143856,0.002286002,-0.002841578,-0.4553985,-0.2308189,-0.3322514,-0.7930598,0.001746855,-0.002086936,-0.004003786,-0.4558754,-0.2301367,-0.3312583,-0.7933995,0.002853254,0.008584931,-0.009343561,-0.453986,-0.2306898,-0.332631,-0.7937478,0.01435734,0.002318288,0.02183561,-0.449622,-0.234141,-0.3355579,-0.7939892,0.01359535,0.0145219,0.0267173,-0.4476909,-0.2348328,-0.3356953,-0.7948176,0.01918072,0.009726133,0.03500675,-0.4464333,-0.2376753,-0.3391532,-0.7932104,0.02020965,0.0001646404,-0.007668614,-0.446468,-0.2430738,-0.3479429,-0.7877291,0.04574379,0.007862283,-0.006284342,-0.44384,-0.2484505,-0.3592159,-0.7824591,0.04033456,0.008439643,0.02877258,-0.4424012,-0.2532388,-0.3690011,-0.7771676,0.04316588,-0.01940189,0.01195612,-0.4428286,-0.2590954,-0.3792567,-0.7700239,-0.03183432,-0.05545376,-0.02175329,-0.44334,-0.266797,-0.3969182,-0.7581061,0.04645358,0.02905227,-0.03556043,-0.4360222,-0.2737746,-0.4205061,-0.7470655,-0.05281202,0.006331993,0.006145618,-0.4287919,-0.2907053,-0.4480204,-0.7286326,-0.09390898,0.002924336,-0.01075997,-0.4112948,-0.3148173,-0.4917627,-0.6999257,-0.1042488,-0.01462431,0.01849194,-0.4067355,-0.3242792,-0.5149258,-0.6813667,-0.142527,-0.01248398,-0.05094025,-0.3985944,-0.3328462,-0.5446119,-0.6585846,-0.08985272,-0.008831454,-0.0206453,-0.3897316,-0.3428676,-0.5763045,-0.6312085,-0.07636029,0.006557121,0.01742849,0.371234,0.352792,0.6146278,0.5999632,-0.06867526,-0.0342205,0.02358525,0.3442752,0.3682481,0.6541011,0.5639322,-0.07600469,0.01218835,0.0808659,0.3047405,0.3886162,0.6999999,0.5158592,-0.09944654,-0.01375384,0.03371092,0.2682828,0.4124107,0.735693,0.4655078,-0.07013663,-0.006571709,0.01142529,0.2335336,0.4332424,0.7666072,0.4124032,0.009230521,0.01423483,-0.01942285,0.2016864,0.4456026,0.7936227,0.361834,0.06950311,0.07183903,0.01274159,0.1663342,0.4562404,0.817781,0.308888,0.130587,-0.09973268,-0.01722972,0.1417714,0.4676312,0.8276047,0.2762106
0,1,0,-0.03466065,-0.1416688,0.00133278,-0.5616991,-0.2754295,-0.3463808,-0.6990372,0.03190073,-0.1804245,0.03900363,-0.5669284,-0.2713562,-0.3384821,-0.700277,-0.03570084,-0.3707895,0.08347265,-0.5720786,-0.2612481,-0.3272152,-0.7052699,0.06595315,-0.3416561,0.05751828,-0.5675244,-0.2460103,-0.314089,-0.7202381,-0.0487067,-0.210977,0.04886306,-0.5572645,-0.2206068,-0.3016622,-0.7414775,-0.006159497,-0.05107742,0.03182222,-0.5395935,-0.1974774,-0.2949212,-0.7634546,-0.01322791,0.1083699,0.08797546,-0.5215044,-0.1818375,-0.2940074,-0.7800819,-0.08522509,0.07680391,-0.0654198,-0.5111035,-0.1786872,-0.2972147,-0.7864525,-0.07076452,0.19735,-0.0257597,-0.513222,-0.1865157,-0.3004451,-0.7820151,0.05047294,0.1928906,-0.01397002,-0.5295711,-0.2025517,-0.3000989,-0.7671167,-0.03104651,0.2666878,0.03645858,-0.557539,-0.2239682,-0.2950383,-0.7429273,-0.02051825,0.3026224,0.1930447,-0.5850539,-0.2507694,-0.2904907,-0.714452,0.0775376,0.2386595,0.1829244,-0.5970983,-0.268171,-0.2895868,-0.6983534,-0.03999602,0.07743408,0.008151158,-0.5898246,-0.2703947,-0.3004341,-0.6990944,0.06069911,0.06307176,0.06676211,-0.5817342,-0.2604658,-0.3092292,-0.7057762,-0.1040867,0.146934,-0.1165859,-0.5696175,-0.2654177,-0.3270977,-0.7057595,0.1124744,-0.04187817,-0.1011919,-0.574263,-0.2835037,-0.3309683,-0.6930423,0.01548344,-0.008132437,-0.03777754,-0.5742185,-0.2874296,-0.3414089,-0.6863652,0.03848737,-0.1890439,-0.05630562,-0.575406,-0.2866631,-0.3392055,-0.6867838,-0.01610946,-0.1578125,-0.02274685,-0.5834408,-0.285688,-0.3340871,-0.6829093,0.02970009,-0.1482421,0.03690717,-0.592828,-0.2922917,-0.3265478,-0.6756383,0.06650992,-0.1504809,0.07899977,-0.599507,-0.2916178,-0.314937,-0.675548,0.005880214,-0.4647322,0.07031401,-0.6130104,-0.275984,-0.2857431,-0.6829362,-0.02197863,-0.3903067,0.1835378,-0.613239,-0.2520692,-0.2624108,-0.7010988,0.0006886354,-0.2727402,0.1564382,-0.5960461,-0.2286533,-0.2525674,-0.7270876,0.001731424,-0.1757849,0.07956424,-0.5707274,-0.204853,-0.249286,-0.7550907,-0.0259592,0.001562382,0.06398795,-0.5428003,-0.1872294,-0.2564193,-0.7775358,-0.1188272,0.2271059,0.04779613,-0.5212216,-0.1788235,-0.2690791,-0.7899029,0.03123795,0.2854958,-0.03510693,-0.517072,-0.1816362,-0.280017,-0.7881848,-0.02957678,0.2416756,-0.01558528,-0.532302,-0.194009,-0.2872268,-0.7723444
1,0,0,-0.02933003,-0.1543271,0.02534207,0.834481,0.5481266,-0.05392959,0.01703607,0.07525644,-0.02005918,0.4251077,-0.8291253,-0.5519582,0.03593562,-0.08125248,-0.06888065,0.1105085,0.3667732,-0.8265554,-0.5479892,-0.008963697,-0.1281934,-0.06552673,0.1901249,0.003285028,-0.8342172,-0.5361139,-0.02188306,-0.1272195,-0.07406887,-0.1888784,0.4730353,-0.8349502,-0.541434,0.006052591,-0.09833904,0.1199903,-0.08325842,0.1932236,-0.8353056,-0.5396628,0.03851762,-0.09769843,-0.01444827,0.02254919,-0.01607592,-0.8358762,-0.5368825,0.01592092,-0.1132017,-0.09205529,0.09752902,-0.183551,-0.835831,-0.5334334,-0.01111516,-0.129274,-0.05057627,0.05408667,-0.3585239,-0.8373727,-0.5315775,-0.008091629,-0.127149,-0.000153384,0.04218059,-0.4798827,-0.8424324,-0.5290971,0.01565515,-0.1005929,-0.02639513,-0.1155229,-0.2494568,-0.8398197,-0.5379283,0.03783248,-0.06248705,-0.0874363,-0.1309613,-0.07226536,-0.8368516,-0.5445591,0.03893885,-0.04023072,0.01017525,-0.02118447,0.1812153,-0.8338507,-0.5481415,0.02542429,-0.0598957,0.08071372,0.1039209,0.2863006,-0.8320243,-0.5447489,0.01272788,-0.1040293,0.0584509,0.07137416,0.2160703,-0.8307087,-0.5400947,0.001867503,-0.1349709,0.1612164,-0.08276542,0.7453817,-0.8291562,-0.5450839,0.027193,-0.1210129,-0.03928535,-0.03759492,0.2373488,-0.8334433,-0.5421055,0.01778984,-0.1057225,-0.02928549,0.04119966,0.06662324,-0.8340534,-0.5383923,0.006975889,-0.1201661,0.0006812081,0.08749267,-0.2170352,-0.8355342,-0.5324422,-0.002239794,-0.1355832,-0.02957742,0.03620665,-0.3342275,-0.8391774,-0.5291827,0.008696862,-0.125185,-0.06166437,-0.03039367,-0.4356915,-0.843714,-0.5290303,0.02466569,-0.08755074,-0.0801764,-0.1462836,-0.3184004,-0.8410351,-0.5369223,0.03710539,-0.0547512,-0.003200677,-0.08425616,-0.01861418,-0.837175,-0.5435034,0.04325484,-0.04325484,0.04248431,0.002758571,0.1032086,-0.8340587,-0.5465688,0.02932203,-0.06891197,0.016889,0.07861373,0.1488228,-0.8325537,-0.544534,0.01274872,-0.1008683,0.08517746,-0.1820469,0.3202336,-0.8328874,-0.5400152,0.01166071,-0.1206082,-0.02845472,0.01994667,0.7316697,-0.8418437,-0.5288804,0.01693374,-0.1062919,0.03045659,0.05656693,0.301299,-0.8373022,-0.5374466,0.02277336,-0.0977623,0.05072869,0.09407197,0.03903688,-0.8359292,-0.5363585,0.01009879,-0.1159314,-0.04152576,0.09898524,-0.2298825,-0.8361281,-0.53215,-0.008546889,-0.1327892
1,0,0,-0.05143296,0.1690678,-0.2150622,0.5711391,0.8131455,-0.08687767,0.0710405,-0.06216413,-0.05088356,-0.1952647,-0.5704318,-0.816938,0.05882458,-0.06131433,0.08228247,-0.06034589,-0.2868026,-0.5653284,-0.8223846,0.02876369,-0.05709662,-0.0276986,-0.2364636,0.004006703,-0.5517604,-0.8298774,0.03545116,-0.07488119,-0.1714261,0.0892323,0.04536898,-0.5484499,-0.8337006,0.01729226,-0.06202399,0.09813999,0.1376174,0.2658615,-0.5480857,-0.8347167,0.009852849,-0.0524692,0.04476311,0.1877261,0.2657718,-0.5536648,-0.8308684,0.01527964,-0.05366022,0.04329577,0.04726289,0.4733353,-0.552755,-0.8313644,0.02665441,-0.05084036,0.07513751,0.1012366,0.3573753,-0.553529,-0.8301016,0.01865412,-0.06472106,-0.008216156,0.03620861,0.1917562,-0.5519633,-0.8308326,0.002926078,-0.07102862,0.01973977,-0.005970742,0.05037947,-0.5526873,-0.8292109,-0.01761257,-0.0814604,0.0312158,0.01760056,-0.2022035,-0.5533342,-0.8261355,-0.04689531,-0.09551007,-0.09186468,0.1654667,-0.4756007,-0.56064,-0.8179258,-0.05783585,-0.1154779,-0.04787798,0.07787573,-0.5148079,-0.5618198,-0.8181771,-0.05001968,-0.1115472,-0.03894866,-0.04909191,-0.2477014,-0.5563655,-0.8266075,-0.02145557,-0.08195694,0.1021366,0.003334016,0.04227368,-0.5525324,-0.8311834,0.007611847,-0.06151442,-0.03357855,0.01082816,0.1730441,-0.5493309,-0.8334068,0.03129282,-0.05185868,0.02655968,0.06006706,0.4925316,-0.551227,-0.831238,0.0420946,-0.05848296,0.05904977,0.04218701,0.4142649,-0.5527058,-0.8305387,0.02641494,-0.06343425,0.01443031,0.1210122,0.2560476,-0.5528051,-0.8296586,0.009965669,-0.07729007,0.0007080606,0.03238456,-0.09151068,-0.553027,-0.8286051,-0.01838374,-0.08506911,0.03695276,0.0449438,-0.2760932,-0.5530723,-0.8268909,-0.03344405,-0.09614474,-0.03454663,-0.01030364,-0.4333431,-0.5541273,-0.8248964,-0.03596728,-0.105808,-0.1277775,0.0827236,-0.4628911,-0.5524805,-0.827114,-0.0417447,-0.09436627,0.008654482,-0.0007215537,-0.2392048,-0.5512828,-0.8316538,-0.01248748,-0.06544656,0.06120223,-0.06235022,0.02674828,-0.542586,-0.837946,0.02767646,-0.05177847,-0.02379511,0.05152615,0.271985,-0.5409451,-0.8394384,0.02014056,-0.04812423,0.1364745,0.1847315,0.5508934,-0.5437382,-0.8368937,-0.002214551,-0.06287079,0.1130826,0.05000713,0.3371706,-0.546832,-0.8338038,-0.001855858,-0.07578009,-0.06856222,-0.001852283,0.0777512,-0.5477808,-0.8332251,-0.002941616,-0.07525583
0,0,1,-0.03738281,-0.03822511,-0.03463789,0.1961291,0.09968471,0.3482127,0.9112323,-0.01614952,0.03382995,-0.03430899,0.1931233,0.09357323,0.3496971,0.9119536,-0.02349179,0.005786628,0.05039522,0.198056,0.08978384,0.3468197,0.9123754,-0.01733289,0.01325875,0.03500966,0.2019093,0.08800586,0.3433351,0.9130217,0.01018818,0.001489835,0.01026129,0.2024725,0.0871371,0.3374608,0.9151679,0.0120688,-0.005825332,0.0109429,0.2050411,0.08587058,0.3326779,0.9164659,-0.01330533,-0.006138519,0.007277046,0.2054587,0.08427739,0.3294878,0.917672,-0.004473971,0.005228718,-0.03335781,0.2032735,0.08400041,0.326595,0.9192168,0.02063652,-0.02586595,-0.001450839,0.2037166,0.08498491,0.322497,0.9204742,0.02289653,-0.00153136,0.004472909,0.2056267,0.08537713,0.3209018,0.9205707,0.005817489,-0.0008433808,0.01009305,0.209743,0.08645166,0.3211457,0.919456,-0.01676712,0.01053591,0.00129427,0.2109099,0.08584174,0.3229171,0.9186255,-0.01658623,0.002685107,0.0174407,0.2119132,0.0859167,0.3231349,0.9183109,-0.003517261,-0.01020848,0.009648334,0.2152128,0.08768726,0.3219638,0.9177874,0.009618062,-0.007792459,-0.00594203,0.2156116,0.08766923,0.3202852,0.9182827,-0.01025132,0.002709467,0.01670045,0.2172658,0.08764678,0.3196038,0.9181324,-0.009858406,0.003691523,-0.01683377,0.2167223,0.08767567,0.3202135,0.9180456,0.01240045,-0.007477766,0.01006718,0.2171892,0.08783329,0.3192959,0.9182398,-0.0104562,0.007785652,-0.003148298,0.2173256,0.08732043,0.3198233,0.9180729,0.009772764,-0.008188015,0.01078176,0.2186698,0.08715378,0.3193036,0.9179504,-0.007186091,0.003664245,0.02275528,0.2210108,0.08702325,0.3192561,0.9174185,-0.01138857,0.01252482,-0.006668665,0.2199291,0.08742024,0.3196435,0.9175059,-0.005053712,-0.002527906,-0.02429744,0.2203145,0.0890471,0.3172995,0.9180703,0.01804886,-0.005334232,-0.001128754,0.2251816,0.09287338,0.3139136,0.9176742,0.0004502691,-0.008495511,0.0104162,0.2328953,0.09610142,0.3118816,0.9161081,-0.001826136,0.006880665,0.001831466,0.2378578,0.09688486,0.3108713,0.9150934,-0.01185342,-0.005828153,0.004470672,0.2421018,0.0964621,0.3090439,0.914644,0.008860914,0.007315216,0.008471637,0.2435089,0.0955595,0.3082636,0.9146285,-0.001252911,-0.00126529,0.005300195,0.2440639,0.09515116,0.3078319,0.9146686,0.006716599,0.01416418,0.03295832,0.2457454,0.09504663,0.3078386,0.9142268
1,0,0,0.1025959,-0.05445525,-0.1908265,-0.6552014,-0.7517114,-0.03329724,-0.06732306,-0.05124198,0.07672142,0.1630159,-0.6517414,-0.7572964,-0.003128359,-0.04153803,0.02088489,-0.006227627,0.3703671,-0.6497766,-0.7597367,0.01437689,-0.01959031,0.05824172,0.05824112,0.533116,-0.648021,-0.7613866,0.01144865,-0.01510262,0.018377,0.1101823,0.4086819,-0.6493947,-0.7596833,-0.002552534,-0.03407832,0.021161,0.04180866,0.02472358,-0.6531327,-0.7553184,-0.01773576,-0.05096196,-0.06363411,0.08419035,-0.1416461,-0.6497693,-0.7545971,-0.04016952,-0.08227667,-0.04722562,0.010238,-0.4521751,-0.6543742,-0.7475477,-0.05513614,-0.09963283,0.02446301,0.09738658,-0.6434087,-0.6561235,-0.7464136,-0.05978042,-0.09378111,0.01350746,-0.02573824,-0.2908871,-0.654659,-0.7523232,-0.03112367,-0.06680259,-0.01086135,-0.02005773,-0.09731764,-0.6520068,-0.7567864,-0.01277889,-0.04470054,-0.03735872,0.00118292,0.2188081,-0.6460565,-0.7626943,0.00997842,-0.02843971,0.07120916,0.07514354,0.5364732,-0.6482313,-0.7610226,-0.009543199,-0.02344922,0.08017063,0.0696373,0.5405979,-0.6483367,-0.7600808,-0.01597072,-0.0410088,-0.1430645,0.008964938,0.230797,-0.6496544,-0.757325,-0.02820539,-0.06010267,0.09149583,0.02923991,-0.03701919,-0.6506315,-0.7537376,-0.04815397,-0.0789901,-0.04241537,0.04658562,-0.3357089,-0.650691,-0.7495258,-0.06887172,-0.100344,0.04788665,0.1155788,-0.5495197,-0.6537483,-0.7442506,-0.07681819,-0.1131511,-0.02502196,-0.00938703,-0.4355929,-0.6564362,-0.7439231,-0.06398397,-0.1075918,0.005067931,-0.06601124,-0.1944496,-0.6522754,-0.7527161,-0.03674277,-0.08127289,-0.08263646,0.03381792,0.192173,-0.6485341,-0.7581782,-0.01523844,-0.06585594,0.04398708,0.08607736,0.2797467,-0.6476998,-0.7603154,-0.001539912,-0.04902019,0.1239386,-0.05923197,0.5509456,-0.6469339,-0.7621295,0.006504101,-0.02434809,0.002285823,0.08395139,0.5212758,-0.6438905,-0.7640229,-0.01199329,-0.03911671,0.02273812,0.005806843,0.2227138,-0.6467801,-0.7603645,-0.0256003,-0.05353441,0.02909706,0.02771944,-0.1624648,-0.6498665,-0.7540912,-0.05046802,-0.08045373,-0.02235559,0.05355757,-0.4151456,-0.6523528,-0.7478079,-0.06816904,-0.1028208,-0.05207891,0.1504503,-0.5539414,-0.6558089,-0.7435038,-0.0683951,-0.1115291,-0.03125736,-0.06861979,-0.431736,-0.6540586,-0.7491223,-0.0521182,-0.09114139,-0.01979094,-0.1087552,-0.02733244,-0.6508787,-0.7558839,-0.02471373,-0.06622334
1,0,0,-0.003812305,-0.01854565,-0.3326103,-0.5697728,-0.8098506,-0.02369677,-0.1376205,-0.09212586,0.1620159,-0.4824241,-0.5654508,-0.8097053,-0.0436074,-0.1508015,-0.07166418,0.1145601,-0.300287,-0.5660778,-0.8136615,-0.03203975,-0.1283913,-0.05517581,-0.1142544,-0.0419973,-0.5634076,-0.8212019,0.01196849,-0.08975554,0.01716671,-0.161971,0.05637411,-0.5571588,-0.8272624,0.0303202,-0.06551035,0.1055638,0.0265488,0.3685375,-0.5529775,-0.8269311,-0.004103143,-0.1019017,0.05564137,0.193733,0.4285377,-0.5602105,-0.8185575,-0.03204194,-0.1228868,0.004550938,0.07485796,0.2535653,-0.5648474,-0.8160028,-0.03003276,-0.1191002,-0.02172158,-0.01319641,-0.02979018,-0.5669327,-0.8166951,-0.01943732,-0.1059179,-0.000440289,-0.0567189,-0.2746567,-0.5660529,-0.8162725,-0.01786847,-0.1138598,-0.01980214,0.007633435,-0.3635342,-0.5687479,-0.8113215,-0.02899635,-0.1320699,-0.08022711,0.08978354,-0.3734864,-0.5660214,-0.8117982,-0.03966245,-0.1379501,-0.1032134,-0.08088553,-0.228618,-0.5608914,-0.8200351,-0.01123407,-0.113212,0.02944578,-0.08446732,0.1160976,-0.5595397,-0.8233885,0.01782524,-0.09289204,0.0733567,-0.02855849,0.2194928,-0.5589148,-0.8235011,0.02109063,-0.09494953,0.1060954,0.07772458,0.3782814,-0.5576589,-0.8228775,-0.003277425,-0.108988,0.1673344,0.02517532,0.5384238,-0.5628862,-0.8180708,-0.002401009,-0.1179551,0.007091559,-0.01429239,0.1568799,-0.562575,-0.8200311,0.001359109,-0.1051502,-0.005505801,-0.0537114,0.07882929,-0.5660747,-0.817811,-0.006619442,-0.1034444,-0.03354632,0.02179261,0.1144156,-0.567205,-0.8138194,-0.03357309,-0.121858,-0.07330799,0.1494035,0.3730559,-0.5727742,-0.8063266,-0.07517219,-0.1269497,0.08972586,0.3810753,-0.04674104,-0.5928904,-0.7932746,-0.07289152,-0.1178272,-0.02131023,-0.04323624,-0.1399213,0.6186413,0.7759179,-0.08932383,0.08518062,0.1305884,-0.2294939,-0.2656643,0.6035584,0.7737946,-0.1772308,0.07448733,-0.2305385,0.3476908,0.01267731,0.5662445,0.7756931,-0.2683132,0.07533524,0.002007096,-0.1006875,0.4657972,0.5389165,0.8072248,-0.2339038,0.05697578,-0.260304,0.1582603,0.6703254,0.5481819,0.8151858,-0.1682499,0.08161333,0.001964574,-0.244563,0.06566817,-0.5576161,-0.8222153,0.07511593,-0.08593002,0.05242565,-0.02187707,0.1158312,-0.562214,-0.8129431,-0.05748968,-0.1404772,-0.1230071,-0.02138866,-0.2346155,-0.5710912,-0.7882934,-0.151337,-0.1718876
1,0,0,-0.0444171,-0.02095196,-0.2186429,-0.676843,-0.7325989,-0.03467895,-0.06308465,0.01368866,0.03551659,-0.5485952,-0.6776031,-0.7302213,-0.04799126,-0.07299119,0.004417496,0.1480185,-0.6423871,-0.6823583,-0.7251237,-0.04946522,-0.07833207,-0.03271217,-0.08026267,-0.2919082,-0.6831995,-0.7273892,-0.0322819,-0.05568939,0.006505076,-0.06425126,0.02340957,-0.6835375,-0.7292818,-0.004327123,-0.03009584,-0.05982209,-0.01312521,0.2008314,-0.6786529,-0.7338987,0.01375937,-0.02516887,-0.03171303,0.04228928,0.3307217,-0.6774907,-0.7352813,0.005069396,-0.01849047,0.1268726,0.03055196,0.5174096,-0.6763108,-0.736328,-0.002495313,-0.0204591,-0.0927837,0.1125038,0.3661815,-0.6749467,-0.7359121,-0.02841038,-0.04552997,-0.00705458,0.07829789,-0.04356231,-0.6770156,-0.7317577,-0.04526314,-0.06427903,0.01806723,-0.006693755,-0.283096,-0.6789258,-0.7294402,-0.04488176,-0.07044412,0.04722286,-0.03166711,-0.5999066,-0.6828755,-0.7264331,-0.04471076,-0.06306344,0.007068149,0.004687157,-0.4940417,-0.6812183,-0.7286101,-0.03430505,-0.06238635,-0.08292669,-0.07132253,-0.09357661,-0.6804019,-0.7318634,-0.01414756,-0.03505631,-0.06743363,-0.0833808,0.1147464,-0.6776624,-0.7351016,0.01395294,-0.01429821,0.006395693,0.1225448,0.2269334,-0.6776053,-0.7352543,0.001257624,-0.01583263,0.1175101,0.07754997,0.5007694,-0.6783825,-0.7343833,0.002584119,-0.02171453,-0.0772124,-0.03193875,0.4002638,-0.6757091,-0.7366756,-0.008320307,-0.02563016,-0.0452876,0.04192637,0.270373,-0.6754644,-0.7351216,-0.03242294,-0.04788263,0.00001699708,0.04618968,-0.04544493,-0.674857,-0.7333795,-0.04313155,-0.06972905,0.0008087576,-0.02957857,-0.3320856,-0.6749923,-0.7306157,-0.05687391,-0.08574057,0.0465892,0.0920063,-0.6021234,-0.6778564,-0.7256052,-0.06486557,-0.09899627,-0.09098388,0.03266406,-0.4506567,-0.6759219,-0.729444,-0.05350686,-0.09043179,-0.004320752,0.02632182,-0.1879689,-0.6747696,-0.7348045,-0.03042825,-0.0618246,-0.09236307,-0.08518165,0.07914894,-0.6717123,-0.7397062,-0.006158696,-0.03999227,-0.05987791,-0.05329594,0.2331967,-0.6706435,-0.7413321,-0.0001463965,-0.02576703,0.08463784,-0.1459374,0.7910512,-0.6705853,-0.7406747,0.01463623,-0.03875802,-0.08229839,0.1292324,0.351264,-0.6735647,-0.7370309,-0.003275381,-0.05554579,0.01765367,0.09798019,0.1774707,-0.676847,-0.7323818,-0.01545474,-0.07250027,0.0007052951,0.03519762,-0.145191,-0.6778392,-0.7298904,-0.02459498,-0.08478873
1,0,0,-0.1357119,0.1789046,-0.2214703,-0.07573144,-0.01060147,0.5267879,-0.84655,0.1164303,0.07009957,-0.200464,-0.05310856,-0.02319839,0.5527521,-0.831328,0.003022702,0.1008164,-0.1159182,-0.03985543,-0.03736302,0.5681604,-0.8211026,0.02769808,0.1078518,-0.09850211,-0.02421476,-0.05170065,0.5796677,-0.8128505,-0.04443579,0.06399589,-0.02825912,-0.01006982,-0.05769974,0.5832503,-0.810178,-0.005167415,0.08404026,-0.09421106,-0.0001423508,-0.05894153,0.5774822,-0.8142728,0.02114687,0.1161376,-0.1871652,0.01371177,-0.06956732,0.5838267,-0.8087761,0.02777096,0.06720021,-0.06510132,0.01976075,-0.08008862,0.5931756,-0.8008358,-0.01465989,-0.03174007,0.06542301,0.01997312,-0.08085824,0.5985712,-0.796728,-0.007193875,-0.0714554,0.1259362,0.01505209,-0.0762523,0.6032005,-0.7937935,-0.007359975,-0.08858484,0.1549191,0.009209028,-0.06975923,0.6021606,-0.7952682,0.01066626,-0.08417118,0.1020822,-0.002749989,-0.06407475,0.6086174,-0.7908677,-0.05884938,-0.1917216,0.1425723,-0.01898245,-0.03843211,0.5923516,-0.8045385,0.07112642,-0.1511121,0.2896348,-0.04523535,-0.03330015,0.5853549,-0.8088291,-0.1079962,-0.26529,0.311811,-0.07478768,-0.01095151,0.5493038,-0.8321972,0.04981139,-0.06872203,0.0001351743,-0.103995,0.007760957,0.4997106,-0.859892,-0.06520726,0.09347796,-0.1291214,-0.08966646,0.00301348,0.5137483,-0.8532371,-0.01715755,0.1388364,-0.1827396,-0.06046893,-0.007641597,0.5451658,-0.8361096,0.01544965,0.07823968,-0.1453068,-0.04523361,-0.01091833,0.5505195,-0.8335245,0.03039467,0.1313773,-0.1167885,-0.03098853,-0.02993677,0.5668704,-0.8226795,-0.05599188,0.08644541,-0.06322239,-0.01475347,-0.04140426,0.5749393,-0.8170145,0.04977702,0.09544723,-0.05630147,-0.004112042,-0.05079738,0.5703113,-0.8198462,-0.006083398,0.1008057,-0.1410024,0.01098793,-0.05710625,0.5759395,-0.8154212,0.02620018,0.1062182,-0.1626913,0.01998591,-0.06393737,0.5827813,-0.8098633,0.04548712,0.038115,-0.04009387,0.02516639,-0.07110372,0.595644,-0.7996994,-0.01539485,-0.01314793,0.06476212,0.02261118,-0.07496502,0.6016512,-0.7949119,0.05979778,-0.05837036,0.1427568,0.01871722,-0.07317153,0.6074357,-0.7907702,0.008669901,-0.0877647,0.118349,0.006283764,-0.07379606,0.6096221,-0.7892246,-0.006876556,-0.1312185,0.141237,-0.009387458,-0.06566438,0.6096109,-0.7899206,-0.04685316,-0.256323,0.3870784,-0.03635194,-0.04645655,0.5911846,-0.8043762
0,1,0,-0.116491,-0.2775736,-0.02088893,-0.5028803,0.3937992,0.514379,-0.5722306,-0.1103684,-0.524041,0.1247159,-0.5143725,0.405053,0.5058703,-0.5616477,-0.1247058,-0.5315596,0.166955,-0.5089312,0.4045643,0.5079786,-0.5650438,-0.06393348,-0.3031327,0.09441258,-0.4826088,0.3865943,0.5247577,-0.5850323,-0.01990352,-0.1196213,-0.01876679,-0.4549422,0.3661824,0.5399933,-0.6060901,0.01599614,0.1028731,-0.02304528,-0.43625,0.3556719,0.5490603,-0.6178318,-0.0519098,0.20991,-0.0585017,-0.428296,0.3669498,0.553712,-0.6126283,0.02040471,0.3397158,-0.01363406,-0.4346647,0.3858925,0.5519142,-0.5979501,-0.008607248,0.4588486,0.135732,-0.4478998,0.3998306,0.5440488,-0.5861162,-0.03006033,0.6114133,0.2560253,-0.4689294,0.4053229,0.5281132,-0.5804437,0.05775088,0.5605201,0.2263263,-0.4809149,0.4004643,0.5181191,-0.5830109,0.01948069,0.30647,-0.1086999,-0.4787322,0.3862314,0.516744,-0.5954967,-0.04094534,0.06303986,-0.1664646,-0.4668627,0.3743208,0.5214203,-0.6083124,0.02995739,-0.06882026,-0.02478603,-0.4636022,0.3695602,0.5229324,-0.6124051,-0.001372098,-0.1890719,-0.1081157,-0.4633701,0.3687473,0.5250025,-0.6112986,-0.0005777213,-0.05300846,-0.2180614,-0.4666244,0.3684109,0.525211,-0.6088419,-0.07898039,0.0238149,-0.2159753,-0.4812681,0.3790482,0.5175079,-0.5974019,0.05765058,-0.2255758,-0.03302452,-0.5036036,0.395134,0.5035446,-0.5802545,-0.004142643,-0.3716259,0.04242603,-0.5248622,0.4063931,0.4883493,-0.5664622,-0.1190213,-0.5020092,0.1352713,-0.536729,0.4078772,0.4815412,-0.560068,-0.05981274,-0.4129288,0.1688832,-0.5315046,0.392194,0.4895009,-0.5692763,0.03092923,-0.2497519,0.07893913,-0.5011754,0.3681909,0.5121459,-0.5924232,0.02227126,-0.08863147,-0.04734255,-0.4519634,0.3470511,0.5399992,-0.6194234,-0.01086669,0.1755787,-0.03646828,-0.4227743,0.3411071,0.5535216,-0.6312857,-0.04288308,0.2319993,-0.01690972,-0.4176134,0.3555175,0.5579599,-0.6228058,0.003446143,0.2232443,-0.03631606,-0.4374723,0.3782133,0.5516632,-0.6010328,-0.004444707,0.34717,0.0697005,-0.462157,0.402299,0.5389749,-0.5779901,-0.03593446,0.2137768,0.2241499,-0.4840591,0.4143497,0.5252565,-0.5640095,0.01483511,0.2968479,0.366785,-0.4986442,0.4088845,0.515579,-0.5642213,-0.013005,0.3678388,0.1175611,-0.4982911,0.391612,0.5156217,-0.576611
0,0,1,0.1215972,-0.001848971,0.04791137,-0.7643353,-0.02434564,-0.01078951,-0.6442689,0.05598003,-0.01542183,0.03574804,-0.7614604,-0.03446466,-0.007863045,-0.6472468,0.03049191,0.00202003,0.0194118,-0.760394,-0.05943799,-0.01011378,-0.6466573,0.008860744,0.01479721,0.01506829,-0.7577861,-0.08507556,-0.02209848,-0.6465555,0.02570536,0.01289252,-0.004967887,-0.7537414,-0.1151308,-0.04315853,-0.6455665,0.02058177,0.004614501,-0.03005478,-0.7505307,-0.1461726,-0.06973204,-0.6406829,-0.007387921,0.003922097,-0.06820673,-0.7444686,-0.1776767,-0.1017964,-0.6354801,0.005024151,0.02752003,-0.08782162,-0.734754,-0.2127578,-0.1346513,-0.6298729,0.01250916,-0.01706921,0.0404577,-0.7223769,-0.2586501,-0.1806902,-0.6153232,0.09231906,0.08043426,0.0353899,-0.708913,-0.2949533,-0.208725,-0.6057052,-0.03174776,-0.02805704,0.07243421,-0.6965057,-0.3280271,-0.2412836,-0.5908132,-0.04120233,-0.03116848,0.04805255,-0.6787604,-0.3670396,-0.2799155,-0.5711511,-0.01159041,0.04562698,0.04958569,-0.661948,-0.3955225,-0.3145743,-0.5535609,-0.09354074,-0.02801055,0.06463685,-0.6517975,-0.4174403,-0.3380564,-0.5353703,-0.04016297,0.04354325,-0.006352415,-0.6335732,-0.4489603,-0.3779858,-0.5041293,-0.0442922,0.01892693,0.01097166,-0.6133195,-0.4777156,-0.4079026,-0.4787926,-0.009293812,-0.01649195,-0.01816548,-0.5897187,-0.5065973,-0.4342986,-0.4549459,-0.1030061,0.02159891,0.004155832,-0.568783,-0.5287964,-0.4541624,-0.436574,-0.0336807,0.007195845,-0.01981886,-0.5470922,-0.5525105,-0.4668215,-0.4213075,-0.03089338,-0.03838387,-0.05583762,-0.5229591,-0.5744684,-0.4756365,-0.4126374,-0.06792176,-0.0006331799,0.00724769,-0.5144928,-0.5802891,-0.4796187,-0.4105211,-0.06187341,-0.007757256,0.0001434525,-0.5053725,-0.5867374,-0.4853037,-0.4059779,0.009144668,0.02737377,0.01926254,-0.4964187,-0.5929981,-0.4915391,-0.4003885,0.009160009,0.01648767,0.05241683,-0.4788836,-0.6052498,-0.4985814,-0.3946641,0.1513512,0.07897711,0.02380019,-0.4559073,-0.6186353,-0.5057214,-0.3920264,0.1805884,-0.1143741,0.04386195,-0.4426371,-0.6325719,-0.502452,-0.3891877,0.04721124,0.08280769,-0.002074756,-0.4202477,-0.6464656,-0.4997792,-0.3945818,0.02991636,0.01229843,-0.03517886,-0.4008725,-0.6629165,-0.5004009,-0.386577,0.0006961599,-0.02550633,-0.05746805,-0.3821138,-0.6765791,-0.5098644,-0.369145,0.07750656,-0.03852828,-0.08225333,-0.361193,-0.6874478,-0.5279624,-0.3438177
0,0,1,0.03498537,0.006844488,0.009421845,-0.483426,-0.09932543,-0.1702214,-0.8529117,0.03265037,-0.01764336,0.003719774,-0.480528,-0.1097189,-0.1804024,-0.8511813,0.06404576,0.01427412,-0.001040842,-0.4773461,-0.1220477,-0.1908619,-0.8490093,0.06096691,-0.02395017,-0.007981557,-0.4761924,-0.1289349,-0.1950262,-0.8476918,0.0225061,0.01467137,0.01271835,-0.4749346,-0.1295852,-0.1944568,-0.8484287,0.04911482,-0.02498031,0.02389192,-0.4767827,-0.1269157,-0.1926821,-0.8482006,0.02513153,-0.0113242,-0.006708196,-0.4794947,-0.1178266,-0.1838968,-0.8499316,0.01411944,0.0001753376,-0.004924965,-0.4805056,-0.1069582,-0.1727275,-0.853135,0.05354295,0.003851496,0.01421241,-0.4788684,-0.1030415,-0.1660612,-0.855857,-0.006867278,0.007046278,-0.003433136,-0.4784458,-0.09699662,-0.1548628,-0.8588939,0.01606293,0.008015254,0.005886793,-0.4777195,-0.09606086,-0.1494291,-0.8603646,0.00005230711,-0.0002371872,0.008453014,-0.4776174,-0.09497698,-0.1425759,-0.8617036,-0.01271888,0.0001025963,0.007226137,-0.4788497,-0.09155968,-0.1358103,-0.8624821,0.0006083543,-0.01037682,-0.001624085,-0.4813719,-0.08921385,-0.1294889,-0.8622961,-0.007956917,0.007717676,-0.009261775,-0.4816709,-0.08805634,-0.1268801,-0.8626359,-0.02706134,0.001549253,-0.03027054,-0.4807048,-0.08795951,-0.1265532,-0.8632324,-0.03710659,0.004062232,-0.002620437,-0.4792409,-0.08679606,-0.1296555,-0.8637037,-0.03142814,0.006976259,0.002133031,-0.4784408,-0.08363934,-0.1355079,-0.8635603,-0.02136052,-0.007907017,-0.00782246,-0.4783393,-0.07936843,-0.1409233,-0.8631529,-0.01499145,0.003365549,-0.00917858,-0.4776523,-0.07424152,-0.1430437,-0.8636405,-0.01351753,-0.00766098,0.001132741,-0.4760122,-0.07251061,-0.1529391,-0.8629972,-0.01238724,-0.001422248,0.0003563156,-0.4753531,-0.06935769,-0.1598917,-0.8623593,-0.002591922,-0.002602738,-0.003753227,-0.4748265,-0.06653544,-0.1652953,-0.8618528,0.01059787,-0.0004336275,0.0006348817,-0.4727593,-0.06098984,-0.1692322,-0.8626351,0.02571766,0.0002901872,0.005427298,-0.4712631,-0.05690473,-0.1696379,-0.8636526,0.03082329,-0.004003007,0.001167994,-0.4697967,-0.05220243,-0.1648099,-0.8656811,0.04158284,-0.009348034,0.01087181,-0.4666886,-0.05045217,-0.1588129,-0.8685821,0.04057343,-0.008073894,-0.0006927441,-0.4644537,-0.04979283,-0.1459741,-0.8720636,0.03375204,-0.0005234844,-0.01329002,-0.4602554,-0.05180196,-0.138373,-0.8754053,0.03785395,-0.007636571,-0.009309281,-0.4526319,-0.05550177,-0.1371434,-0.8793381
0,1,0,0.04550926,0.2339971,-0.001876492,0.4089158,-0.4163036,-0.5991431,0.5481849,0.05016625,0.1748547,-0.02005199,0.4208592,-0.435972,-0.5895831,0.5340391,-0.01315004,0.2998661,-0.02679978,0.4393129,-0.4679008,-0.5710395,0.5118466,0.01939038,0.5255234,0.1090902,0.4623957,-0.4866493,-0.5508618,0.4958971,0.08710814,0.5953567,0.1023564,0.4715031,-0.481241,-0.542792,0.5014666,0.04786611,0.1197707,0.09454701,0.4538847,-0.468854,-0.5513066,0.5198324,0.08514127,0.001254398,-0.03048012,0.4375804,-0.4630191,-0.5613527,0.5282233,-0.002598909,-0.005033931,0.05068113,0.4192051,-0.4583896,-0.5721685,0.5355084,0.01994457,0.06636203,-0.1964086,0.4127041,-0.4447355,-0.5765741,0.5472184,0.01773198,-0.08003429,-0.3520685,0.4193742,-0.4430123,-0.5728713,0.5474338,0.07432558,-0.1486392,0.05296419,0.4327648,-0.4527152,-0.5637785,0.5384396,0.05451596,-0.1071658,0.01089718,0.4453218,-0.4577941,-0.5537256,0.534323,0.008483512,-0.02531426,0.05065235,0.4563748,-0.4659805,-0.5447963,0.5270495,-0.009054623,-0.1204964,0.1172843,0.4754584,-0.4865322,-0.5280492,0.5083206,-0.0005341992,-0.2814722,0.1969809,0.4930464,-0.5036424,-0.5113389,0.4917133,0.02246946,-0.4021727,0.2122177,0.4952376,-0.5064992,-0.5096964,0.4882703,-0.1004857,-0.2849047,0.2156513,0.4815608,-0.4894783,-0.5234939,0.5044446,-0.05869228,-0.2044956,0.08597358,0.4623388,-0.461433,-0.5462412,0.52435,-0.008854656,-0.170192,-0.01953928,0.4451277,-0.4375281,-0.5673472,0.5371664,0.04469852,0.06053505,-0.1323684,0.4281012,-0.4191009,-0.580008,0.5519733,0.06022154,0.1931,-0.09385905,0.4179571,-0.4130737,-0.5848648,0.5591199,0.04774171,0.2645877,-0.01497133,0.4255816,-0.4230291,-0.5791042,0.5518741,-0.007472761,0.2900933,-0.03104473,0.4389246,-0.4482858,-0.5651873,0.5356756,0.03526968,0.3142511,-0.04254614,0.4561695,-0.4805636,-0.5453323,0.5134012,-0.02004034,0.2523717,0.09663085,0.4717253,-0.5121738,-0.5257462,0.4886144,-0.05489928,0.3903746,0.1916038,0.4682402,-0.516371,-0.5254739,0.4878414,0.07256661,0.3541346,0.2057167,0.4563271,-0.5014774,-0.5354178,0.5036007,-0.007746829,0.2369085,-0.02232668,0.4319292,-0.4824564,-0.5579455,0.5190083,0.002587288,0.1938389,-0.1587408,0.4184414,-0.4648342,-0.5721321,0.5305665,-0.02627143,-0.1108805,-0.2181691,0.4271228,-0.4589799,-0.5716816,0.5292293
1,0,0,-0.09013804,0.05797799,0.09992387,-0.8300149,-0.5512707,0.004622001,-0.08458392,-0.1085495,0.04078244,0.3203731,-0.8303864,-0.5504164,-0.01212862,-0.08575016,0.1752415,0.01934662,0.297985,-0.833243,-0.5458121,0.003900409,-0.08820496,0.0344484,0.0222063,0.2326199,-0.8332257,-0.5448896,-0.001228951,-0.09396084,-0.1255268,0.06246528,-0.03997571,-0.8321191,-0.5453002,-0.03544629,-0.0947047,-0.01035851,0.07599545,-0.1735847,-0.8321638,-0.5443096,-0.03543481,-0.09987372,0.02787374,0.04817881,-0.4244886,-0.8334247,-0.5434399,-0.02141491,-0.09806992,0.02393117,-0.003379382,-0.4512818,-0.8351913,-0.5451912,-0.002871629,-0.07220627,-0.04570723,-0.1421757,-0.1669669,-0.8332494,-0.5513379,0.02217191,-0.03507676,-0.03595091,-0.08852982,0.03422206,-0.8309698,-0.5546867,0.0175903,-0.03876168,0.04232027,0.01423595,0.2444814,-0.8284421,-0.5549566,0.008278057,-0.07508967,0.01132176,0.1375928,0.2204664,-0.8293854,-0.5475318,-0.02141725,-0.1089497,0.06823698,-0.002713345,0.4077114,-0.8356295,-0.5418973,0.00131382,-0.08982751,0.02301207,-0.05487392,0.3118322,-0.8358041,-0.5431936,0.01370322,-0.07864095,-0.07136261,0.01222432,0.07976559,-0.8345266,-0.543349,-0.009190228,-0.09084488,-0.04883419,0.06458101,-0.1413471,-0.833654,-0.540537,-0.02901653,-0.1095384,0.05354755,0.04987417,-0.2551011,-0.8356634,-0.5365625,-0.01846234,-0.1158731,0.03763203,0.03435403,-0.3869079,-0.8387533,-0.5338418,0.0000227727,-0.1072647,-0.08490784,-0.05808606,-0.2864485,-0.8383998,-0.5406264,0.005648144,-0.06911532,-0.08245269,-0.07325677,-0.1845144,-0.8362752,-0.5465077,0.01229304,-0.04268634,0.06717858,-0.04609247,0.1331009,-0.833533,-0.5498567,0.006609265,-0.05325993,0.09640919,0.05415848,0.1767635,-0.8321096,-0.5478197,0.004675716,-0.08640122,-0.02790607,0.06435877,0.271962,-0.8340859,-0.5425761,-0.01382036,-0.09859467,0.007373163,-0.03242349,0.352503,-0.836693,-0.5411362,0.003128007,-0.084301,-0.009950283,-0.04216274,0.2636206,-0.8354636,-0.5434089,-0.002021257,-0.08187364,0.001216982,0.06369793,0.01638138,-0.8335656,-0.5416404,-0.02678252,-0.1052459,0.01471515,0.1017083,-0.2228552,-0.8339618,-0.5370765,-0.02732079,-0.1237338,-0.03360689,0.06985965,-0.38217,-0.8369195,-0.5343206,-0.0114118,-0.118055,-0.09039398,0.005219601,-0.529106,-0.8419979,-0.5343821,0.0008613244,-0.07399112,-0.01381581,-0.1592793,-0.1222486,-0.8396594,-0.5410755,0.02593562,-0.03920035
0,0,1,0.02753161,0.08406764,-0.06825827,-0.5129895,-0.04804383,-0.1114683,-0.8497696,-0.0042376,-0.00123174,-0.07807367,-0.513985,-0.05519533,-0.08770064,-0.8515172,0.08278476,0.01388571,-0.00755182,-0.5096335,-0.06018241,-0.07320216,-0.8551568,0.02278145,0.006500426,-0.004868221,-0.50743,-0.0849407,-0.1043624,-0.8511218,-0.008006325,-0.01768187,0.0415078,-0.5109026,-0.08177851,-0.08749706,-0.8512549,0.02359506,0.03783179,-0.0355702,-0.5146307,-0.06735253,-0.06466529,-0.8523129,-0.06586848,-0.02043349,-0.02525426,-0.5161703,-0.05972038,-0.05134702,-0.8528571,-0.0005965448,0.03023713,0.008954521,-0.5108514,-0.05441321,-0.04520687,-0.8567533,-0.0599442,0.005428562,-0.01864997,-0.5087379,-0.05058867,-0.03647405,-0.8586595,-0.06525601,0.03197622,-0.01279016,-0.5066697,-0.05012816,-0.03246987,-0.860069,-0.07867505,0.009671869,0.003832387,-0.5055845,-0.04470837,-0.02839732,-0.8611498,-0.07908531,0.003882712,-0.004189432,-0.5045012,-0.03599115,-0.03023744,-0.8621305,-0.03554651,-0.004498582,0.0001175725,-0.5044975,-0.02570993,-0.03097519,-0.8624742,-0.03736309,0.01612173,-0.0160574,-0.5025791,-0.01580146,-0.03610349,-0.8636325,-0.001401681,-0.02314661,-0.01139991,-0.5045933,-0.00490661,-0.03075594,-0.8627952,-0.005665451,0.06114693,-0.03358868,-0.5049438,0.007305935,-0.01595277,-0.8629738,0.006163971,0.01537739,-0.04743525,-0.5056146,0.0168951,-0.00279206,-0.8625894,0.0248253,0.01433908,0.02624502,-0.4986666,0.03620245,0.02269822,-0.8657399,-0.07461434,-0.02955796,0.07304703,-0.491923,0.05783564,0.04742932,-0.8674198,-0.1687172,-0.06264659,0.06118243,-0.4929081,0.06383671,0.0598264,-0.8656716,-0.09593747,0.03961278,0.06448044,-0.4927616,0.05973588,0.05918166,-0.866092,-0.1001249,-0.03168545,0.03687463,-0.4977405,0.04768059,0.0537006,-0.8643478,-0.1495372,-0.007091401,0.09843973,-0.5032828,0.03227268,0.05130219,-0.8619936,-0.01421637,-0.2183441,-0.02201732,-0.5174173,0.01869126,0.0454773,-0.8543195,-0.01579919,0.1630672,-0.1009752,-0.5125442,0.00821501,0.04155281,-0.8576155,0.09398857,-0.02425815,-0.03895238,-0.5089999,-0.01371577,0.02660093,-0.8602461,0.05368032,0.0607028,0.03371452,-0.5072556,-0.03016372,0.01350978,-0.8611616,0.06348375,-0.003337153,0.01419943,-0.5061531,-0.04409862,-0.001634449,-0.8613139,0.04808523,0.0009475817,-0.03981827,-0.5054463,-0.05890025,-0.02147883,-0.8605774,0.06374516,0.02401377,-0.001644362,-0.5061789,-0.07181759,-0.04359269,-0.8583267
0,0,1,0.06900134,0.01101894,-0.0703982,-0.1195676,-0.7629207,-0.6198838,-0.1392825,0.06868356,-0.06821956,-0.1043972,-0.1206976,-0.7630478,-0.6219239,-0.1280657,0.02641184,-0.08053745,-0.04959472,-0.11445,-0.760689,-0.6264104,-0.1259506,0.076617,0.03532426,0.01456923,-0.1021297,-0.7587835,-0.6295369,-0.1322888,0.007156891,-0.01931456,0.05614384,-0.1111661,-0.7565568,-0.6290454,-0.139878,-0.03425055,0.0731931,0.135815,-0.1328346,-0.7530857,-0.6280257,-0.1442238,-0.03059537,-0.0411987,0.046202,-0.1482235,-0.7529255,-0.6246067,-0.144912,-0.02540177,0.04819704,0.01407173,-0.1763778,-0.7478868,-0.6222721,-0.1494442,-0.01012339,0.03700538,0.03398119,-0.1948492,-0.7451602,-0.6180307,-0.157506,-0.02179454,-0.02574312,0.01775021,-0.2193336,-0.7411565,-0.6100491,-0.174413,-0.03010263,0.04881359,-0.001920095,-0.254691,-0.73025,-0.600876,-0.2020282,0.005759417,-0.02484582,-0.02160176,-0.2824523,-0.7222311,-0.5888489,-0.2277278,-0.05568245,-0.0269737,-0.07566004,-0.3163152,-0.7077808,-0.57671,-0.2576751,0.03481608,-0.05046019,0.01957745,-0.354358,-0.6879141,-0.5596109,-0.2967157,0.03567504,0.06876571,-0.00304919,-0.3989808,-0.6629766,-0.5383952,-0.3337765,0.01265042,0.03569983,0.01779351,-0.4301586,-0.6424945,-0.520161,-0.3627629,0.02228785,-0.004090822,0.02975374,-0.4540111,-0.6249939,-0.5038676,-0.3864893,-0.01211052,0.05881882,0.04332586,-0.4811083,-0.598884,-0.4823036,-0.4210179,0.06257454,0.002022072,0.05827001,-0.5143177,-0.5690233,-0.4517573,-0.455637,0.08051469,0.02429258,0.03218848,-0.5378809,-0.5424285,-0.4240772,-0.4864298,0.08768279,-0.001319749,0.04659563,-0.5641311,-0.5115146,-0.3907189,-0.5171533,0.05173763,0.01759921,0.01926439,-0.5881807,-0.4795876,-0.3511803,-0.5483717,0.01366622,0.02841432,0.009916179,-0.6177371,-0.4399383,-0.2967197,-0.5803556,0.02498013,-0.02791107,0.01007383,-0.6416422,-0.4049316,-0.2511767,-0.6010291,0.009928955,-0.0008178533,0.02498284,-0.6604934,-0.3697726,-0.2188296,-0.6157357,0.06253208,0.0007706881,0.01478081,-0.6748665,-0.3374181,-0.1930541,-0.6272435,0.00654223,0.004499165,0.003621201,-0.686273,-0.3084157,-0.1717821,-0.6359246,0.06851914,0.02556448,-0.003532596,-0.6962658,-0.282903,-0.159078,-0.640214,0.0353341,-0.0107449,-0.01065735,-0.7074699,-0.25599,-0.1503742,-0.6413603,0.0753019,-0.03613696,0.006545245,-0.717689,-0.2338202,-0.1416754,-0.6404519
1,0,0,0.1409971,0.3006855,-0.211749,0.6965232,0.71172,-0.09028605,-0.01257977,-0.239869,0.00850286,-0.2093859,0.6912246,0.7212233,-0.04403601,-0.01031038,-0.01045812,-0.04396074,-0.08336093,0.6888754,0.7236981,-0.04136045,0.001046928,0.07394198,0.06371819,-0.005554692,0.6863023,0.7264034,-0.03636245,-0.002236484,-0.05351201,-0.1795815,0.07328928,0.6767738,0.7351525,-0.03559572,-0.01614943,-0.07256458,0.2458534,0.2868195,0.6772541,0.7352591,-0.02086655,-0.01690193,0.0226348,0.02389045,0.09888994,0.68014,0.7308964,-0.04163466,-0.0382967,-0.02442024,0.04110335,0.3382412,0.6786395,0.7327477,-0.03775832,-0.03321987,-0.02991901,0.08028074,0.3320747,0.6801825,0.7325292,-0.01892198,-0.0198695,-0.03364043,0.09508292,0.2983223,-0.6803921,-0.7327627,-0.006151673,-0.009350775,0.01863952,0.003369949,0.04262737,-0.6810331,-0.7311508,-0.02770238,-0.02906963,0.01558385,-0.03319347,-0.1969332,-0.6812782,-0.7296981,-0.04166904,-0.04079629,0.01739182,0.1286133,-0.4698717,-0.6835529,-0.7256449,-0.05020281,-0.06061821,-0.01901104,0.003154448,-0.5888842,-0.6844437,-0.7266541,-0.03185859,-0.04995658,0.08800384,0.01060301,-0.1768784,-0.6851425,-0.7277422,-0.01043462,-0.02936105,-0.07147821,-0.04334168,0.1808687,-0.6837317,-0.729475,0.01220103,-0.0151103,0.07742715,0.1098849,0.2365619,0.6864,0.7267554,-0.02607996,-0.00120487,-0.02790937,-0.006603795,0.31543,0.6870064,0.7253176,-0.03928063,-0.01984275,0.02596836,0.002197203,0.4262565,0.6850396,0.7273322,-0.0335782,-0.02410619,-0.00479506,0.1339207,0.3252826,0.6839029,0.7295492,-0.005270752,0.002641277,-0.03422768,0.04674243,0.1438896,-0.6835583,-0.7294014,-0.006423587,-0.02608472,-0.02289316,0.1008583,-0.1210451,-0.685683,-0.7259055,-0.02838689,-0.04576436,0.04501908,0.07107802,-0.4260274,-0.686583,-0.7234577,-0.03802815,-0.06137217,0.03102907,0.08048213,-0.6109855,-0.6842768,-0.7261667,-0.03889091,-0.05417246,-0.0413608,-0.1697135,-0.4805949,-0.680709,-0.7319155,-0.01409752,-0.02713262,0.04706469,0.1024998,0.004466685,-0.681496,-0.7316638,0.004874564,-0.01440543,-0.1017979,0.06814671,0.1789885,0.6786959,0.7336054,-0.03374159,-0.007518898,0.008832805,0.003573914,0.4342665,0.6770247,0.7346648,-0.03879833,-0.01999548,0.05820154,-0.01275368,0.5637717,0.673678,0.7386075,-0.02319063,-0.008885766,-0.05582538,0.2691602,0.3264784,-0.6790442,-0.7336911,-0.002726026,-0.02426449
0,0,1,-0.02349017,-0.001758239,0.01577543,-0.4599952,-0.1632956,-0.2889971,-0.8235409,-0.01280965,0.0257403,0.01611307,-0.4518939,-0.1686304,-0.2964006,-0.8243194,-0.009105642,-0.006080122,-0.0004197698,-0.4448223,-0.1722229,-0.2977358,-0.8269376,-0.01112034,0.001258969,0.002184864,-0.4396951,-0.174081,-0.2985882,-0.8289808,0.005059817,-0.004486134,-0.002522217,-0.4380925,-0.1732437,-0.2944885,-0.8314674,-0.005624245,0.004843714,0.01811312,-0.4382785,-0.1722078,-0.2888767,-0.8335507,0.004300017,-0.004619655,0.02161817,-0.4424965,-0.1698418,-0.2788843,-0.835209,0.0005606817,-0.015165,0.01286106,-0.4503141,-0.167398,-0.2639465,-0.8363774,-0.009672431,-0.002350672,-0.003599527,-0.4603829,-0.164484,-0.2478646,-0.8363944,-0.02214295,-0.003228916,-0.0001183991,-0.4706144,-0.1620699,-0.2364595,-0.8344712,-0.02552876,0.01012543,-0.01475126,-0.4802856,-0.1579026,-0.2335055,-0.8305827,-0.02304813,0.002702125,-0.01002512,-0.4901711,-0.1506646,-0.2298652,-0.8271605,-0.0252059,-0.005866955,-0.01935575,-0.4987194,-0.1442163,-0.2285099,-0.8235677,-0.01400058,-0.00649994,-0.01858132,-0.5071224,-0.1361474,-0.2217869,-0.8216455,-0.01706696,0.0007517248,-0.01637204,-0.5124417,-0.1308582,-0.2226544,-0.8189656,-0.005492083,-0.00426898,-0.01264074,-0.5185118,-0.1246767,-0.2253146,-0.8153738,-0.003111055,0.008059404,-0.006574286,-0.5219454,-0.1191627,-0.2269502,-0.813552,0.008574774,-0.006837681,-0.007718746,-0.5235808,-0.1144832,-0.2302815,-0.812236,0.01633078,0.004463378,-0.01926677,-0.5235307,-0.1085923,-0.2313169,-0.8127828,0.0249064,-0.01910674,0.02710552,-0.5218024,-0.1035978,-0.2350181,-0.813484,0.03029747,0.02888627,0.004319549,-0.5197971,-0.09635064,-0.2403544,-0.8140991,0.04894871,-0.004582312,-0.01815872,-0.5183026,-0.09152448,-0.2450334,-0.8142139,0.04834314,-0.03303991,0.007251421,-0.5145199,-0.08922586,-0.2502075,-0.8152939,0.0662846,-0.01143409,0.009401861,-0.5071182,-0.08911178,-0.2550291,-0.8184438,0.06338165,-0.03636501,-0.008360046,-0.4981269,-0.09300907,-0.2599365,-0.8219805,0.04500319,-0.0002824074,0.02443645,-0.4836834,-0.1005611,-0.2648548,-0.8281242,0.05212132,-0.02388696,0.009558381,-0.4722986,-0.1054234,-0.266558,-0.8335267,0.04325848,-0.01227655,0.001865795,-0.4620644,-0.1156352,-0.2708002,-0.8365359,0.02395833,0.002503156,0.039319,-0.4542372,-0.1263076,-0.2717529,-0.8389667,0.02379454,0.005500428,0.03296892,-0.4494428,-0.138163,-0.2748905,-0.838658
0,1,0,0.03099248,-0.4849578,0.1655246,0.5086946,-0.4398696,-0.5459691,0.4996621,-0.04745405,-0.4444452,0.2542455,0.5068217,-0.436036,-0.547466,0.5032746,-0.01517315,-0.2900994,0.1742336,0.4973029,-0.4189874,-0.5594984,0.5139076,0.1076432,-0.2460192,0.09081244,0.4670872,-0.395061,-0.5881546,0.52899,0.05189687,-0.03511683,-0.06206463,0.4247383,-0.3674044,-0.6206,0.5472358,0.02166145,0.1334038,-0.07811102,0.4081891,-0.3566718,-0.6335139,0.5521114,-0.001012507,0.1580378,-0.05419036,0.404681,-0.3599668,-0.6377846,0.5476203,-0.003745812,0.1807311,-0.03225388,0.4117455,-0.3790872,-0.6316566,0.5364405,-0.008320563,0.2359119,0.01694731,0.4276426,-0.4069181,-0.6163669,0.5211827,-0.04694614,0.3715253,0.0006910666,0.456386,-0.4409209,-0.5901282,0.4990484,-0.05562157,0.5282161,0.1268913,0.4805958,-0.4573479,-0.5672557,0.4879359,-0.03067703,0.5713693,0.04199992,0.4913976,-0.4500258,-0.5585185,0.4940266,0.03568473,0.2861377,-0.1786732,0.4894298,-0.4347708,-0.5635188,0.5038644,0.07364751,0.01177456,-0.1534114,0.4764019,-0.416995,-0.5776054,0.5152944,-0.02527173,0.09470498,0.01272593,0.4610987,-0.4065838,-0.5900958,0.5233207,-0.06076915,-0.1377161,-0.2280752,0.4556853,-0.4011433,-0.5944579,0.527309,0.03402437,-0.1975,-0.192668,0.4545683,-0.3966821,-0.5979417,0.5277089,0.05064319,-0.2406025,-0.1339479,0.4662188,-0.402588,-0.5903004,0.5216401,-0.1129856,-0.1317988,-0.0578731,0.4773957,-0.4146765,-0.5791661,0.5144933,0.03417321,-0.1426854,0.03158394,0.4987311,-0.4333507,-0.5592673,0.500694,-0.01654625,-0.3368999,0.18402,0.5164728,-0.4494476,-0.5419205,0.4874164,-0.007348402,-0.4616707,0.1506643,0.5225656,-0.4516853,-0.5368652,0.4844392,0.03899492,-0.3194908,0.1216972,0.5147643,-0.4354018,-0.5476706,0.4954793,-0.06529828,-0.1926505,0.1234381,0.4883811,-0.4074335,-0.5745741,0.5151179,-0.07962692,-0.0915032,0.004565221,0.4564049,-0.3813415,-0.6011822,0.5337163,0.07784089,0.1272129,-0.0420495,0.4288461,-0.3642629,-0.6198795,0.5469488,0.1199813,0.2669826,-0.04255572,0.4108553,-0.3643289,-0.6301992,0.5489184,0.06081946,0.2416564,-0.09732636,0.4082185,-0.3842246,-0.6267883,0.5411704,0.07353368,0.2598849,0.01494819,0.4251513,-0.4180218,-0.6088901,0.5232179,0.04276904,0.4500192,-0.02040144,0.4525259,-0.4452924,-0.5829418,0.5070639
1,0,0,-0.004433384,0.1653961,0.1960266,-0.8456135,-0.5272383,0.002395596,-0.08337745,0.04342292,0.07172392,0.4911761,-0.8476735,-0.5236652,0.0008449145,-0.08499165,0.04396439,0.01977114,0.3317088,-0.849854,-0.5210671,0.009830888,-0.07836181,0.02036687,0.04135155,0.2025517,-0.8502634,-0.5188656,0.005494796,-0.0883193,-0.02038578,0.08657209,-0.01641104,-0.8503987,-0.5157416,-0.005526494,-0.1039324,-0.01412864,0.03777838,-0.2736821,-0.8531899,-0.511942,-0.003743716,-0.09984098,-0.03104791,-0.01859272,-0.4578145,-0.8567317,-0.5095181,0.01061601,-0.07930505,-0.02454895,-0.06270138,-0.4431313,-0.857164,-0.5116603,0.02613062,-0.05282582,-0.05141462,-0.1442457,-0.1084872,0.8537326,0.519378,-0.03499263,0.01274768,0.06157336,-0.09898762,0.115323,0.8505281,0.524218,-0.03759222,0.01960185,0.04608084,0.04543869,0.1545719,-0.8510136,-0.5215711,0.01832364,-0.05834036,0.0174027,0.1807281,0.4098233,-0.8523067,-0.5130079,0.002067678,-0.1019406,0.05510594,0.03637534,0.4702663,-0.8538619,-0.5110507,0.01179956,-0.09801887,0.0724984,-0.01696195,0.3326002,-0.8565861,-0.508365,0.02372522,-0.08521959,0.008700814,0.0146103,0.06597081,-0.8570186,-0.5068255,0.01663597,-0.09148806,-0.06567737,0.06526605,-0.2519238,-0.8562003,-0.5058759,-0.005053822,-0.1048095,-0.03593682,0.03506393,-0.3499385,-0.8581831,-0.5053436,-0.01139269,-0.08955289,0.02912549,-0.02347331,-0.4995193,-0.8599151,-0.5068331,0.01363333,-0.05899489,-0.01015656,-0.1182604,-0.2071092,0.8567761,0.513312,-0.03538813,0.0345424,-0.07558205,-0.1074864,-0.07731251,0.8546745,0.5182412,-0.02525884,0.01787788,0.04184452,0.005359966,0.07648396,-0.8533285,-0.51931,0.01671243,-0.0432239,0.04512566,0.09184683,0.1714788,-0.8527515,-0.5155585,-0.002768766,-0.08370596,0.09968144,0.2579234,0.479335,-0.8557609,-0.495889,-0.02731159,-0.1449881,0.1945658,-0.03177195,0.6915821,-0.8574057,-0.5038361,0.01074073,-0.1043514,-0.03552433,0.02019132,0.2688703,-0.8553257,-0.5080732,0.006405342,-0.101186,-0.0712348,0.07633182,-0.07608058,-0.8542352,-0.5064694,-0.008885022,-0.1170125,-0.008534715,0.09778017,-0.3105289,-0.8554883,-0.5020319,-0.007263374,-0.1266922,-0.01959408,0.05800461,-0.4729559,-0.8589305,-0.5001054,0.004567459,-0.1100554,-0.0438827,-0.03983343,-0.4229241,-0.8625844,-0.5005846,0.01781197,-0.07103575,-0.06545008,-0.1677142,-0.1487236,0.8602136,0.5081821,-0.03698342,0.02038904
0,0,1,0.004850061,-0.01125438,-0.003307638,-0.517446,-0.1420608,-0.2443548,-0.8076875,0.01123884,-0.01036515,-0.005281669,-0.5152217,-0.141568,-0.2469543,-0.8084049,0.01862771,-0.002980059,0.003978939,-0.5130777,-0.14256,-0.2488604,-0.8090095,-0.003240178,0.009033729,0.01831398,-0.51071,-0.1446839,-0.2514446,-0.8093315,-0.00335237,-0.0001194202,0.005285365,-0.5069675,-0.1483271,-0.2586076,-0.8087676,-0.002329377,-0.004409989,0.007308749,-0.5030721,-0.1497861,-0.266917,-0.8082314,0.008200875,0.002893314,-0.003596172,-0.5009229,-0.1508069,-0.2711403,-0.8079705,0.007962591,0.006633266,0.01815629,-0.4997645,-0.1510198,-0.2735385,-0.8078398,0.000194073,-0.008560619,0.01244002,-0.500253,-0.1523357,-0.2744524,-0.8069799,0.001541574,0.00467392,0.0049997,-0.4998852,-0.1541718,-0.2763185,-0.806222,-0.004518038,0.004199934,0.001756537,-0.5009117,-0.1557328,-0.2763501,-0.8052734,-0.0006961994,-0.00387289,-0.01777241,-0.5025136,-0.1561536,-0.2764066,-0.8041737,0.01942496,-0.007709313,-0.02096612,-0.5007331,-0.1581611,-0.276769,-0.8047672,0.01406357,0.005936195,-0.03153787,-0.4973589,-0.1617739,-0.2769471,-0.8060791,0.008017505,0.02392323,-0.01590593,-0.4907818,-0.1701335,-0.2834407,-0.8061322,0.002101833,-0.05178567,-0.01658409,-0.4818533,-0.1815115,-0.2912512,-0.8062529,0.005892553,0.04100061,0.03231362,-0.4739153,-0.1881802,-0.3019767,-0.8054828,0.0260455,0.01290779,0.001215499,-0.4702124,-0.1953836,-0.3151714,-0.8008699,0.02315659,-0.03607384,0.009810106,-0.4704766,-0.2051312,-0.3314556,-0.7916503,0.05913654,-0.01640258,0.0006317212,-0.4647897,-0.2129631,-0.348307,-0.785684,0.06253908,0.03096688,0.005121405,-0.4585994,-0.2221233,-0.3628672,-0.7801765,0.04253713,-0.008389171,-0.005980832,-0.4557233,-0.2338986,-0.3772148,-0.7715677,0.07109722,-0.0005689964,0.0116299,-0.4488286,-0.2502062,-0.4001951,-0.7588106,0.01022405,0.05786842,-0.01429648,-0.4461502,-0.2640355,-0.4162698,-0.7469636,0.001610734,-0.04974259,0.001149225,-0.4439498,-0.2801332,-0.4380221,-0.7297743,0.02077895,0.05295245,0.02827409,-0.4376491,-0.2932155,-0.4581255,-0.7159671,-0.02002763,-0.009818907,0.02256278,-0.4327985,-0.3072293,-0.4736907,-0.7027893,-0.04177048,0.003461143,-0.004640175,-0.427074,-0.3140972,-0.485258,-0.6953239,-0.07716769,-0.02991923,-0.02187835,-0.428456,-0.3105583,-0.4880149,-0.6941329,-0.08001721,0.008577151,0.009684997,-0.4341162,-0.3045551,-0.486074,-0.6946375
1,0,0,-0.0009810836,0.194992,0.5099806,-0.5492725,-0.8328893,-0.03507367,-0.058007,0.1486101,0.003256084,0.4119823,-0.5474665,-0.8334656,-0.02671487,-0.07001289,-0.03532234,0.03987423,0.133089,-0.5454644,-0.832255,-0.03734478,-0.0917906,-0.09665071,0.1024421,-0.1481555,-0.5531118,-0.8254082,-0.05596824,-0.09816436,0.009527978,-0.07948541,-0.4832894,-0.5597714,-0.8224839,-0.02762417,-0.09702055,-0.03230117,-0.01115471,-0.6539921,-0.5587678,-0.8238778,-0.009933755,-0.09436717,-0.007096853,-0.03785522,-0.1041792,-0.5529177,-0.8306918,-0.005727064,-0.06481141,-0.043657,-0.1147875,-0.01193871,-0.5482804,-0.8353575,0.01607213,-0.03616892,0.02026428,-0.05175401,0.1323641,-0.5457842,-0.8371539,0.008731446,-0.03488072,0.1020965,0.1258747,0.4785029,-0.549247,-0.8333516,-0.02496056,-0.05683056,0.01508821,0.04267277,0.4982882,-0.5517552,-0.8305907,-0.03375332,-0.06742287,-0.02512849,0.02890479,0.1919861,-0.5522183,-0.8290498,-0.03915046,-0.07873028,-0.008219717,0.06498715,-0.1432846,-0.5527289,-0.8272669,-0.04772098,-0.08856023,-0.0292958,-0.005744544,-0.3178811,-0.5543514,-0.8256806,-0.04195745,-0.09584171,0.004074558,-0.01959233,-0.5587044,-0.555877,-0.8262388,-0.02959174,-0.08634035,-0.03902098,0.01217065,-0.4063873,-0.5515158,-0.8305325,-0.0231685,-0.07422493,-0.01997361,-0.1230113,-0.0169707,-0.547911,-0.835506,0.01198021,-0.03974577,0.008650239,-0.05750401,0.1117099,-0.5453033,-0.8367665,0.02276818,-0.04413293,0.002846301,0.08347318,0.2809381,-0.5458094,-0.8355268,-0.007329043,-0.06271592,0.1304128,0.1757911,0.7212839,-0.5534953,-0.8292539,-0.02054497,-0.07455775,0.06751322,0.02834162,0.3113039,-0.5525837,-0.8293602,-0.02230499,-0.07946856,-0.01557242,0.07683237,-0.02307961,-0.5519972,-0.8279409,-0.04255215,-0.08945502,-0.03245525,0.06461249,-0.2476039,-0.5498364,-0.8279375,-0.04863095,-0.09916873,-0.03084317,-0.07368483,-0.3580103,-0.5536839,-0.8270633,-0.03470246,-0.09053192,-0.02033293,-0.0108266,-0.6360588,-0.5510292,-0.8313638,-0.03447668,-0.06334361,0.006166605,-0.0694755,-0.3074582,-0.548753,-0.8344496,-0.006720189,-0.05018605,-0.0109212,-0.1141913,-0.01961535,-0.5437372,-0.8375114,0.03046003,-0.04468318,-0.0639825,-0.04318738,0.2037021,-0.5416456,-0.8391485,0.02050716,-0.04504785,0.06031448,0.1628158,0.5698328,-0.543076,-0.836505,-0.02251588,-0.06943281,0.07127552,-0.0441752,0.514218,-0.5491983,-0.8320481,-0.01369776,-0.07674374
1,0,0,-0.03729668,-0.03237393,0.6117843,-0.8281463,-0.542823,-0.03916006,-0.1341024,0.06020126,0.01166433,0.1641598,-0.8344209,-0.5392771,-0.02025079,-0.1118566,0.06735265,-0.0959185,0.03873153,-0.8380792,-0.5377704,0.01076087,-0.09116138,-0.04101225,-0.04624423,-0.1034848,-0.8408946,-0.5329111,0.006738666,-0.09410964,-0.07392448,0.02670427,-0.2314753,-0.8392919,-0.5303888,-0.01386205,-0.1186791,0.01941977,0.111062,-0.3837611,-0.8380677,-0.5297478,-0.01770589,-0.129214,0.01266185,0.02061033,-0.2386696,-0.8382353,-0.5323994,0.00368521,-0.117894,-0.06814488,-0.06921272,-0.1475306,-0.8400859,-0.5359107,0.008007795,-0.08361416,-0.04468143,-0.08982614,-0.05232997,-0.8393835,-0.539664,0.02406672,-0.06015662,0.04256177,-0.00200357,0.1335861,-0.8370693,-0.5409102,0.02081023,-0.07936022,0.02655055,0.03552725,0.1839543,-0.8348188,-0.5413237,0.01322729,-0.09935392,-0.09056134,-0.05305835,0.2359789,-0.8355414,-0.5385905,0.01168368,-0.107955,0.1745996,0.03428908,0.3732612,-0.8369973,-0.534915,0.02142896,-0.1133232,-0.003458615,0.009998377,0.259198,-0.837913,-0.5333033,0.02136721,-0.1141612,-0.09860136,0.01237904,-0.04302842,-0.8378909,-0.5346956,0.009849232,-0.1092819,-0.02371829,0.03038158,-0.1562405,-0.8375184,-0.5326418,0.005129784,-0.1217754,0.01789241,0.05761312,-0.3069124,-0.8392122,-0.5290061,-0.003935147,-0.1259362,-0.01329177,0.03104481,-0.3925694,-0.8413414,-0.5285481,0.003567841,-0.1129995,-0.05119354,-0.1002592,-0.1685314,-0.8413937,-0.5335904,0.01845249,-0.08365038,-0.03907994,-0.1102925,-0.1427664,-0.8407631,-0.5382409,0.03130426,-0.04933765,0.04914922,-0.03523497,0.05937537,-0.8367807,-0.5423121,0.03101561,-0.06880145,-0.01445875,0.06826171,0.1586963,-0.8341969,-0.542044,0.002915762,-0.1014651,-0.05837045,0.09297178,0.2224798,-0.833029,-0.540772,-0.0112457,-0.1161976,0.06686285,0.0633405,0.3804821,-0.8369513,-0.5344881,-0.009282894,-0.1172559,0.2440683,-0.04289773,0.2989972,-0.838727,-0.5365463,0.02618355,-0.08927206,-0.09289447,-0.06291387,0.1944533,-0.8370949,-0.53947,0.01185668,-0.09002058,-0.1461579,0.08312593,-0.03167212,-0.834363,-0.5377092,-0.02120667,-0.1194048,-0.006603436,0.09432493,-0.2111518,-0.833779,-0.5326973,-0.01636906,-0.1441467,0.004351398,0.06105241,-0.3614164,-0.8396013,-0.5288613,-0.001541987,-0.1239876,0.002291314,-0.05720237,-0.2437567,-0.8426269,-0.5323969,0.01312093,-0.07975745
0,1,0,0.01917376,-0.05196004,-0.03379921,-0.7433164,-0.1757544,-0.1123146,-0.6355914,-0.05344345,0.05408305,-0.01649631,-0.7465169,-0.1657864,-0.1039699,-0.6359384,0.04231028,-0.1580284,0.01407313,-0.7458272,-0.1612023,-0.09384441,-0.639491,-0.2463065,0.1598974,-0.104018,-0.72682,-0.1755092,-0.1148041,-0.6540253,0.05582364,-0.1644695,-0.02252346,-0.7288585,-0.1687596,-0.1159556,-0.6533297,-0.1037532,-0.02865851,0.005703955,-0.7200141,-0.1606301,-0.1151605,-0.6652185,0.004204417,0.06746638,-0.03599858,-0.7139884,-0.1684932,-0.1299029,-0.66705,0.09814349,0.03294042,0.05847947,-0.7084589,-0.1922232,-0.1310385,-0.666307,-0.09887255,-0.463512,-0.06812783,-0.7221223,-0.1949607,-0.1303729,-0.6507938,-0.03725847,-0.2563425,-0.03887371,-0.7047256,-0.1965047,-0.1330006,-0.6686244,0.0481654,-0.1313707,-0.06500747,-0.6685241,-0.1918556,-0.1547916,-0.7016456,-0.01329406,-0.0394921,0.02775573,-0.6486495,-0.1803585,-0.1578085,-0.7223719,0.09912247,0.1735938,0.001966969,-0.6245005,-0.1816097,-0.166178,-0.7412165,-0.05863284,0.1956646,0.09591795,-0.6053702,-0.1826336,-0.1768806,-0.7542447,0.03552488,0.2755463,0.09089163,-0.5903962,-0.1820393,-0.1874308,-0.7636516,-0.07369038,0.2909395,0.1986194,-0.5822152,-0.1881222,-0.2027587,-0.7645419,0.04446761,0.1997517,0.2478881,-0.5731449,-0.1889582,-0.2095113,-0.7693534,0.04773,-0.05722902,0.1695987,-0.5630559,-0.1875322,-0.2137019,-0.7759712,-0.009102188,0.04012587,0.1442915,-0.5690156,-0.1895842,-0.2138509,-0.7710686,-0.03725963,0.168041,0.1580321,-0.5773969,-0.2001564,-0.2164127,-0.7613907,-0.001749413,0.2396905,0.02826408,-0.5811844,-0.2111255,-0.2236565,-0.7534112,0.1281489,0.05045143,-0.1602758,-0.5729193,-0.2253679,-0.2381181,-0.7511808,0.01448176,0.1024486,-0.02984936,-0.5705271,-0.2297149,-0.2465148,-0.7489728,0.03050706,-0.06398764,-0.102248,-0.565571,-0.2383624,-0.2584009,-0.7460173,-0.1373498,0.02096116,-0.2481763,-0.5566068,-0.2535667,-0.2820715,-0.7391403,-0.02953349,-0.0609716,-0.1135461,-0.5587219,-0.2677567,-0.2906387,-0.7291538,0.1563758,-0.1301397,-0.2586904,-0.5672827,-0.2714083,-0.2961408,-0.7189078,-0.09004942,-0.06509402,-0.2298709,-0.5855656,-0.2693968,-0.2880141,-0.7082275,0.1488515,-0.2146976,0.07969514,-0.6115734,-0.2776154,-0.2669431,-0.6911216,-0.04033311,-0.133592,0.1847138,-0.6254889,-0.2619716,-0.2507099,-0.6908539
0,1,0,0.0119647,0.0183096,-0.00209243,-0.7576256,-0.1695913,-0.1091156,-0.6207544,0.004924892,-0.006723221,-0.002813133,-0.7589134,-0.1630323,-0.1030458,-0.6219747,0.08947535,-0.1523316,0.008032685,-0.7553955,-0.1604944,-0.1047958,-0.6266076,0.03370323,-0.1505809,-0.007534388,-0.7456716,-0.170255,-0.1114563,-0.6344797,-0.06375002,0.07748853,0.003819939,-0.7403771,-0.162175,-0.1097817,-0.6430312,-0.08298743,-0.006310307,0.05484693,-0.7292438,-0.1639378,-0.117471,-0.6538567,0.08988881,0.01031565,0.005947154,-0.7213914,-0.173844,-0.1295672,-0.657712,0.1328264,-0.05883302,0.01006512,-0.7155386,-0.1805263,-0.1328317,-0.6616423,0.07084265,0.02155233,0.1869245,-0.7089645,-0.1694281,-0.1249449,-0.6730915,-0.02447406,-0.9098508,0.178333,-0.7193846,-0.1830198,-0.129985,-0.6573382,-0.1451766,-0.3063293,-0.1468812,-0.6859102,-0.180797,-0.1491738,-0.6889026,-0.08791358,-0.01194756,-0.06824814,-0.6574334,-0.1904073,-0.1724727,-0.708364,0.09006462,0.1888945,0.129863,-0.6385847,-0.1941571,-0.182826,-0.7218636,0.04316016,0.06849341,-0.07633565,-0.6210633,-0.2279185,-0.2103454,-0.7197835,0.06517854,0.2513397,0.05063073,-0.5979032,-0.2348021,-0.2202444,-0.7340791,-0.03923106,0.1609795,0.05059947,-0.5868143,-0.2264677,-0.2225115,-0.7448825,-0.1113256,0.2221119,0.2329303,-0.5746183,-0.216975,-0.2259842,-0.7560865,0.1203377,0.07892926,0.1756396,-0.556704,-0.2160839,-0.2333804,-0.7674124,-0.02066112,-0.1802438,0.1543722,-0.5552368,-0.2102253,-0.2327779,-0.7702804,-0.1071054,0.1843736,0.1065385,-0.5579716,-0.2103093,-0.2356915,-0.7673899,-0.0885819,0.1671007,0.0950617,-0.5719401,-0.2233163,-0.2426103,-0.7511023,-0.0639603,0.2282076,0.08114626,-0.5774409,-0.2327729,-0.2500795,-0.7415113,-0.1044215,0.1239254,-0.05159475,-0.5761745,-0.2444219,-0.261649,-0.7347249,-0.04188483,0.1016461,-0.1002737,-0.570096,-0.2478599,-0.2763317,-0.732937,-0.1380024,0.06357589,-0.1046188,-0.5577459,-0.2555701,-0.3017842,-0.7297463,0.1583314,-0.003576868,-0.1578361,-0.5517986,-0.2729745,-0.3198599,-0.7202034,-0.07737739,-0.1258786,-0.2015655,-0.5580556,-0.2869943,-0.327599,-0.7063194,0.03429537,-0.01098345,-0.003064434,-0.5706487,-0.2930439,-0.3231347,-0.695751,0.05724151,-0.1870154,-0.1129627,-0.591307,-0.317167,-0.3138528,-0.671757,-0.02810266,-0.2556079,-0.01010389,-0.6094651,-0.318458,-0.3001678,-0.661087
1,0,0,0.02224535,-0.1407534,0.3370487,-0.8347001,-0.5441016,0.03006474,-0.079532,0.004296513,-0.09414797,0.1436686,-0.8342834,-0.5450301,0.03038983,-0.07739435,-0.00913528,0.07531278,-0.02254017,-0.8321014,-0.5414698,0.009341042,-0.1197099,-0.0435715,0.1712332,-0.09091222,-0.8312011,-0.5338262,-0.01038708,-0.1550045,-0.0460525,0.1172613,-0.27089,-0.8361395,-0.528883,-0.008809239,-0.1451752,-0.009388854,0.006971409,-0.4445064,-0.8425053,-0.5307779,0.02610986,-0.0881917,-0.02382388,-0.2022584,-0.3058152,0.8384193,0.539859,-0.06571384,0.0358747,-0.03959415,-0.231527,-0.1306234,0.835297,0.5436793,-0.08035265,0.01533327,0.02429766,-0.06939117,0.2179837,-0.8313692,-0.5505552,0.04642161,-0.05965935,-0.0146807,0.1023751,0.417387,-0.8224992,-0.5528492,0.001190759,-0.1336091,-0.008193934,0.1862209,0.3913703,-0.8207631,-0.5482203,-0.03353965,-0.1570909,0.129017,0.09185562,0.3703165,-0.8299158,-0.5420238,-0.002738208,-0.1320699,0.05909507,-0.1342886,0.2305418,-0.8354988,-0.5419073,0.04787108,-0.07737272,-0.1290965,-0.09012971,0.01320877,-0.8368095,-0.5415103,0.02908197,-0.07530392,0.01973796,0.09315998,-0.1290847,-0.8346461,-0.5373832,0.002083197,-0.1207511,0.04516993,0.1062324,-0.295771,-0.8343458,-0.5315731,0.004036434,-0.1458794,-0.05889561,0.05314374,-0.3640245,-0.8367622,-0.5312937,0.008089151,-0.1322519,-0.1458698,-0.05986202,-0.2821804,-0.8355801,-0.5405144,0.01233762,-0.09745696,-0.03185083,-0.05814083,-0.2308543,-0.8357345,-0.5444909,0.03639263,-0.06126144,0.09888197,-0.07871694,0.06935036,-0.8310885,-0.5497395,0.05383169,-0.06465678,0.01700692,0.03188692,0.2488348,-0.8309371,-0.5472699,0.03323541,-0.094522,-0.04041887,0.06597698,0.3173101,-0.8306732,-0.5453334,0.01221891,-0.1115532,0.07848081,0.1083297,0.3370681,-0.8326187,-0.5410197,0.01544058,-0.117496,0.09869494,-0.01266608,0.2690407,-0.8327903,-0.5414448,0.0364135,-0.1094168,-0.08686087,-0.03774124,0.04818819,-0.835397,-0.5394213,0.02932623,-0.1013729,-0.01499955,0.07328559,-0.1055173,-0.835272,-0.5337294,0.00719538,-0.1319161,-0.006960007,0.1081582,-0.2822956,-0.8363378,-0.5265434,0.002692424,-0.1525904,-0.04094833,0.08511118,-0.4396798,-0.8411918,-0.5238994,0.0093266,-0.1335618,-0.06120244,-0.1166675,-0.2587278,-0.8438233,-0.5286256,0.03605067,-0.08495564,-0.0807256,-0.1805063,-0.1866339,0.8396147,0.5392609,-0.05156605,0.03982189
1,0,0,-0.001566746,0.04239378,0.01441065,-0.6519595,-0.7495916,-0.05764286,-0.09868379,0.02578586,0.0714388,-0.2243629,-0.6549197,-0.7418427,-0.07689133,-0.1218085,-0.08487338,0.1658842,-0.5445566,-0.659782,-0.7357387,-0.08215217,-0.1289472,0.04050138,0.02525521,-0.4074539,-0.6620057,-0.7407863,-0.05944858,-0.09721096,-0.0005297569,-0.1446099,-0.09786145,-0.6565033,-0.7517667,-0.02060549,-0.05852922,-0.02861507,-0.1441547,0.09511011,-0.6509382,-0.7581617,-0.008272135,-0.03744022,-0.02429437,0.06814498,0.2996165,-0.6475623,-0.7591681,-0.03014467,-0.05846526,0.09904078,0.05644835,0.60773,-0.6468728,-0.7580601,-0.04570033,-0.06936891,0.03560537,0.007799522,0.3232298,-0.6494788,-0.7550491,-0.04846609,-0.07569136,-0.0407099,0.02340884,0.05234066,-0.6499618,-0.751371,-0.05797932,-0.09813023,-0.01103319,0.08997514,-0.1840213,-0.6509228,-0.7449355,-0.07855837,-0.1232847,0.01566614,0.01082744,-0.4011385,-0.6552217,-0.7386376,-0.08290503,-0.1350028,-0.04978112,0.1586503,-0.5389523,-0.6563599,-0.7368096,-0.09014015,-0.1348261,-0.05321467,0.00598336,-0.3350768,-0.6539052,-0.744737,-0.0692989,-0.1138967,0.007070121,-0.03884244,-0.005219966,-0.6523442,-0.7524462,-0.0476236,-0.07748411,-0.0713454,0.05907694,0.2866654,-0.6512803,-0.7559391,-0.0272661,-0.06038684,0.1102265,-0.04709047,0.3952794,-0.650205,-0.7581854,-0.02139092,-0.04394031,0.03333841,-0.01165676,0.5153946,-0.6499674,-0.7574311,-0.02265389,-0.05768285,0.008724572,0.06820644,0.1986614,-0.6496853,-0.7551429,-0.04149291,-0.07711372,0.0370755,0.01468316,-0.01936095,-0.6508643,-0.7509336,-0.0541226,-0.0976991,-0.0699489,0.06494468,-0.1921864,-0.6529552,-0.7438363,-0.07583523,-0.1208558,-0.07024115,0.0745732,-0.4671184,-0.6560317,-0.7371917,-0.08731861,-0.1361846,-0.02594552,0.08696695,-0.4781121,-0.6579121,-0.7379662,-0.07928091,-0.127562,-0.0371303,-0.02221026,-0.2865987,-0.6553451,-0.7468154,-0.05740544,-0.09743746,0.04284773,-0.007270956,0.1248417,-0.6547891,-0.7518024,-0.03807003,-0.06778625,-0.02149325,0.06060268,0.3116664,-0.6558869,-0.7522918,-0.02068378,-0.05866455,0.01053808,-0.213569,0.5785499,-0.6533296,-0.752459,-0.02139815,-0.08067191,0.1662114,0.03648616,0.3485593,-0.6548809,-0.7507029,-0.02496048,-0.08338515,0.03880223,-0.05632553,0.3130356,-0.6549252,-0.7491012,-0.04304369,-0.08981951,-0.007932605,0.1034428,0.178926,-0.6533027,-0.7449414,-0.07166623,-0.1145505
1,0,0,0.0009568932,-0.02897695,-0.001392441,-0.8032954,-0.5076381,-0.1002736,-0.294899,0.08708782,0.09233184,-0.04640807,-0.8098032,-0.5207109,-0.07744986,-0.2589991,0.04351839,-0.02945964,-0.0491453,-0.8135323,-0.5251867,-0.06988903,-0.2397073,0.006328687,0.05701322,0.03107415,-0.8101957,-0.5403291,-0.06309424,-0.218281,0.06542513,0.05048605,0.01306299,-0.8155469,-0.5413005,-0.05707239,-0.1965189,0.1335104,0.2251622,0.05959729,-0.824122,-0.5418975,-0.07014605,-0.1491626,0.1611535,0.03008275,-0.1528618,-0.8174387,-0.5630131,-0.09018716,-0.08170968,-0.0407136,0.2293622,0.1875689,-0.8049008,-0.5857844,-0.09174231,-0.02397107,-0.0627929,-0.194157,-0.2736473,-0.8079879,-0.5854391,-0.06645653,0.00003949925,-0.002562465,-0.2655415,-0.2555037,-0.8089375,-0.5870123,-0.03209938,0.002508976,0.3792694,-0.05232473,-0.7263043,-0.8146403,-0.577503,-0.05232087,0.01067789,-0.10846,0.36917,0.2890073,-0.816761,-0.5716603,-0.04969369,-0.06030405,0.1562422,0.04468489,0.3064402,-0.8316545,-0.5535314,-0.008965066,-0.04328217,0.009594356,-0.01368968,0.176204,-0.8289614,-0.5586467,-0.006963282,-0.02623805,-0.05192162,0.119796,0.08357245,-0.8240955,-0.5631137,-0.0325552,-0.05205635,0.05900244,0.091173,0.4258467,-0.8238209,-0.5612419,-0.02832054,-0.07432716,0.03545259,-0.001026985,0.4157737,-0.8272345,-0.5559757,-0.01931171,-0.07874715,0.01249316,0.002934559,0.2349197,-0.8287613,-0.5543709,-0.01626445,-0.07458539,-0.005058778,0.01989537,0.1029582,-0.8270363,-0.5549868,-0.02424427,-0.0860981,-0.02701422,0.08963966,-0.1426558,-0.8251977,-0.553147,-0.05522267,-0.1001379,0.06179628,0.0884802,-0.2651866,-0.8256409,-0.5526089,-0.04249392,-0.1055214,-0.008536045,0.002862182,-0.3678584,-0.8291804,-0.5529626,-0.01655081,-0.08011408,-0.05585834,-0.05800802,-0.4972512,-0.8282044,-0.5594341,-0.01134622,-0.0313414,0.0163848,-0.2100012,-0.04536042,0.821101,0.5703539,-0.02211084,-0.0008071903,0.01690801,-0.07728396,-0.01859678,0.8194135,0.5730819,-0.008497235,0.008151968,0.04976951,0.1209565,0.1861467,-0.8165341,-0.5714949,-0.02547764,-0.07756647,-0.02593592,0.2484028,0.3126764,-0.8164858,-0.5650005,-0.04627491,-0.1094711,0.008828609,0.007905011,0.345358,-0.8211782,-0.5644156,-0.02717369,-0.07976881,0.09134869,-0.07311618,0.3602296,-0.8219826,-0.5664011,0.0004264489,-0.05944893,-0.01605552,0.002301853,0.1509303,-0.8213201,-0.5656769,-0.01317498,-0.07259034
0,1,0,0.01892901,-0.2479393,-0.1663566,0.5571855,-0.5169338,-0.4874068,0.4298352,0.1669099,0.03422799,-0.08433412,0.5124107,-0.5421618,-0.5213199,0.4143929,0.2438735,0.2930023,0.3502289,0.5479301,-0.5372361,-0.5199912,0.3751789,-0.02649823,0.09122244,0.08413493,0.557347,-0.5586122,-0.508312,0.3448705,-0.1915455,-0.1976825,0.2296396,0.5742056,-0.5794953,-0.4799101,0.322737,0.03474752,0.05324225,0.03107881,0.5544291,-0.6091421,-0.4641755,0.325723,-0.05310593,0.001542543,-0.04620295,0.5635647,-0.6072658,-0.4587341,0.3212259,-0.02084397,0.08692788,-0.05089279,0.5501021,-0.6118498,-0.4672637,0.3235617,-0.04774328,0.05791218,-0.003131109,0.542196,-0.6169593,-0.464005,0.331789,-0.02015506,-0.04330723,-0.02437395,0.5289531,-0.6246638,-0.4691279,0.3315461,-0.01132746,-0.0325385,0.05701962,0.5282082,-0.6267853,-0.4703111,0.3270224,0.02548681,-0.01444411,0.02081407,0.5313024,-0.6279517,-0.4652094,0.3270698,0.03044032,0.0351498,0.05458415,0.5481348,-0.6196588,-0.4597664,0.3227785,0.1041461,0.01927848,0.04920552,0.5656302,-0.6110159,-0.4521019,0.3198841,-0.006879291,-0.01736037,-0.01618146,0.5668964,-0.6085305,-0.4568035,0.3156733,0.02835752,-0.009096745,-0.06923959,0.5643998,-0.6073653,-0.4618402,0.3150615,0.003821264,0.004131764,-0.03618057,0.5583572,-0.6063365,-0.4714502,0.3135729,0.02198356,-0.08372629,-0.08968411,0.5422319,-0.613556,-0.4815559,0.3124702,-0.1143137,-0.05588476,-0.007537038,0.5252086,-0.6194723,-0.4948427,0.3090967,-0.009013976,-0.1050286,0.04162105,0.5085875,-0.6281785,-0.4979964,0.3142135,-0.05607787,-0.1002088,-0.04673151,0.5038837,-0.6289195,-0.4985395,0.3194055,0.005522868,-0.02404489,-0.01560699,0.5050659,-0.621932,-0.4985989,0.33092,0.008810095,0.03508299,-0.083611,0.5162045,-0.6067322,-0.4936472,0.348886,-0.04634894,0.03802765,-0.1819296,0.5103292,-0.5969729,-0.5037992,0.3596859,-0.005683132,-0.000278323,-0.1017741,0.5089293,-0.581702,-0.5124542,0.3741718,0.004612313,-0.06432109,-0.1429099,0.5078846,-0.564662,-0.5171863,0.3946243,-0.004558517,0.01203382,-0.1555685,0.5222648,-0.5369065,-0.5154954,0.4162157,0.02311721,0.07324892,-0.1104044,0.5266253,-0.509724,-0.5122015,0.4477687,-0.01320591,0.0580986,-0.3223193,0.5180959,-0.4813241,-0.5273071,0.4710106,-0.07960483,0.008673427,-0.3347394,0.4993034,-0.4566906,-0.5472103,0.4926363
0,1,0,0.01090216,0.04086106,0.140112,-0.1593661,-0.7822037,-0.5700094,-0.1945485,-0.01683471,0.0317047,0.08347131,-0.1497998,-0.795911,-0.5557359,-0.1877318,-0.09208687,-0.04599467,0.1091272,-0.1696577,-0.7984157,-0.5462456,-0.1880546,-0.0232383,-0.1207289,-0.01463797,-0.1763935,-0.80077,-0.5439306,-0.1783033,-0.06446059,-0.4780815,-0.0914951,-0.1633026,-0.7846252,-0.5747322,-0.1654643,0.3286188,0.4545188,0.1397159,-0.1290286,-0.7926316,-0.5684803,-0.1786529,-0.08669281,0.5107641,-0.0999042,-0.08686629,-0.8146248,-0.5386458,-0.1967267,0.0290866,-0.04635575,-0.01247649,-0.15577,-0.8043014,-0.5320917,-0.2138066,0.1740288,-0.5403608,-0.03276873,-0.09937331,-0.7965004,-0.5587348,-0.2086323,-0.001552924,-0.2193209,0.09935446,-0.1182424,-0.7912782,-0.5594984,-0.2164691,-0.1629761,0.1130839,0.1273498,-0.1518101,-0.797563,-0.5398228,-0.2223471,-0.008652895,0.3723161,-0.1371869,-0.1870569,-0.8016187,-0.5249199,-0.2165093,0.04202531,-0.001198286,-0.05472581,-0.1588197,-0.8021762,-0.5368572,-0.2075425,0.03039528,-0.1591624,0.09679211,-0.140239,-0.8080804,-0.5331513,-0.2075782,0.09012938,-0.05414014,0.002804551,-0.1233164,-0.8085954,-0.5361471,-0.2085973,0.02544022,-0.003532134,0.0285071,-0.1195765,-0.8075755,-0.5359517,-0.2151254,0.01611514,0.0178998,0.06241523,-0.1271536,-0.8101016,-0.5271965,-0.2227806,-0.05872418,0.04329857,-0.006789495,-0.1602483,-0.8063472,-0.51972,-0.2324129,0.03240313,-0.1087407,0.0262741,-0.169549,-0.8047916,-0.5176467,-0.2358082,-0.1392422,-0.1100676,0.1415032,-0.2035962,-0.8026236,-0.5090214,-0.235034,-0.0537292,0.003545457,0.09850552,-0.2420686,-0.7991086,-0.4966552,-0.2369847,-0.02473274,0.05698483,-0.07186937,-0.2598451,-0.7940996,-0.4950316,-0.2383905,-0.05235026,0.04071499,-0.1419552,-0.2449159,-0.7904681,-0.509866,-0.2349746,0.01209586,-0.09445894,-0.1560101,-0.2246832,-0.7810279,-0.5354818,-0.2297218,-0.06380127,0.03792398,-0.2450581,-0.1963283,-0.7670689,-0.5662523,-0.2289519,-0.07494778,0.03532533,-0.3467644,-0.1874931,-0.7380648,-0.6085484,-0.2231043,0.01422448,0.05095984,-0.3855159,-0.1366578,-0.7041715,-0.667046,-0.2012876,-0.03469203,0.09441547,-0.3674327,-0.1074253,-0.6696519,-0.7108718,-0.1862456,0.03570391,0.2268757,-0.1585672,-0.07834947,-0.6350954,-0.7491494,-0.1711444,-0.03689604,0.2166253,-0.0291186,-0.06402737,-0.6158318,-0.7670094,-0.1683691
0,1,0,-0.06145384,-0.07870647,-0.264545,-0.5564675,-0.2737709,-0.3222294,-0.7152354,-0.07162337,-0.05923115,-0.06864375,-0.5672388,-0.2788938,-0.324299,-0.7037674,-0.01961851,-0.2236734,-0.1577612,-0.5719838,-0.2802307,-0.3228306,-0.7000612,-0.04205593,-0.2882949,0.01913933,-0.5818202,-0.2848909,-0.3149254,-0.6936457,0.09140614,-0.4503707,0.108179,-0.5811777,-0.2820289,-0.3044105,-0.7000189,-0.01725119,-0.346887,0.1179086,-0.5713497,-0.2596204,-0.2859496,-0.7241474,-0.0695366,-0.2631083,0.07336333,-0.5553189,-0.2379517,-0.2761279,-0.747498,-0.009930028,-0.03309213,-0.0106531,-0.5276357,-0.2124096,-0.2700363,-0.7768933,-0.04640385,0.1569652,-0.02146471,-0.5120465,-0.1940477,-0.265976,-0.793354,0.04866402,0.1745887,-0.02926429,-0.514424,-0.1914164,-0.2628127,-0.7935094,-0.002185211,0.1854486,0.02191351,-0.5295762,-0.199229,-0.2598849,-0.7825066,0.01326672,0.3887991,0.1582752,-0.5606951,-0.2171315,-0.2489073,-0.7592892,-0.06849172,0.4205188,0.2381707,-0.5785538,-0.2356436,-0.2448252,-0.7414905,0.02143615,0.3789401,0.09990186,-0.5790408,-0.2479892,-0.2514482,-0.734838,-0.1227554,0.1718959,-0.09908219,-0.5732703,-0.2496001,-0.2627447,-0.7348647,-0.08029884,0.1064218,-0.1596132,-0.5575989,-0.242572,-0.2747785,-0.744808,-0.07181373,-0.02072942,-0.07467088,-0.5473759,-0.2324914,-0.2865445,-0.7511455,0.017495,0.05536283,-0.08777333,-0.5370045,-0.2321499,-0.305369,-0.7513204,-0.03777433,-0.389982,-0.0113836,-0.5474861,-0.245163,-0.3136817,-0.736042,0.01163194,-0.1532411,0.04688584,-0.5606918,-0.2516331,-0.3165944,-0.7225465,0.07385983,-0.09667648,0.1294128,-0.5768815,-0.2615467,-0.3115743,-0.7083238,-0.1200855,-0.2381132,0.1526158,-0.5982438,-0.2670752,-0.2963599,-0.6949431,0.123335,-0.4821036,0.04503571,-0.6105207,-0.2692856,-0.2815743,-0.6895401,0.01042694,-0.5084209,0.1910526,-0.624355,-0.2468715,-0.256451,-0.6953187,0.005912771,-0.2706337,0.1929576,-0.6152301,-0.2222983,-0.2388714,-0.717646,-0.01743424,-0.2147759,0.1144555,-0.5916604,-0.2029364,-0.2280697,-0.7461494,0.05251187,-0.02967592,0.03277827,-0.5613875,-0.1851558,-0.2263698,-0.7741563,0.0009143199,0.1628213,-0.0844847,-0.5380738,-0.1773853,-0.2296364,-0.7913773,0.02075539,0.1934208,-0.02169334,-0.539923,-0.1795897,-0.2316769,-0.7890224,0.02976802,0.2069803,0.04076695,-0.5558909,-0.1884917,-0.2322585,-0.7755721
0,0,1,-0.02234277,-0.02638729,0.001319992,-0.5236129,-0.1050311,-0.1834549,-0.8253134,-0.01978518,-0.006805589,-0.01565854,-0.5224182,-0.1093771,-0.1905556,-0.8238959,-0.03017089,0.0003487303,-0.002994014,-0.5225154,-0.1134338,-0.2002735,-0.8209757,-0.02217903,-0.001582901,0.001689971,-0.5220498,-0.1146267,-0.2091793,-0.8188826,-0.008401711,0.00524029,-0.006317163,-0.52246,-0.113475,-0.2159421,-0.8170238,-0.001865029,0.006960213,-0.002317462,-0.5223917,-0.1142308,-0.2273507,-0.8138611,0.002702927,-0.001211317,0.01298787,-0.5233703,-0.1110285,-0.2379053,-0.8106524,0.02305768,-0.02451129,-0.007253902,-0.524631,-0.1059217,-0.2433433,-0.8089047,0.03142404,-0.005142945,0.0007675276,-0.5247,-0.09765168,-0.2433318,-0.8099035,0.04064934,-0.0210907,-0.00265496,-0.5248202,-0.09072593,-0.2395758,-0.8117486,0.04296812,0.008226767,-0.02145421,-0.5226684,-0.08603285,-0.2355967,-0.8148069,0.05063911,-0.02045897,0.0002666046,-0.5211674,-0.08368874,-0.2345864,-0.8163025,0.02089904,-0.01569714,-0.01125608,-0.5206834,-0.08121626,-0.2331734,-0.8172655,0.03305242,-0.011639,-0.001423074,-0.519734,-0.07950833,-0.2288136,-0.8192675,0.02580733,0.008624413,-0.006142846,-0.5183435,-0.07752816,-0.2204193,-0.8226328,0.0174694,-0.003107064,0.002880477,-0.5183362,-0.07710052,-0.2124742,-0.8247652,0.02187031,0.0200623,0.01083466,-0.5180112,-0.07714942,-0.2047497,-0.8269159,-0.007270306,-0.02033683,0.0203096,-0.5205753,-0.07844086,-0.1975756,-0.8269295,-0.0004994947,-0.02426467,-0.02479987,-0.5216737,-0.08221011,-0.1951841,-0.8264389,0.00654268,0.01858093,-0.003745593,-0.5185436,-0.08502045,-0.1931856,-0.8285912,0.01278292,0.01869753,-0.002672853,-0.513796,-0.0873072,-0.1891429,-0.8322356,0.01112917,-0.01584934,0.0009140313,-0.5099694,-0.08994393,-0.1846089,-0.8353207,-0.005323671,0.007967506,-0.004960168,-0.506268,-0.09134519,-0.1787841,-0.8386805,0.00533879,-0.004972373,0.003899098,-0.5027153,-0.09135254,-0.1724851,-0.8421288,-0.009781104,-0.007006698,-0.0004725266,-0.5013461,-0.09393598,-0.1700538,-0.8431547,-0.01293955,0.01759911,0.0117783,-0.5005263,-0.09764403,-0.1680389,-0.8436243,-0.0197599,-0.02507075,-0.003421175,-0.5007988,-0.1006472,-0.1667134,-0.8433726,-0.01061997,-0.001737914,-0.01460807,-0.5004201,-0.1035687,-0.163544,-0.8438641,-0.0282749,0.003774962,0.009835974,-0.4997957,-0.1076281,-0.1616434,-0.8440923,-0.01704783,-0.01181112,0.01853347,-0.4991701,-0.1106471,-0.159087,-0.8445578
0,0,1,-0.0004268932,-0.0005660242,-0.01232002,0.1171527,-0.06857964,0.7655117,0.6289387,0.006821854,-0.01363071,0.002336085,0.1207509,-0.0673655,0.7675772,0.6258645,-0.005256093,-0.03450421,0.0352062,0.1228305,-0.06517752,0.768715,0.6242931,0.0231992,-0.01801523,0.0329484,0.1215721,-0.06559261,0.7688887,0.6242821,-0.0290672,-0.001372913,0.007064657,0.1198226,-0.06577477,0.7688022,0.6247074,0.008619235,0.008676627,-0.01782803,0.1172924,-0.06623639,0.7683246,0.6257257,-0.02169815,0.01456119,-0.007843417,0.115315,-0.06942048,0.7667797,0.6276402,0.0005535826,-0.01940935,-0.004474659,0.1139009,-0.06889654,0.7682475,0.6261594,-0.006179946,-0.002707167,-0.001447532,0.1110298,-0.06918111,0.7677942,0.6271989,0.02303475,-0.005658431,-0.01284856,0.1082248,-0.07061447,0.7639666,0.6321835,0.00250515,0.04835869,-0.01316267,0.1068693,-0.07375236,0.7642228,0.6317461,0.001019302,-0.00505025,0.007057169,0.110436,-0.07266897,0.7654313,0.629792,-0.00947132,0.02678797,0.01680936,0.1116657,-0.07155053,0.7660068,0.629003,-0.008813391,-0.008718458,-0.01068042,0.11375,-0.0689896,0.7681495,0.6262968,0.008949853,-0.006205176,-0.004997949,0.1151747,-0.06678064,0.7694224,0.6247115,0.01170257,-0.01761321,0.03227311,0.1148091,-0.06478574,0.7699095,0.6243885,0.01688736,-0.00174638,0.001296993,0.1128844,-0.0652821,0.7693657,0.6253573,0.01617057,0.005256117,-0.0123314,0.1122092,-0.06438556,0.7692003,0.6257752,-0.03313132,0.00599128,-0.002044342,0.1119571,-0.06371077,0.7692584,0.6258178,0.002586643,0.04046915,-0.02889512,0.1110033,-0.06452127,0.7690635,0.6261442,0.001002211,-0.009952486,0.02285769,0.110635,-0.06377419,0.7682341,0.627303,-0.001444736,0.006335497,-0.0007808991,0.1083617,-0.06582242,0.7678873,0.6279126,-0.004714715,-0.0257106,-0.008224045,0.1095443,-0.06772616,0.7684882,0.6267688,0.001688585,-0.0006221635,-0.003784395,0.1113919,-0.06872559,0.7685332,0.6262789,0.01215536,0.004079086,0.001074393,0.110824,-0.07010203,0.7685164,0.6262478,0.009600027,0.008480308,0.02005355,0.1114059,-0.06972659,0.7686239,0.6260545,-0.0006288037,-0.003241455,-0.02624939,0.1100258,-0.06817608,0.7675239,0.6278164,-0.02844058,0.02612843,0.04411604,0.1096394,-0.06945767,0.7665603,0.6289198,0.03697669,-0.007409814,-0.003438485,0.1070951,-0.06822468,0.7662324,0.6298921,-0.0009545592,-0.0003249168,-0.02806024,0.1056911,-0.06843328,0.7665358,0.6297374
1,0,0,0.05966061,-0.01392181,0.3605614,-0.8218495,-0.5640365,-0.01000803,-0.07953601,0.05179452,-0.01694013,0.2474284,-0.8213724,-0.5642177,-0.001499232,-0.0836859,-0.02803691,0.04463186,0.07337029,-0.8212493,-0.5608652,-0.01593861,-0.1035652,-0.06340605,0.04679643,-0.1497979,-0.822264,-0.5578205,-0.02564181,-0.1098208,-0.04074609,0.006484757,-0.2731091,-0.8243618,-0.5560856,-0.02208637,-0.1034822,0.04790006,0.05728268,-0.5980422,-0.8262239,-0.5566375,-0.02315422,-0.08350143,0.04172472,-0.01687029,-0.3544342,-0.8253968,-0.5597463,0.008782972,-0.07298778,-0.02512266,-0.1221873,-0.1406716,-0.8247116,-0.5635221,0.0248862,-0.04091789,-0.04600994,-0.05104876,0.08588587,-0.8204348,-0.5694273,0.01593149,-0.04884252,-0.002220487,0.09490364,0.2627781,-0.8172789,-0.567263,-0.007704645,-0.1010375,0.03897352,0.1546876,0.4941328,-0.8221484,-0.5562834,-0.0280027,-0.1176292,0.04445815,0.006352184,0.3890286,-0.8263223,-0.5549998,-0.01337054,-0.09480552,0.009627262,-0.02891399,0.08245974,-0.8284376,-0.5547165,-0.008455783,-0.07687058,-0.01513311,0.008350588,-0.1214216,-0.8264093,-0.5560902,-0.02046202,-0.08598049,0.006944228,0.05676254,-0.258968,-0.8250346,-0.5547705,-0.03231708,-0.1024848,-0.007634128,0.10194,-0.4539594,-0.8271587,-0.5498199,-0.0272336,-0.1129818,-0.08033309,0.05243433,-0.4092631,-0.8295679,-0.5499166,-0.0211443,-0.09466588,-0.03404342,-0.07994862,-0.1512655,-0.831381,-0.5532651,0.001890095,-0.05195976,0.07256964,-0.09110676,0.07702281,-0.8273662,-0.5588765,0.03442446,-0.04401145,-0.02434013,0.01779696,0.1926694,-0.8246604,-0.5602096,0.008342948,-0.07765739,-0.01970284,0.0913348,0.4472091,-0.8244864,-0.5549912,-0.01979937,-0.1086961,0.09789508,0.06010944,0.3498336,-0.8283481,-0.5490107,-0.006054223,-0.1113101,-0.007274676,0.01383044,0.2700038,-0.8297486,-0.5483776,0.0002141893,-0.1039185,-0.06966663,0.05269792,-0.1709805,-0.8316138,-0.5468003,-0.02474333,-0.09389193,0.05838394,-0.01468714,-0.2229648,-0.831301,-0.546811,-0.001683887,-0.09966712,0.003235115,-0.009576894,-0.4190237,-0.8320655,-0.546261,0.008638367,-0.09587142,-0.06379214,0.02717302,-0.4632888,-0.8342287,-0.5453371,0.004131328,-0.08156432,-0.06883965,-0.01795204,-0.1870546,-0.8321093,-0.5507915,0.00328288,-0.06489925,0.005181048,-0.06199464,-0.05194642,-0.8299536,-0.555236,0.002088794,-0.05371862,0.1119715,-0.02040849,0.209739,-0.8280612,-0.555568,0.02142111,-0.07211072
0,0,1,0.04661795,0.0009348423,-0.002078086,-0.4349454,-0.2703407,-0.4051099,-0.7573799,0.04489581,-0.007921701,0.009251369,-0.4297761,-0.2779248,-0.4148102,-0.7523182,0.06513267,-0.005161325,0.0249773,-0.4275475,-0.282196,-0.4192426,-0.7495359,0.06840704,0.005197501,-0.02267131,-0.424802,-0.288137,-0.4331356,-0.7408872,-0.005537929,0.02654532,0.01923287,-0.4237658,-0.2948187,-0.4463696,-0.73093,-0.0111182,0.01716976,0.03021112,-0.4190662,-0.300487,-0.4670837,-0.7182784,-0.04659562,0.01143964,-0.02295124,-0.4188248,-0.3022563,-0.4792295,-0.7096239,-0.02680781,-0.004293876,-0.04434666,-0.4201546,-0.3069317,-0.4876646,-0.7010323,-0.06558381,0.01086169,-0.01223585,-0.4230321,-0.3049436,-0.4894899,-0.698894,-0.07018854,0.02718521,0.01907227,-0.426456,-0.3013269,-0.4887094,-0.698928,-0.07255067,0.008139828,0.006427344,-0.4316889,-0.296829,-0.4850816,-0.7001666,-0.08439416,-0.06049265,0.00456894,-0.4422301,-0.2921681,-0.4765819,-0.7013844,-0.06206712,0.03048113,-0.02407635,-0.4483163,-0.2857277,-0.4694397,-0.7049812,-0.08175198,-0.009625773,0.003078814,-0.4524637,-0.2803336,-0.4606367,-0.7102841,-0.1182975,0.009490502,-0.0162693,-0.4547366,-0.2807543,-0.4529108,-0.7136269,-0.04796035,-0.03496299,-0.01993423,-0.4549728,-0.2808525,-0.4499644,-0.7152997,-0.04937604,0.0541942,-0.03792967,-0.4521341,-0.2773853,-0.4464012,-0.720665,-0.03300413,-0.0165184,0.003491679,-0.4513855,-0.2758706,-0.4431505,-0.7237155,-0.02487551,0.01681676,-0.008959529,-0.4515151,-0.2717563,-0.4369834,-0.7289225,-0.0002041051,0.01295427,-0.002078184,-0.4520414,-0.2688104,-0.4316863,-0.7328345,-0.006017875,0.01264609,-0.01302531,-0.4526861,-0.2655221,-0.4236785,-0.7382885,0.01465644,-0.007481169,-0.007602243,-0.4527519,-0.2627043,-0.4167348,-0.7431919,0.03092997,-0.007656507,-0.01453858,-0.4527157,-0.2599663,-0.4098872,-0.7479696,0.02141976,0.00134338,0.0187815,-0.4523982,-0.2577144,-0.4005684,-0.7539656,0.07957298,-0.03769302,0.001590243,-0.4523124,-0.2603267,-0.393864,-0.756647,0.03398532,0.02427643,-0.01226245,-0.4535924,-0.2561645,-0.3842317,-0.7622333,0.009635526,0.00363512,0.008463809,-0.4557057,-0.2513677,-0.3733934,-0.7679349,0.02952623,-0.01347318,0.002999703,-0.459421,-0.2459469,-0.3634905,-0.7722157,0.04619792,0.004789644,-0.002713454,-0.4652379,-0.2332613,-0.3486038,-0.7794987,0.05607198,0.002826991,-0.0009776799,-0.4732727,-0.2160092,-0.3260106,-0.7893479
0,1,0,0.07489584,0.04141187,-0.1574257,-0.4684839,0.4377423,0.5384683,-0.5467691,0.0008177044,-0.00869803,-0.3295603,-0.4598864,0.426248,0.5493184,-0.5523283,0.01703365,-0.02365959,-0.2197217,-0.4571548,0.4209572,0.5532753,-0.5546989,0.07220091,-0.01500192,-0.111962,0.458077,-0.4180734,-0.5570158,0.5523707,-0.00738366,-0.106767,0.03903278,0.4606903,-0.4186451,-0.5567802,0.5499968,0.05071572,-0.271989,0.0996057,0.4633636,-0.4209556,-0.5561787,0.5465854,-0.01693987,-0.6873724,0.1722254,0.4687793,-0.4330672,-0.5508531,0.5378286,-0.04719817,-0.6529464,0.2000726,0.4673272,-0.4338344,-0.5493174,0.5400401,-0.01973309,-0.3838069,0.1083096,0.4592685,-0.4181189,-0.5574313,0.5509259,-0.01145512,-0.08398935,0.06292807,0.4462831,-0.4046655,-0.5672321,0.5615379,-0.05940674,0.1227297,-0.04849787,0.4314654,-0.4019676,-0.5744985,0.5676364,-0.004881957,0.221729,0.00283234,0.4229844,-0.4087584,-0.5774742,0.5661486,0.03911232,0.209512,-0.09852917,0.4307354,-0.4203683,-0.5724744,0.5568038,-0.03618919,0.5087791,0.08098031,0.4533418,-0.4396795,-0.5540712,0.5423728,0.02313107,0.7658733,0.2338755,-0.4797967,0.4505999,0.5292642,-0.5353823,0.04961025,0.4972532,0.03292739,-0.4814813,0.4508496,0.5254512,-0.5374116,0.04691892,0.1777613,-0.1335831,-0.4757414,0.4444959,0.5298803,-0.5434339,0.04504625,0.07856059,-0.08265167,-0.4619907,0.4338443,0.5417509,-0.5521319,-0.001121652,0.05914314,-0.1436078,-0.4469545,0.4277633,0.5545036,-0.5565752,0.05517558,-0.01814263,-0.1992624,-0.4432524,0.4187495,0.560263,-0.5606082,0.1875286,-0.1882005,-0.2085603,0.4434583,-0.4160983,-0.5641703,0.558497,0.2163523,-0.1208856,0.04498682,0.4504147,-0.4132872,-0.5656313,0.5535174,0.04211928,-0.2182081,0.08659131,0.4591002,-0.4136094,-0.560304,0.5515557,0.04859469,-0.3186761,0.1575708,0.477358,-0.4147801,-0.5488253,0.546697,-0.08409182,-0.3788431,0.2007215,0.4769866,-0.4247321,-0.5472397,0.5409391,-0.03390537,-0.5677873,0.08988658,0.4700867,-0.4198144,-0.5507281,0.5472412,0.00566987,-0.424315,0.1434396,0.4597704,-0.4119377,-0.5593606,0.5532035,-0.003655639,-0.1349791,0.06746677,0.4421757,-0.4001615,-0.5717618,0.5634181,0.03538537,0.05429583,-0.04375571,0.4323897,-0.3925793,-0.5764226,0.5715398,0.03228598,0.1733269,-0.02251389,0.4291956,-0.3986804,-0.5751709,0.5709847
0,0,1,0.06340881,-0.01920049,0.01124352,-0.02337584,-0.7599739,-0.6479157,-0.04580781,0.0220071,0.02882286,0.008952917,-0.009168535,-0.7601794,-0.6479843,-0.04647079,-0.0009886142,0.004760276,0.01781717,0.001330584,-0.7602053,-0.6481594,-0.04444703,0.03132013,0.01254437,-0.02371232,0.01498175,-0.7600687,-0.6486574,-0.03625777,0.002319832,-0.003830198,-0.02529633,0.02420244,-0.7601236,-0.6487488,-0.02741054,0.02422237,0.00207478,-0.05568931,0.03517395,-0.7610364,-0.6476145,-0.01348525,0.04574824,0.01304247,-0.05264042,0.04167482,-0.762849,-0.6452267,0.002660573,0.09500271,-0.07476385,-0.03600028,0.05237427,-0.7645893,-0.6420919,0.01944399,0.03674336,0.05704036,0.008892623,0.06705323,-0.7611196,-0.6448905,0.01780564,0.0005978364,-0.07181501,-0.000374112,0.07314169,-0.7636684,-0.6412449,0.01630163,0.0273158,0.05548702,0.07520515,0.07087815,-0.7639717,-0.6411106,0.01733732,-0.01219606,0.03879805,0.07384082,0.06474468,-0.7662383,-0.6388747,0.02293542,-0.04893348,-0.009726522,0.04816777,0.05873856,-0.7677221,-0.6374846,0.02767715,-0.0406729,-0.01857188,0.01000127,0.04475096,-0.7713042,-0.6342046,0.02952299,-0.01042672,0.0371497,-0.001648592,0.02683884,-0.7733678,-0.6327385,0.02870446,-0.06017795,-0.002015653,0.03041403,0.0133636,-0.7740809,-0.6325324,0.02286825,-0.0304958,0.01889017,-0.05037431,-0.001254708,-0.7751536,-0.6316199,0.01384091,-0.03734837,0.0005214423,-0.03502024,-0.01233438,-0.7762966,-0.6302452,0.001529664,-0.02738742,-0.01481647,-0.07750738,-0.0270991,-0.7763902,-0.6293359,-0.02050135,-0.09041823,-0.09061717,0.05470465,-0.04850304,-0.7729616,-0.6310308,-0.04447478,-0.04113322,0.08614494,-0.01079657,-0.07109419,-0.7705581,-0.6309257,-0.05584317,-0.0110226,-0.01144538,0.02550465,-0.08229527,-0.7712053,-0.6277705,-0.06613696,0.06645521,0.003089074,0.0392245,-0.09284213,-0.7695405,-0.6275046,-0.07365969,0.08544485,0.04730916,0.0671085,-0.100209,-0.7667739,-0.6277158,-0.08937955,0.04312162,-0.01643681,-0.001074016,-0.1115108,-0.7624512,-0.6269122,-0.1149553,0.04646582,0.005705329,0.02693294,-0.1190732,-0.7572963,-0.6276991,-0.1353425,0.02946866,0.02467155,-0.01112329,-0.1233042,-0.7557672,-0.6248643,-0.1521734,-0.001246108,-0.01324582,0.01438289,-0.1296593,-0.7540232,-0.6227625,-0.1637204,0.02405577,0.002596611,-0.02663852,-0.1292648,-0.755076,-0.6215415,-0.16382,0.02214799,0.005356112,-0.03921752,-0.1246226,-0.7586474,-0.6200471,-0.1564127
0,1,0,-0.04712387,0.0717057,-0.1554063,-0.6820018,0.340619,0.3951639,-0.5125404,0.5676349,-0.5886097,0.0474666,-0.6415507,0.4019121,0.4226993,-0.4982015,0.02401411,-0.3233308,-0.3486806,-0.5806948,0.4684279,0.4521062,-0.4888443,0.3508621,0.5148833,-0.06304675,0.4866602,-0.5427641,-0.5038208,0.4633936,-0.2337094,0.3320442,0.2152457,0.4475088,-0.5918285,-0.4970209,0.4499391,-0.2261635,-0.4674883,0.2765629,0.432469,-0.5782202,-0.5233967,0.4524243,-0.04037991,-0.4965058,0.05653482,0.4489721,-0.549875,-0.5382437,0.4542635,-0.01153167,-0.2867857,-0.06586657,0.446209,-0.5242985,-0.5500454,0.4727141,-0.05551728,-0.01095709,-0.00179557,0.4486131,-0.4962472,-0.5613399,0.4872192,0.01919497,0.1336622,-0.01544227,0.4610536,-0.4670989,-0.5634657,0.5017516,0.1091339,0.2706309,-0.0790455,0.4722778,-0.4629065,-0.5506889,0.509326,-0.07358371,0.3922734,-0.08405068,0.4735166,-0.4746493,-0.5517277,0.4960711,-0.05743893,0.4795398,0.07550237,0.4785696,-0.4896981,-0.544791,0.4841173,-0.06704376,0.3462121,0.2810289,0.4750539,-0.4893366,-0.545072,0.4876164,0.08489713,-0.1952043,-0.2101825,0.4581697,-0.4751652,-0.5515237,0.5100198,0.1461221,-0.07798304,-0.08760662,0.4512219,-0.467384,-0.555041,0.5195003,0.09047946,0.3207734,0.02299641,0.447857,-0.4638445,-0.556398,0.5241123,-0.04838767,0.2537537,0.1672088,0.4441802,-0.4594228,-0.5575136,0.5299182,-0.04069386,0.2552183,0.1670434,0.4402752,-0.452662,-0.5597154,0.5366315,0.02609947,0.04797259,0.1329511,0.4302231,-0.4397111,-0.5667123,0.548087,-0.002428035,-0.008020214,-0.1549717,0.4198401,-0.4248677,-0.5752191,0.5588781,-0.04804491,-0.1534361,-0.1926797,0.4208788,-0.4240233,-0.575618,0.5583271,-0.1702684,-0.07961544,-0.3253496,0.4278672,-0.4352902,-0.5684851,0.5516129,0.05600935,-0.08133215,-0.2572251,0.4328747,-0.4472339,-0.5615582,0.5452098,-0.08254717,0.000171156,-0.1590364,0.4417579,-0.4612813,-0.5542238,0.5337654,-0.05177291,0.1182835,-0.06853906,0.4467861,-0.473567,-0.548799,0.5243434,0.04108066,0.01327285,0.0886862,0.458006,-0.4809831,-0.5406407,0.5163269,0.02912122,-0.3083166,0.0688033,0.4655624,-0.493805,-0.5327862,0.5055167,0.008435799,-0.4970072,0.0929722,0.4640887,-0.5008887,-0.5317802,0.5009412,0.003158845,-0.3544367,0.06721048,0.4597414,-0.4943952,-0.5404057,0.5021682
0,1,0,0.03653359,0.257239,-0.02799742,0.412817,-0.4297037,-0.6280305,0.5005143,0.02415944,0.1810627,-0.04864469,0.4290466,-0.4610723,-0.6124679,0.4777178,0.03826823,0.1887701,-0.00801151,0.4443508,-0.4857108,-0.597138,0.4583269,0.04205571,0.5232471,0.2229009,0.4652264,-0.5091994,-0.5750448,0.4400044,-0.01081491,0.4260215,0.2011058,0.4687642,-0.5108809,-0.5702037,0.4406002,-0.04305407,0.3575459,0.07196906,0.4623034,-0.4979253,-0.575258,0.4554385,0.02933246,0.05171799,-0.2500038,0.449941,-0.4822764,-0.5854666,0.4713717,-0.07504211,-0.0006755799,-0.253368,0.4428938,-0.4704528,-0.5923648,0.4812725,0.02136034,-0.05983574,-0.06761083,0.4520119,-0.457722,-0.5912619,0.4864002,0.2186213,-0.174083,-0.1168374,0.4607677,-0.4507062,-0.5883958,0.4882083,0.02491616,-0.1499669,-0.04401796,0.4729827,-0.4604392,-0.5788125,0.4788102,-0.1489078,-0.0511309,0.08155625,0.4946395,-0.4756634,-0.5598131,0.4644194,0.02880313,-0.3081425,-0.006324991,0.5181938,-0.4852535,-0.5427179,0.4488447,0.07079879,-0.4119984,0.1835662,0.5290794,-0.4948151,-0.5329053,0.4373156,0.01774884,-0.4053022,0.2503444,0.5311505,-0.4979578,-0.5306426,0.4339765,0.01261032,-0.2173037,0.2166256,0.5172537,-0.4853252,-0.545514,0.4464555,-0.001535736,-0.1940049,0.1238989,0.4843974,-0.4566566,-0.5773555,0.4727413,0.01554567,0.001267916,0.04636591,0.4395558,-0.4274014,-0.6095916,0.5025104,-0.05824664,0.04923136,-0.09344085,0.4142435,-0.4117464,-0.6255935,0.5172039,0.02944249,0.2075604,-0.06655712,0.4039269,-0.40951,-0.6310357,0.5205174,-0.04802393,0.3005787,-0.03957707,0.402689,-0.4247086,-0.6272587,0.5138198,0.01369697,0.2127558,-0.02910566,0.4114927,-0.447099,-0.6171468,0.4999059,0.02942534,0.1953,-0.0768308,0.4277586,-0.4884046,-0.5946241,0.4742422,-0.04574989,0.3235951,0.1301864,0.4517974,-0.5151646,-0.5694087,0.4541567,0.008988439,0.1996177,0.2487053,0.4613626,-0.5166425,-0.5609134,0.4534327,-0.04823468,0.2036503,0.06766831,0.4512456,-0.4983138,-0.5689635,0.4736467,-0.1140848,0.3629981,0.2394323,0.4247524,-0.4760182,-0.5900722,0.4947798,0.002963879,0.2478765,-0.1068658,0.4025505,-0.4572499,-0.6075184,0.509703,-0.04972792,-0.0001625009,-0.2634879,0.3909832,-0.45535,-0.6148669,0.5115928,-0.03429968,-0.1784966,-0.1551042,0.3966531,-0.456742,-0.6189791,0.500917
0,0,1,0.03474916,-0.04803444,-0.01462119,-0.534436,0.04280977,0.01494455,-0.8439918,0.1075545,-0.1308564,-0.05992278,-0.5283425,0.07906082,0.0601261,-0.8432013,0.008880075,0.139069,-0.05640854,-0.5228087,0.09556915,0.1131828,-0.8394803,0.1419008,-0.1576494,-0.2800967,-0.5172678,0.1098124,0.1713555,-0.8312716,0.07307082,0.1396742,-0.0181597,-0.5047046,0.1275949,0.2231796,-0.824126,0.001784268,0.09133603,-0.01373026,-0.4905854,0.1458086,0.2617041,-0.8182766,0.0416666,0.04233028,-0.04166111,-0.474835,0.1701168,0.2945631,-0.8116801,0.01745644,0.008693363,-0.04050294,-0.4678409,0.1935847,0.3151189,-0.8027141,0.07015285,-0.001200231,-0.05216265,-0.4563901,0.2175703,0.3390786,-0.7933453,0.06567866,0.01964696,0.04314745,-0.4413832,0.2429104,0.3737285,-0.7787826,0.01026392,-0.01018641,0.03195623,-0.4250768,0.2760019,0.4090109,-0.7588431,0.002770794,-0.03088198,0.05744466,-0.4097887,0.2989401,0.4344966,-0.7442585,-0.1537988,-0.3598528,-0.1444061,-0.3969102,0.3140832,0.4504613,-0.7354581,0.09305722,0.2450208,-0.02208957,-0.3860019,0.305488,0.458267,-0.7400479,0.05148967,0.03016517,-0.04991915,-0.3961909,0.3035388,0.4624807,-0.7328087,-0.0365398,-0.07030951,-0.0713646,-0.4048656,0.2973864,0.4599285,-0.732196,-0.09609156,0.103738,-0.03434016,-0.4119812,0.2929329,0.446479,-0.7383212,-0.07282241,0.03291349,0.03341932,-0.4220098,0.2787287,0.4170897,-0.7551517,-0.1079009,-0.008060571,0.01277383,-0.4424191,0.2565483,0.3745943,-0.773387,-0.1305393,0.01413223,0.02960303,-0.4685032,0.2206429,0.318288,-0.7940492,-0.04792278,-0.03685727,-0.03139239,-0.4862863,0.1798242,0.2560944,-0.8158458,0.05378029,0.09629751,-0.00309875,-0.4903211,0.1420621,0.1988971,-0.8365665,0.06119996,-0.1568208,0.07571629,-0.4990548,0.07616425,0.112216,-0.8558918,0.1421264,-0.1122489,0.1358364,-0.4956773,0.02198544,0.04430339,-0.8670974,0.1040839,-0.01793092,0.1632551,-0.4950809,-0.02038027,-0.01121211,-0.8685354,0.07307644,0.04894808,0.06695919,-0.4947498,-0.04886191,-0.059645,-0.8656082,0.09710333,-0.01673312,0.06759576,-0.4952334,-0.07382198,-0.1043143,-0.8593094,0.07885225,-0.02696368,-0.01744891,-0.4947381,-0.1085841,-0.1567667,-0.8478608,0.04173519,0.01262548,-0.01045175,-0.4865749,-0.1383033,-0.2044214,-0.8380507,0.06107682,0.01219282,-0.02300896,-0.4766188,-0.1673408,-0.2566448,-0.8239933
0,1,0,-0.1542999,0.001850138,0.02108346,-0.5854532,-0.2331736,-0.2233494,-0.7436328,-0.02316034,0.05168901,-0.00871303,-0.5790965,-0.2382144,-0.2355465,-0.7432489,-0.08738969,0.01485391,-0.1880082,-0.5745305,-0.2510056,-0.2542637,-0.7363836,-0.1107182,-0.04177237,-0.2779986,-0.5734357,-0.2628096,-0.2633413,-0.7298999,-0.03437167,-0.1668206,-0.2527767,-0.5896483,-0.2721461,-0.2613256,-0.7141151,0.01429777,-0.1734466,0.01911564,-0.6122016,-0.2566859,-0.2428958,-0.7073352,0.01809579,-0.0705786,-0.1133507,-0.6269931,-0.2474375,-0.2311853,-0.7015752,-0.1084562,-0.183734,0.03176738,-0.639811,-0.2353719,-0.2145584,-0.699433,0.0330479,-0.3862689,0.2335618,-0.6527009,-0.2169205,-0.1903566,-0.7004937,0.01075399,-0.3618057,0.1488973,-0.6502901,-0.1995852,-0.1729487,-0.7123042,0.04765026,-0.2178073,0.06157308,-0.6228754,-0.1779442,-0.1538452,-0.7461191,0.01485904,-0.05614432,0.02596558,-0.5833926,-0.1607153,-0.1525036,-0.7813874,0.04075229,0.1631865,0.04473193,-0.5564367,-0.1538912,-0.1607434,-0.8005356,0.1419438,0.1279311,-0.04624989,-0.5361248,-0.1642591,-0.1795854,-0.8082934,0.07450375,0.253852,-0.0797016,-0.5365208,-0.1759167,-0.1941919,-0.8021771,-0.0009133202,0.2589723,0.01193246,-0.5549631,-0.1867697,-0.1971256,-0.7863044,0.007829055,0.1906653,0.06208236,-0.5829854,-0.2017669,-0.1938264,-0.7627906,-0.07608289,0.3584327,0.2692845,-0.6145074,-0.2173255,-0.191907,-0.7337043,-0.01458609,0.2454286,0.2629152,-0.6192054,-0.2261619,-0.1976129,-0.7255237,0.002951985,0.08624345,0.2528821,-0.6105218,-0.2269814,-0.2062962,-0.7301948,0.0004712016,0.03540692,-0.1188283,-0.5898913,-0.2251818,-0.2214914,-0.7431439,-0.0414864,0.09029956,-0.2531497,-0.5750372,-0.2231201,-0.2352517,-0.7511367,0.1617529,0.1038869,-0.1866283,-0.5642639,-0.2232306,-0.2489672,-0.7548442,0.2117253,-0.03217733,-0.1760873,-0.5556295,-0.2218859,-0.2632097,-0.7568111,0.09111413,-0.1559384,-0.1495397,-0.5589685,-0.224591,-0.2678162,-0.7519225,0.111821,0.02460795,-0.03137595,-0.5641486,-0.236002,-0.2669503,-0.7448335,0.08596323,-0.0749919,-0.06741404,-0.5768306,-0.2481529,-0.2592832,-0.7337975,0.06570619,-0.08823538,-0.04195862,-0.5988582,-0.2540241,-0.2457196,-0.7186533,-0.03669953,-0.242916,0.1447029,-0.6220893,-0.2440541,-0.2227205,-0.7098155,0.0564871,-0.4123629,0.21383,-0.6290184,-0.2307989,-0.2020415,-0.7143157
1,0,0,-0.04037121,0.05869403,-0.3407148,-0.8405156,-0.527321,-0.00163186,-0.1243523,-0.04285214,0.01740856,-0.4942138,-0.8435603,-0.527027,0.01549442,-0.1020215,-0.05094539,-0.1560605,-0.2634322,-0.840737,-0.5365385,0.04658451,-0.05583612,-0.04905618,-0.1639487,-0.1159268,0.8379365,0.5422711,-0.05394104,0.02991086,0.03523925,-0.06663872,0.2200434,-0.8338666,-0.5464268,0.04715495,-0.06213333,-0.005330901,0.1045644,0.2249156,-0.8311127,-0.5457717,-0.0006923564,-0.1066984,0.1261092,0.1527328,0.5063986,-0.8267517,-0.5448358,-0.02329052,-0.1381775,0.1420232,-0.09293578,0.4869674,-0.8202931,-0.5604872,0.01354372,-0.1130926,-0.001514767,0.00006581239,0.1445637,-0.8342144,-0.5414231,0.01430528,-0.1036467,-0.1507519,0.03632176,-0.07592674,-0.8334279,-0.5425991,-0.01157372,-0.1041644,0.001514329,0.1007723,-0.1908101,-0.833711,-0.5369456,-0.01060211,-0.1284638,0.02076288,0.05420379,-0.3483809,-0.8361932,-0.5322012,0.006546214,-0.1322874,-0.03956867,-0.02399291,-0.3346251,-0.8407858,-0.5313453,0.01457674,-0.1026591,-0.08255605,-0.1083551,-0.2733655,-0.8410202,-0.536537,0.02894265,-0.06305076,-0.04309733,-0.1137039,-0.1806701,0.8374116,0.5432217,-0.04476042,0.04060286,0.06449763,-0.0759898,0.1972481,-0.8321786,-0.5490298,0.04451139,-0.06374744,0.02500808,0.07419132,0.2316839,-0.8315732,-0.5465905,0.01899612,-0.09676784,-0.001222999,0.1002855,0.3784281,-0.830265,-0.5454983,0.002374955,-0.1143937,0.05503571,-0.03753014,0.3976203,-0.8325866,-0.5462613,0.02211314,-0.08893368,0.02192436,-0.1016464,0.2074727,-0.832408,-0.5488147,0.02388207,-0.07300107,0.03088813,-0.003134841,0.05490032,-0.8303032,-0.547945,0.01185428,-0.1010562,-0.0360347,0.1227078,-0.08032749,-0.8300545,-0.5405582,-0.009805411,-0.1367855,-0.08516753,0.1442495,-0.2268049,-0.833004,-0.5332124,-0.02183934,-0.1459856,-0.03521262,0.1062496,-0.4751572,-0.8384148,-0.5317361,-0.01383314,-0.1188523,0.02139449,-0.1305533,-0.2691803,-0.8376304,-0.5402354,0.04076547,-0.06970824,-0.05411359,-0.1727936,-0.153852,0.8353955,0.5451479,-0.06153933,0.03378021,-0.0539666,-0.08531061,0.04463874,-0.8320548,-0.5509705,0.04402127,-0.04667332,0.02684193,0.02297658,0.149578,-0.8282655,-0.5535464,0.02098896,-0.08439318,0.1155973,0.1375667,0.3565034,-0.8274916,-0.5452384,0.004680574,-0.1339806,-0.01476046,0.05554381,0.3494134,-0.8329713,-0.5399743,-0.001498271,-0.1207652
0,1,0,-0.02058554,0.21206,0.0502257,-0.05887073,-0.6538154,-0.7045954,-0.2694531,0.0007634918,0.0475392,0.117738,-0.06021118,-0.6717597,-0.6866926,-0.2712319,0.09512633,-0.07984553,-0.01549203,-0.05135179,-0.6810698,-0.6786619,-0.2700459,0.03281036,-0.09216423,0.04376461,-0.04825246,-0.6846232,-0.6739664,-0.2733714,0.01218604,-0.0602433,-0.003375787,-0.05260101,-0.6843429,-0.6733943,-0.2746781,0.0589016,-0.1318503,0.0322158,-0.05324984,-0.6870128,-0.6702054,-0.2756858,-0.03396675,-0.1347774,0.06079894,-0.05832869,-0.6888952,-0.6676396,-0.2761858,-0.02331295,-0.03195229,0.101193,-0.08825058,-0.7004259,-0.6505393,-0.2800251,0.007253488,-0.02995492,0.1583333,-0.09121224,-0.7207043,-0.6307697,-0.2727549,-0.03761627,-0.05851774,0.1238625,-0.09963098,-0.7291117,-0.6221513,-0.2672034,0.007868969,-0.1020225,0.1721365,-0.1147395,-0.7480417,-0.5988569,-0.2619898,0.006202872,-0.03153821,0.1766765,-0.1232725,-0.7666039,-0.5777854,-0.2515675,-0.02149503,-0.00756772,0.225139,-0.1287125,-0.7855848,-0.5543236,-0.2429299,-0.01228406,0.02148873,0.1163884,-0.1340423,-0.7983328,-0.5379244,-0.2352334,-0.002257484,0.04167026,0.09122485,-0.1290977,-0.8102808,-0.5238862,-0.2287402,0.007481096,-0.02195941,0.06397302,-0.1307004,-0.8173245,-0.5140207,-0.2251238,-0.03251317,0.02371191,0.06607929,-0.1415781,-0.8232965,-0.502337,-0.2231501,-0.02424835,0.009580164,0.04987008,-0.1534494,-0.8278186,-0.4929367,-0.2195063,0.009770161,-0.06852609,0.0155767,-0.1509711,-0.8295652,-0.4918325,-0.2170947,0.03889879,-0.02548406,0.02166164,-0.1500961,-0.8305486,-0.4902321,-0.2175604,-0.02256509,-0.08728226,0.02140485,-0.157233,-0.8285888,-0.4897967,-0.2209467,-0.03170633,-0.03466093,-0.02550127,-0.1724676,-0.8230394,-0.4926544,-0.2239478,0.008155388,0.02884163,-0.1625899,-0.183076,-0.8140176,-0.4982089,-0.2358947,0.02136216,-0.0422271,-0.1614525,-0.1728844,-0.8017002,-0.5180675,-0.2428862,-0.04591077,-0.1366574,-0.1077171,-0.1881287,-0.7862813,-0.5297075,-0.2564744,0.0393844,0.06538226,-0.2858755,-0.1943845,-0.7614216,-0.552679,-0.2774846,-0.08688769,0.0981564,-0.3825475,-0.1907221,-0.7277533,-0.5906895,-0.2916952,0.01299023,0.2214471,-0.4154561,-0.1608597,-0.6966773,-0.6330312,-0.2967092,-0.04292842,0.190659,-0.3301162,-0.1160134,-0.6659092,-0.6775683,-0.2898396,-0.01467662,0.1816008,-0.1866372,-0.06472397,-0.6268904,-0.7244331,-0.2793134
0,1,0,0.02111319,0.01452258,-0.2555889,-0.4546904,0.366844,0.5400355,-0.6058413,0.007481492,-0.1180439,0.02793822,-0.4690833,0.3709033,0.5329718,-0.5986089,-0.0626078,-0.1275213,-0.07960946,-0.4753304,0.3787583,0.5297929,-0.5915426,-0.06798171,-0.2364274,0.02838272,-0.4919035,0.386425,0.5198247,-0.581798,0.1483826,-0.2565077,0.2093708,-0.5139475,0.3938429,0.504564,-0.5711048,-0.007542642,-0.6572284,0.1036891,-0.5237049,0.3967487,0.4972837,-0.5665973,-0.004566491,-0.3857609,0.1246071,-0.5144542,0.3876081,0.5057235,-0.573882,-0.1015419,-0.2124523,0.07148563,-0.4817604,0.37171,0.5256882,-0.5944666,0.02089484,-0.05153332,0.004041785,-0.4605189,0.3581645,0.5371328,-0.6092035,0.02002954,0.18261,-0.04527868,-0.4412406,0.3520537,0.5487238,-0.616658,0.004968292,0.2519842,-0.008708776,-0.4455786,0.3625835,0.5473419,-0.608613,-0.0261026,0.1019255,-0.09157909,-0.4647146,0.3830952,0.5384226,-0.589389,0.07826559,0.3839027,0.04861265,-0.4824191,0.3998543,0.5271053,-0.5740629,-0.0127818,0.5840515,0.1655518,-0.5008578,0.4097757,0.5125358,-0.5643868,0.02156082,0.6040331,0.07024437,-0.5032741,0.4110607,0.5097741,-0.5638037,0.04859436,0.2973021,-0.1431577,0.447966,-0.4562541,-0.5745921,0.510884,0.0379276,-0.02619075,-0.03854775,0.4330881,-0.451872,-0.5852823,0.5154521,0.03575411,-0.1301768,-0.008104965,0.422033,-0.4423956,-0.5940108,0.5228054,0.00398319,-0.1394698,-0.08378151,0.4169782,-0.4349949,-0.5973554,0.5292213,-0.02119706,-0.1787624,-0.1781148,0.4230096,-0.4296564,-0.5937151,0.5328795,0.01003387,-0.1460325,-0.1956062,0.4385781,-0.42711,-0.5846425,0.5323714,0.1182571,-0.1066203,-0.08052167,0.4492595,-0.436996,-0.5758772,0.5249436,0.0484507,-0.1073914,0.06322696,0.4670624,-0.4592839,-0.557062,0.510483,0.01490725,-0.3855802,0.161766,0.4775707,-0.4740334,-0.5449769,0.5002186,-0.02732693,-0.454962,0.1553921,0.4776038,-0.4689511,-0.5485297,0.5010934,-0.003748583,-0.2402313,0.1270802,0.4626836,-0.4453917,-0.568222,0.5144645,-0.009232935,-0.1326481,0.02152741,0.4321832,-0.4190157,-0.5972514,0.5300324,-0.01525777,-0.01349691,-0.006397028,0.408514,-0.4062233,-0.6116934,0.5421532,-0.03190954,0.1160791,-0.06982352,0.3847313,-0.3899899,-0.6286716,0.5519617,-0.05847177,0.1958545,-0.07373171,0.3767036,-0.3892205,-0.6334928,0.5525293
1,0,0,-0.09088237,0.1189614,-0.1151465,-0.8182685,-0.562966,-0.05240632,-0.1037273,0.05586218,0.1316366,-0.3238127,-0.8196396,-0.5578394,-0.04933817,-0.1207141,0.03938831,0.03679344,-0.430475,-0.8256835,-0.5551153,-0.01550027,-0.09926504,-0.07593958,-0.1086256,-0.3195992,-0.8286047,-0.5581299,0.01019437,-0.04244313,-0.09551474,-0.2183962,-0.3123498,0.8246155,0.5645802,-0.02913763,-0.02023555,0.1175048,-0.1824979,0.09746633,0.8178228,0.5742186,-0.03785716,0.0023752,0.02308278,0.06879855,0.2315304,-0.8159071,-0.5729149,-0.007324968,-0.07752717,-0.1265681,0.1986196,0.4168147,-0.8156167,-0.5652255,-0.04863189,-0.1136858,0.1016443,0.02623548,0.4585646,-0.8229399,-0.5615088,-0.02450525,-0.08292994,0.06947742,-0.05080101,0.3249295,-0.8236238,-0.5629147,-0.003495991,-0.06898294,-0.01340095,0.007556865,-0.01004063,-0.8240494,-0.5609026,-0.008951072,-0.07906154,-0.06402116,0.05384522,-0.1392203,-0.8218258,-0.5596127,-0.02005322,-0.1050416,-0.06627241,0.08962094,-0.2987996,-0.8219041,-0.5567489,-0.02664468,-0.11745,-0.03285262,0.02895829,-0.4860311,-0.8266118,-0.5538401,-0.01222251,-0.09911899,-0.01111078,-0.1023055,-0.3321659,-0.8276756,-0.5583959,0.01770899,-0.05323124,-0.01801613,-0.2087519,-0.1629742,0.8245535,0.5645973,-0.03655028,0.002323538,0.03169006,-0.1136821,0.07784602,0.8195972,0.5719228,-0.02550282,0.02267669,-0.0121045,0.09312095,0.1819255,-0.8162191,-0.5707091,-0.01426162,-0.08873621,-0.007755377,0.1632441,0.4084665,-0.8189284,-0.5607799,-0.03407485,-0.1171367,0.07188988,-0.02313286,0.4328311,-0.8250855,-0.5596656,0.002027716,-0.0774873,0.09265733,-0.06303118,0.2770234,-0.8239584,-0.5624593,0.01348565,-0.06745563,0.02057785,0.08149505,0.102893,-0.8233289,-0.558416,-0.009440251,-0.1010543,-0.0879432,0.1234612,-0.1574661,-0.8233112,-0.5543001,-0.03158272,-0.1179518,-0.08065864,0.04016095,-0.2723441,-0.8266971,-0.5524249,-0.04015936,-0.09892325,0.08383346,0.009777468,-0.5177737,-0.8307948,-0.5534276,-0.01354317,-0.05757093,0.0003669338,-0.2011452,-0.3101291,0.8262621,0.5614765,-0.04438889,0.008042259,-0.1230066,-0.1840502,-0.2468929,0.8252131,0.5634543,-0.03560072,-0.01658373,0.04489555,-0.02961632,0.2037529,-0.8218998,-0.5678283,0.01725041,-0.04188322,0.06526275,0.1732608,0.2698167,-0.8180859,-0.5637794,-0.03062699,-0.1093173,-0.04287118,0.1679643,0.5121042,-0.8217494,-0.5551108,-0.04179409,-0.1217907
0,1,0,0.001541279,-0.03746983,-0.1622641,0.5132135,-0.5570158,-0.5138076,0.4029231,-0.03423837,-0.001281239,-0.1008324,0.5240104,-0.5355247,-0.5058677,0.4274625,0.02463477,0.02808329,-0.179604,0.5214481,-0.5089357,-0.5125532,0.4542747,-0.03261923,0.09053227,-0.2645097,0.5199245,-0.476497,-0.5111288,0.4913007,0.09300498,0.220235,-0.2754925,0.4977527,-0.4471112,-0.5384544,0.5122505,-0.05600246,0.1714363,-0.3029421,0.4737264,-0.4217025,-0.5676405,0.5249138,-0.05456768,0.124202,-0.2194614,0.4222185,-0.4124122,-0.608832,0.5300672,0.07289609,0.2182985,-0.03062452,0.4001421,-0.399667,-0.6245486,0.5386015,-0.04668111,0.1611339,0.02469934,0.3907704,-0.395954,-0.6337942,0.5374233,0.02774663,0.03648948,0.07756741,0.3956778,-0.3924567,-0.6336536,0.536563,0.04107846,-0.04716869,0.05087193,0.4147604,-0.3901867,-0.6191781,0.5406908,-0.0151811,-0.08836438,0.0338088,0.4269853,-0.393711,-0.6051743,0.5444623,0.05461433,-0.1110242,-0.02922304,0.4278255,-0.3992635,-0.6084465,0.5360474,0.03371752,-0.09424208,0.02822185,0.4328356,-0.4073361,-0.6098223,0.5242588,-0.01716701,-0.04799496,0.08350131,0.4340662,-0.4191365,-0.612712,0.5103871,-0.02488651,-0.07601387,0.141015,0.4432339,-0.4363862,-0.6048321,0.4972816,0.05181368,-0.124567,0.1903783,0.4538667,-0.4554712,-0.5945972,0.4827061,-0.04590357,-0.08497106,0.08488664,0.4607008,-0.4811623,-0.5822507,0.4660705,0.02339032,-0.08562049,0.2620655,0.4674213,-0.5009459,-0.5747796,0.447436,-0.008656116,-0.04628067,0.1928379,0.4678989,-0.5292739,-0.5665048,0.4242783,0.02949373,-0.04983936,0.2156503,0.4794734,-0.5495948,-0.5503096,0.4064604,-0.02760221,0.01142272,0.1944528,0.5008242,-0.5642612,-0.5251625,0.3936861,-0.05388665,-0.0436367,0.1124201,0.5025592,-0.5793989,-0.5124159,0.3862138,0.013298,0.02558908,0.1197082,0.498216,-0.597425,-0.5098629,0.3672927,0.02568347,0.04190715,0.09802482,0.5141248,-0.5992779,-0.4967879,0.3601992,-0.04280242,-0.01025185,0.06280931,0.5264608,-0.5995932,-0.4819331,0.3620324,-0.1008812,-0.2014157,0.1186612,0.5359848,-0.5962313,-0.4709826,0.3679726,-0.09683403,0.347666,-0.05806396,0.5510476,-0.5834339,-0.4337444,0.4096548,0.06952352,0.3643373,-0.1546877,-0.6104124,0.5287378,0.3939695,-0.4388861,0.1208629,-0.02414155,-0.1540328,-0.5978646,0.5135484,0.4288555,-0.4414849
0,1,0,-0.02261724,-0.06025974,0.03545258,-0.5495828,-0.2474197,-0.3098508,-0.7353466,-0.008849892,0.007222977,0.01790036,-0.5464418,-0.2373807,-0.3070474,-0.7421413,-0.002677955,0.0625083,0.05263632,-0.5396473,-0.2299082,-0.3093317,-0.7484897,0.01462388,0.1411304,0.1343951,-0.5368457,-0.2286105,-0.3116736,-0.749929,0.009070797,0.3176653,0.1003619,-0.5472949,-0.2320613,-0.3078886,-0.7428462,-0.02361283,0.3696772,0.1528432,-0.5710939,-0.2462682,-0.2990746,-0.7237114,0.008047137,0.5701603,0.09307907,-0.5783949,-0.2570005,-0.2994964,-0.7139411,-0.03052749,0.227239,-0.03105611,-0.5660488,-0.2662832,-0.3126817,-0.7147812,-0.08690621,-0.02553754,-0.08925689,-0.5554906,-0.2679645,-0.3285887,-0.7153004,-0.0269142,0.1342345,0.04301108,-0.5445505,-0.2659516,-0.3398739,-0.7191802,0.009517892,0.004490024,-0.1810142,-0.531357,-0.2728575,-0.3543531,-0.7194737,-0.01157038,-0.04405983,-0.09705995,-0.5288719,-0.2755004,-0.3647776,-0.7150744,0.03756569,-0.2376462,-0.09791355,-0.5291427,-0.2834957,-0.3703215,-0.7088725,0.02451273,-0.1142453,-0.01965218,-0.5299511,-0.2876076,-0.3734941,-0.7049367,-0.0395731,-0.1905303,0.09739937,-0.5392476,-0.299513,-0.3670797,-0.6962445,0.07308877,-0.2312823,0.1663487,-0.5528562,-0.2922054,-0.3512757,-0.6968295,-0.07562941,-0.5283089,0.06466992,-0.5548961,-0.2815152,-0.3423968,-0.7039914,0.0115283,-0.5163857,-0.0003920541,-0.5510265,-0.272401,-0.3322448,-0.7153887,-0.006962891,-0.3427447,0.08526145,-0.5368567,-0.2568396,-0.3264806,-0.734322,-0.09468881,-0.1357722,0.05137876,-0.5164724,-0.2400463,-0.321821,-0.75635,0.08330832,0.09425375,0.07818057,-0.5039982,-0.2292329,-0.3176344,-0.7697703,-0.006950276,0.1338519,-0.001242218,-0.502854,-0.2243067,-0.3180058,-0.7718139,0.02397223,0.1968306,0.01920443,-0.5122516,-0.2287662,-0.3153687,-0.7653801,-0.02764173,0.4317382,0.09833156,-0.5329136,-0.2345261,-0.306947,-0.7528507,-0.09704651,0.378164,0.2496819,-0.5604275,-0.2400119,-0.2954216,-0.7355552,-0.05356947,0.5532531,0.197142,-0.5567078,-0.2489074,-0.3031942,-0.7322532,0.03044023,0.1808472,-0.09147704,-0.5479323,-0.2589909,-0.3171613,-0.7294536,-0.01612184,0.1465944,-0.04813198,-0.5337211,-0.2572374,-0.3336641,-0.7332386,0.02591301,-0.07169335,-0.1382475,-0.5278553,-0.2656977,-0.3423421,-0.7304624,-0.07110225,-0.005208879,-0.02735658,-0.5239012,-0.2684818,-0.3564095,-0.7255462
1,0,0,-0.04177532,0.03098103,-0.3386425,-0.5674645,-0.8121424,-0.03938232,-0.1298369,-0.03214582,0.05212397,-0.5139108,-0.5725119,-0.8077308,-0.04273383,-0.1340705,-0.07893003,0.1297696,-0.3620257,-0.570518,-0.8103417,-0.04152537,-0.1270084,-0.04838463,-0.1034734,-0.1602896,-0.569059,-0.8186698,0.006433811,-0.07687758,0.0347456,-0.1282962,0.1640111,-0.5607328,-0.8248882,0.0292748,-0.06543069,0.04494111,-0.008392636,0.4105766,-0.5559353,-0.8271251,0.006508436,-0.08220463,0.09888687,0.1615643,0.5174097,-0.5558552,-0.8236634,-0.0315228,-0.1077491,0.09623738,0.08805712,0.4263553,-0.5607802,-0.8187137,-0.03115183,-0.1194281,0.03537778,0.01870319,0.09775291,-0.5661377,-0.8163418,-0.01349421,-0.1135434,-0.08314873,-0.04728832,-0.2497535,-0.5680741,-0.8162309,-0.008083969,-0.1048505,-0.08173031,-0.0370815,-0.4465965,-0.5706066,-0.812859,-0.02739613,-0.1136559,0.00993355,0.2123408,-0.536786,-0.5737801,-0.8072984,-0.0358892,-0.1332578,-0.07393093,-0.03083462,-0.2095917,-0.5674168,-0.814859,-0.01961566,-0.1168679,-0.08227153,-0.1151312,-0.007412512,-0.5668876,-0.8200182,0.01476143,-0.07739956,0.02404911,-0.1424002,0.172159,-0.5624292,-0.8234179,0.02568308,-0.07068714,0.1749359,0.2460825,0.3347246,-0.563652,-0.8195262,-0.007646274,-0.1030278,0.02253787,0.04100694,0.419926,-0.5687873,-0.8171449,-0.006935582,-0.09331201,0.04222212,-0.03481519,0.3231594,-0.5669564,-0.8190136,-0.002165481,-0.08816127,0.001876334,-0.01456389,0.03762145,-0.5662568,-0.8191127,-0.01140248,-0.09098184,-0.02587543,0.04720822,-0.1949512,-0.5660797,-0.8162034,-0.03571235,-0.1099564,-0.0435417,0.07708719,-0.3669458,-0.5702515,-0.8103144,-0.04729973,-0.1263589,-0.05314244,0.1218247,-0.4942404,-0.572299,-0.809427,-0.04769829,-0.1225831,-0.07724501,-0.08289848,-0.2445249,-0.569605,-0.817443,-0.01889264,-0.08354697,-0.009753702,-0.1846905,0.08071531,-0.5659857,-0.8229634,0.02179069,-0.04377962,0.04254555,-0.1062238,0.2877441,-0.5591644,-0.8267521,0.02483297,-0.05656374,0.07719897,0.259712,0.5013923,-0.5632526,-0.821381,-0.0349011,-0.08283494,0.0487639,0.03375558,0.3627971,-0.5708534,-0.8159416,-0.03275109,-0.08539884,0.01916055,-0.07880725,0.1650819,-0.5703198,-0.8181928,-0.01498389,-0.0712133,-0.01128349,-0.1080759,-0.1165408,-0.5667717,-0.819961,-0.01753846,-0.07826985,-0.03260825,-0.0001059878,-0.2869137,-0.5641721,-0.8172374,-0.03887903,-0.111001
0,0,1,0.01270175,-0.003899925,-0.0248678,0.2042516,0.09031592,0.2972329,0.9283194,-0.03788839,0.0265602,0.02174002,0.2003336,0.09452347,0.2918703,0.9304534,-0.2724327,0.1768684,-0.102427,0.1866842,0.09468129,0.2637577,0.9416031,0.008885985,0.06213526,0.03077268,0.1981778,0.118844,0.1455349,0.9619882,0.1598686,-0.07640605,0.08700316,0.2017076,0.1333728,0.04775502,0.9691467,0.2021008,-0.08819395,-0.004491483,0.1694476,0.1369253,-0.02149665,0.9757442,0.1166681,0.1264889,-0.329069,0.1120127,0.1188707,-0.05530869,0.9850197,-0.0143493,-0.05564125,-0.4874263,0.01684058,0.009373059,-0.1058397,0.9941964,0.01800625,-0.04215025,0.0415274,0.008308831,-0.07905335,-0.1504472,0.9854172,0.0100081,0.009127311,0.04305642,-0.01301488,-0.1565431,-0.1741561,0.9721083,-0.006902302,0.0268276,0.002827574,-0.02866482,-0.2065954,-0.2100604,0.9551813,-0.00813448,-0.07438828,-0.04901052,-0.05190553,-0.2611071,-0.2289948,0.9363174,0.01078463,0.007110513,0.01806897,-0.06295477,-0.3460324,-0.2181457,0.9103355,0.07644895,0.03757486,0.0125841,-0.08611093,-0.4624188,-0.1657371,0.8667669,-0.04026872,0.09319869,0.03837891,-0.02055502,-0.5898932,-0.09594963,0.8014969,0.3413864,0.09659944,-0.2327235,-0.06817213,-0.8041759,-0.1707043,0.5652555,0.04671233,0.01687034,-0.1063124,-0.01538954,-0.9607542,-0.2411503,0.1362394,-0.04981514,0.01312482,0.177571,-0.6689067,0.6991517,0.239369,0.08033131,-0.1144034,-0.02795179,0.1640722,-0.6624281,0.7091941,0.2310682,0.06957147,0.03134965,-0.01489405,-0.03351613,-0.5904595,0.7653565,0.2504365,0.05355828,0.1542851,-0.01057897,-0.08301464,-0.5601546,0.7892359,0.2438145,0.06235345,0.03069459,0.07609694,-0.1645811,-0.502019,0.8297933,0.2273736,0.0878695,-0.2515301,0.1599323,0.05130352,-0.4564717,0.8692951,0.1755341,0.0717442,-0.1006874,0.102537,-0.08535296,-0.4227687,0.8953978,0.1344767,0.03801735,0.04482284,-0.1164314,0.1303462,-0.4075506,0.9080812,0.09610967,0.00735322,-0.06946778,0.1135532,-0.06367362,-0.4167457,0.903034,0.102644,0.01779752,-0.01849397,-0.01527252,-0.07143457,-0.3886093,0.9154091,0.104261,0.01177387,-0.02935249,0.07318477,-0.008998623,-0.3685844,0.9253386,0.08884439,-0.0007355995,-0.01363026,-0.03384409,-0.01462946,-0.3517635,0.9318291,0.08851586,-0.01103844,0.0211635,-0.007074297,0.06970444,-0.3279043,0.9425261,0.05910441,-0.02509827
0,1,0,0.03846914,0.1472457,-0.0402915,-0.6285264,-0.2021677,-0.200748,-0.7237285,-0.05038291,0.1351558,-0.03209139,-0.6118249,-0.2149147,-0.2226512,-0.7279481,0.03972193,0.1956314,0.1679085,-0.5925984,-0.224042,-0.2394671,-0.7357227,0.01953955,0.2200513,0.2563706,-0.5800809,-0.2249399,-0.2490966,-0.7421988,-0.04784371,0.07353172,0.2867838,-0.5672073,-0.2189217,-0.2575016,-0.7510273,-0.008269942,0.03987399,0.2612883,-0.551481,-0.2142242,-0.2702114,-0.7595804,0.07034151,0.07982287,0.1282843,-0.5476944,-0.2155948,-0.2713651,-0.7615187,-0.09659354,0.1553141,0.1501806,-0.5485247,-0.216172,-0.2740448,-0.7597959,-0.1377675,0.2330326,0.01561623,-0.5431827,-0.2251488,-0.2823266,-0.7579922,-0.002153852,0.1310353,0.02145574,-0.5376703,-0.2316551,-0.2974184,-0.754181,-0.009998928,0.03467863,0.001719413,-0.532432,-0.2310313,-0.3088769,-0.7534823,-0.09644102,0.01160301,-0.2309903,-0.5236523,-0.2415167,-0.3276844,-0.7483854,0.1442794,0.04303591,-0.3372962,-0.5189291,-0.2548425,-0.3441836,-0.739801,-0.1113511,-0.1457206,-0.3226373,-0.5271919,-0.2634827,-0.3484142,-0.728871,0.02915673,0.1499261,0.0220594,-0.5267643,-0.2715287,-0.3547501,-0.7231485,0.02918782,-0.0562082,-0.07097539,-0.530356,-0.2791076,-0.3541513,-0.7179124,-0.04341708,0.02410022,-0.03471063,-0.5287534,-0.2875783,-0.3573918,-0.7141356,0.03570555,-0.2538309,-0.09992876,-0.541889,-0.2954888,-0.3480833,-0.7056066,-0.1139504,-0.1177612,0.09680597,-0.5534615,-0.2866238,-0.3384941,-0.704946,-0.01463158,-0.3898984,0.06445729,-0.5611748,-0.2772033,-0.3248631,-0.709017,0.005304662,-0.380962,0.0451473,-0.5581484,-0.2629867,-0.3136708,-0.7217472,-0.09119152,-0.2876869,0.03262364,-0.5434435,-0.2452179,-0.3054131,-0.742469,0.02905284,0.01342835,0.04522038,-0.5183358,-0.2258315,-0.2941819,-0.7705745,-0.00135109,0.04536382,0.008600004,-0.5121701,-0.2142593,-0.2881402,-0.7802243,0.03986581,0.130587,0.06900231,-0.5137683,-0.2130858,-0.2860404,-0.7802676,0.0180971,0.2047112,0.05455665,-0.5222583,-0.2211572,-0.2875461,-0.7717856,0.0468185,0.2140725,0.002598216,-0.5417697,-0.2349762,-0.2856907,-0.7547533,-0.07501335,0.4784442,0.05624421,-0.5673055,-0.2472639,-0.278106,-0.7346306,-0.0503161,0.661837,0.1055473,-0.5838288,-0.2623584,-0.2771906,-0.7165734,-0.02490896,0.2713427,-0.08262171,-0.5824995,-0.2667351,-0.2844499,-0.7131864
0,0,1,-0.0329671,0.01833538,-0.04164032,-0.6265914,-0.4526733,-0.4229721,-0.4728261,-0.04214796,0.02901745,-0.03992034,-0.6283292,-0.4503631,-0.4175608,-0.4775128,-0.0182115,-0.02836006,-0.08675934,-0.6292387,-0.4508327,-0.410221,-0.4822107,-0.1352106,-0.1275088,0.004418316,-0.6322939,-0.4448555,-0.4036188,-0.4892851,-0.06931985,0.08124259,-0.007947715,-0.6348934,-0.4335628,-0.4084593,-0.4920312,0.0330809,0.04664098,0.1037582,-0.6287627,-0.4398282,-0.4083948,-0.4943908,0.1310841,-0.02177639,0.09374131,-0.6280166,-0.4377267,-0.4076782,-0.497784,0.002873609,-0.0201682,0.09293452,-0.6216199,-0.4424658,-0.4047635,-0.5039634,0.07329972,0.08056837,-0.01601187,-0.6063066,-0.4578488,-0.406628,-0.5073662,-0.03522489,-0.003711265,0.04299375,-0.6014256,-0.4634151,-0.4062093,-0.5084561,0.03292389,0.008694821,0.008382887,-0.5943047,-0.4731103,-0.4126046,-0.5027187,0.04006212,-0.01018291,0.004861425,-0.589577,-0.4832628,-0.4173749,-0.4946254,0.02677641,0.01559785,-0.02388217,-0.5804872,-0.497087,-0.4300868,-0.4805876,0.04220333,-0.001541862,-0.07524011,-0.5736393,-0.5081949,-0.4407341,-0.4673642,0.09196644,-0.02995774,-0.07474212,-0.5637381,-0.5197114,-0.4578002,-0.4500204,0.007007433,-0.06251278,-0.01172067,-0.5501037,-0.5297053,-0.4690434,-0.4436175,0.04213138,0.04243258,-0.01339293,-0.5413644,-0.5406536,-0.4646165,-0.4458135,0.04125926,0.00207867,0.01558151,-0.5483508,-0.5371357,-0.4582177,-0.4481442,-0.01295604,0.04946281,0.113923,-0.5560236,-0.5269136,-0.4549627,-0.4541022,-0.06190779,-0.07566154,0.05605089,-0.5615916,-0.519962,-0.4550346,-0.4551899,-0.06035934,-0.0007691322,0.07114248,-0.5654351,-0.5132793,-0.4634999,-0.4494389,-0.00554594,0.05999124,-0.01174455,-0.5709611,-0.5093988,-0.4701,-0.4399117,0.02008798,-0.0003390055,-0.002596806,-0.5764768,-0.5089359,-0.4685195,-0.4349116,0.006711241,0.03525784,-0.08248865,-0.5861229,-0.5048054,-0.4590878,-0.4368865,-0.03460056,-0.01804198,-0.05256383,-0.5930021,-0.4998685,-0.4464782,-0.4462479,-0.06501217,-0.01779837,-0.105523,-0.5991912,-0.4930085,-0.4349537,-0.4568673,-0.1500745,-0.03583286,-0.005078519,-0.6088689,-0.4817418,-0.4272545,-0.4633109,-0.05526535,0.02032147,-0.01419853,-0.6170897,-0.4716576,-0.4291789,-0.4610258,0.04590473,-0.0289734,0.07528256,-0.6159958,-0.4695493,-0.4258079,-0.4677182,0.08857889,-0.01603362,0.08971978,-0.6191115,-0.4593571,-0.421166,-0.4778191
0,1,0,0.0388739,0.02883891,0.08238702,-0.4944687,0.297915,0.3049596,-0.7574609,-0.02190883,0.04334836,0.17195,-0.5010543,0.3159724,0.3182076,-0.7401689,0.05027833,0.09573473,0.05116932,-0.5139903,0.329218,0.3215271,-0.7239128,0.0004196604,-0.04829399,0.1399633,-0.5162237,0.3462052,0.3342812,-0.7084569,-0.07819711,0.05097735,0.1431661,-0.5363382,0.3523227,0.3013568,-0.7052617,-0.02163933,0.03778336,0.214211,-0.5603476,0.3586221,0.2775567,-0.6930823,-0.008448443,0.05095897,0.2103273,-0.5922339,0.3595375,0.2456521,-0.6779726,-0.02290368,0.0825564,0.2631021,-0.6184145,0.3644608,0.2130658,-0.6628233,0.01002456,-0.02164938,0.2164675,-0.654829,0.362233,0.188596,-0.6359383,0.04597826,0.002827574,0.1587588,-0.6817343,0.3612774,0.1753805,-0.6115216,-0.002598617,0.1427838,-0.0417803,-0.6857491,0.3679879,0.1797537,-0.6016823,-0.08781972,0.1563465,0.2512371,-0.7170812,0.347124,0.1450673,-0.5867324,-0.0423343,0.1974193,-0.04967863,-0.7453417,0.315917,0.1030177,-0.5779703,0.1286901,-0.0527847,0.01966232,-0.7585797,0.2964529,0.08547749,-0.5739042,0.2781573,0.325692,0.008495147,-0.7617712,0.305393,0.1415899,-0.5535269,-0.01009728,0.3788301,-0.1413465,-0.7627183,0.3025443,0.1361551,-0.5551481,0.01764832,0.1981161,-0.3848932,-0.7335364,0.3020411,0.1302669,-0.5947487,0.1329173,0.1638375,-0.3534919,-0.5946618,0.3674091,0.2870219,-0.6549858,-0.5673202,-1.671362,-0.02842626,-0.5061048,0.3861862,0.318389,-0.7023864,0.04718082,0.09861647,0.02885456,-0.5854111,0.3173611,0.1814302,-0.7236428,0.1870532,-0.02353395,-0.003988615,-0.5837139,0.3202952,0.2385527,-0.7069524,0.09294995,0.002900899,0.1074646,-0.5913845,0.3190948,0.28531,-0.683404,-0.2631942,0.7054451,0.08913489,-0.5907145,0.3180092,0.2174508,-0.7089722,0.2209289,-0.3612311,-0.02703996,-0.5838714,0.3300617,0.242791,-0.7008609,-0.1429779,-0.01492568,0.02396613,-0.5916002,0.3351341,0.261314,-0.6851344,0.02725732,0.1225006,0.1061203,-0.5778857,0.3655898,0.2759045,-0.6754767,-0.007263687,0.1673251,0.2704885,-0.5700918,0.3990698,0.2948813,-0.6548157,-0.06914062,-0.05185666,-0.09136823,-0.4846387,0.4583139,0.4023375,-0.6270552,-0.1152903,0.07049429,0.01577019,-0.4490233,0.4916166,0.4180827,-0.617979,-0.1268464,-0.03940701,-0.01343166,-0.4374088,0.511297,0.4208896,-0.608359
0,0,1,0.00567528,-0.002666019,0.02264637,0.1149474,-0.07236449,0.7623381,0.6327646,0.005750525,0.005736752,0.01110948,0.1147364,-0.07227615,0.7633564,0.6315842,-0.005497194,-0.0145678,0.001172905,0.1152497,-0.07167396,0.7631595,0.6317974,-0.01474275,-0.02529603,0.0240021,0.113637,-0.07066517,0.7626227,0.6328505,0.02705152,0.00327809,-0.003473688,0.1105352,-0.06954405,0.7634975,0.6324691,0.0001132936,-0.00641593,-0.02145606,0.1111623,-0.06881155,0.7626622,0.6334463,0.0145866,-0.0002337014,-0.0128544,0.1114587,-0.06848817,0.7628146,0.6332457,0.005050171,0.01169372,-0.01062431,0.1128226,-0.0679491,0.7636985,0.6319957,-0.01516554,-0.002271126,-0.005006701,0.1137387,-0.06571241,0.7637211,0.6320407,0.01460984,0.001400385,-0.001426916,0.1135186,-0.0643148,0.7642483,0.6315866,0.005892968,-0.009346034,0.008565287,0.1138978,-0.05976432,0.765543,0.6303963,-0.0147754,-0.003445541,-0.0066533,0.1129767,-0.05830173,0.7640433,0.6325149,-0.009883625,0.001497162,-0.00008655046,0.1102234,-0.05981191,0.7641637,0.6327142,0.001631184,0.009210863,-0.009394129,0.1091161,-0.05987784,0.7650696,0.6318044,0.01677414,-0.005193308,-0.002656127,0.1091204,-0.05931424,0.7648652,0.6321043,-0.003461168,-0.005533094,-0.01367624,0.1097339,-0.05926372,0.7649412,0.6319108,0.006733383,-0.009333082,-0.003462991,0.1104503,-0.05766119,0.7648454,0.6320502,0.001677061,-0.01536322,0.01626303,0.1109504,-0.05684088,0.7638813,0.6332018,0.002418672,0.01829457,0.005737129,0.1095873,-0.05799894,0.7636276,0.6336399,0.002710294,0.002405477,-0.005060674,0.1091007,-0.0590034,0.7637479,0.6334863,-0.00739812,0.006797679,0.005510931,0.1105618,-0.05999876,0.7638111,0.633063,0.01302777,0.0006773212,-0.005458125,0.1120608,-0.0610341,0.7645457,0.6318125,0.00329677,-0.004572347,-0.01162869,0.1136384,-0.0616172,0.7650199,0.6308995,0.0113454,-0.02008466,0.004027708,0.1144462,-0.06195445,0.7647476,0.6310506,-0.002462628,0.01338368,-0.0001706697,0.114675,-0.06301437,0.7643191,0.6314231,0.000896551,-0.00196417,-0.002197507,0.1152709,-0.06365229,0.764072,0.6315497,0.01104574,-0.01871379,-0.002205286,0.1155777,-0.06435815,0.7638775,0.6316574,-0.006437677,-0.001269976,-0.0001803945,0.1154771,-0.06548212,0.7631888,0.6323923,0.001328623,-0.003068299,-0.003012345,0.1146631,-0.06424083,0.7632492,0.6325948,-0.005751886,0.009809459,-0.001376152,0.1140658,-0.06280353,0.7629386,0.6332215
0,0,1,-0.0004412053,0.001198888,0.01074636,-0.3336651,0.9420733,0.03343856,-0.006867574,-0.002138088,-0.001843932,-0.005702411,-0.3338975,0.9419823,0.03373898,-0.006599669,0.003914092,0.0006179545,-0.008245341,-0.3338019,0.942011,0.03387781,-0.006618632,-0.001537135,0.001461056,-0.001608672,-0.334271,0.9418457,0.03391257,-0.00627508,-0.002034156,-0.002547963,0.000660312,-0.3337831,0.9420125,0.0340223,-0.006618133,0.00008712483,0.003591863,0.0002790037,-0.3339805,0.9419503,0.03382662,-0.006516465,0.001565524,0.0001210612,0.0002269762,-0.3334863,0.9421242,0.03378465,-0.006880711,-0.0001226879,0.001467656,0.00127871,-0.3339417,0.9419634,0.03383837,-0.006538679,-0.0009902325,0.002679679,0.004036266,-0.3342087,0.9418573,0.03421184,-0.006221269,0.000563495,0.0005662248,-0.006381298,-0.3343179,0.9418,0.03476947,-0.005947155,0.001608685,-0.003036803,-0.0002569285,-0.3340696,0.9418987,0.03444967,-0.006124713,-0.000008692275,-0.0009362402,0.002552655,-0.3343145,0.9418225,0.03416398,-0.006079993,0.000571341,-0.0009653902,0.001480985,-0.3341699,0.9418745,0.03413943,-0.006113429,0.002486637,0.0002316866,0.001726341,-0.3343084,0.9418163,0.0343978,-0.006063309,-0.002279522,0.001901096,0.002723325,-0.3338611,0.9419768,0.03429925,-0.006327983,0.002934194,-0.0007545754,-0.004480494,-0.3336653,0.9420469,0.03425187,-0.006480853,-0.000302062,0.001722099,0.0005289303,-0.333572,0.9420744,0.0344005,-0.006495786,0.002854694,-0.002958385,-0.005900797,-0.3324804,0.9424459,0.03465303,-0.007182726,-0.001159633,-0.008819377,0.003236696,-0.3341091,0.9418945,0.03409278,-0.006598955,0.002579541,0.00100308,0.005837197,-0.3335164,0.9421223,0.03360207,-0.006575199,-0.001746651,0.002810957,-0.006591158,-0.3325517,0.9424824,0.03311871,-0.006270484,-0.004078728,0.00329998,-0.007806755,-0.3322821,0.9426701,0.02933998,-0.01004468,0.01654645,-0.001970828,0.01774032,-0.3331557,0.9423911,0.02659837,-0.01409922,0.02229671,-0.009429819,0.005722445,-0.3339288,0.9420661,0.03079364,-0.007395444,-0.02992017,-0.003495192,-0.009261678,-0.3350863,0.941576,0.03392296,-0.001027543,-0.02874382,0.01465456,-0.01317784,-0.3361951,0.9411458,0.0347674,0.002939099,0.02382711,-0.007042023,0.02657595,-0.3344389,0.9418665,0.0315957,-0.006301973,0.001304818,-0.000005713303,-0.01576706,-0.3352438,0.9414917,0.03469571,0.001029084,-0.02803083,-0.001305386,-0.03224209,-0.3361695,0.941157,0.03459957,0.004051737,-0.0005007627,0.007572722,0.04486319,-0.3355545,0.9415339,0.02933588,-0.007520462
1,0,0,-0.003591889,-0.08833378,-0.08766065,-0.01786142,-0.05967601,-0.9473597,-0.314053,0.04953037,-0.06985594,-0.0695892,-0.01678844,-0.06750995,-0.9521964,-0.29746,-0.05814229,-0.1276506,-0.1055594,-0.02863527,-0.08122581,-0.9456301,-0.3136335,0.0008965844,-0.05244489,-0.07334568,-0.03750883,-0.08761039,-0.9390376,-0.3303421,0.0219722,-0.003171029,0.07989901,-0.03552828,-0.09179939,-0.939991,-0.3266918,-0.008071817,0.06329586,0.1060382,-0.03589559,-0.0896022,-0.938316,-0.3320331,0.1022227,0.08166844,0.07941735,-0.02524106,-0.08588125,-0.9446809,-0.3155395,-0.03660331,0.06741914,0.1642169,-0.02826141,-0.07816778,-0.9419655,-0.3252569,0.02445377,0.08651613,0.01800921,-0.02798577,-0.05904735,-0.9437501,-0.3241388,0.03680385,0.1231184,0.2140319,-0.01194161,-0.04904269,-0.9523535,-0.3007908,-0.09426884,0.2935604,0.4110287,-0.007577396,-0.02117595,-0.9566865,-0.29025,0.03821227,0.2757665,0.2169534,0.002491288,0.0447553,-0.968556,-0.244724,0.03710961,-0.1990218,-0.1083137,0.01647673,0.01561924,-0.972352,-0.2324137,-0.0487356,-0.0737284,-0.1983844,-0.01049133,0.00669998,-0.9540933,-0.2992505,0.0619796,-0.03150754,-0.2395592,0.003299846,-0.007238552,-0.9589253,-0.283547,0.0005554136,-0.1141116,-0.004097824,0.005671658,-0.01991822,-0.9591934,-0.2819913,0.01209647,-0.07565291,-0.0659216,-0.008685186,-0.03453406,-0.9499608,-0.3103325,-0.06598829,-0.05259414,-0.01455954,-0.01222405,-0.04157273,-0.9496813,-0.3102058,0.05766892,-0.09309404,-0.05906962,-0.01560655,-0.05324063,-0.947078,-0.3161725,-0.007687389,-0.06607831,-0.07905053,-0.01701709,-0.0631822,-0.9468616,-0.3149149,0.04547106,-0.09804197,-0.1667424,-0.02210874,-0.07300012,-0.9443706,-0.319916,-0.09421302,-0.08407559,-0.04755024,-0.02679541,-0.08740661,-0.9383304,-0.333434,0.03125393,0.02419241,0.04197824,-0.03062521,-0.08643296,-0.9356058,-0.34093,0.01204536,0.06813511,0.1028559,-0.02297266,-0.08526143,-0.9426267,-0.321959,-0.118147,0.05406395,0.1530519,-0.03798323,-0.07267377,-0.9390762,-0.333784,0.05560696,0.07898034,0.07120176,-0.02801619,-0.06937487,-0.9477644,-0.3100725,-0.004215701,0.1057714,0.09447081,-0.03054458,-0.05084918,-0.9504969,-0.3050196,-0.03829817,0.1342914,0.171198,-0.0237578,-0.03445797,-0.9566023,-0.2883752,-0.02174203,0.2226649,0.3561078,-0.02749199,-0.005419263,-0.9568663,-0.2891742,0.06749085,0.1018676,-0.007901377,-0.009428153,0.03626709,-0.9733235,-0.226356
1,0,0,-0.05418034,-0.0613206,-0.3064633,-0.003653824,-0.9984933,-0.0536034,-0.01116062,-0.009561558,-0.1659936,0.003933573,-0.003908753,-0.9999808,-0.0004623274,-0.004785276,0.07860725,-0.02889666,0.2317641,0.0009625554,-0.9996567,-0.01493345,-0.0215049,-0.01037906,0.1636446,0.4036663,0.001834005,-0.9971873,-0.0740172,-0.01164242,0.07995083,0.2015096,0.5701164,0.006092817,-0.9943178,-0.1061155,-0.005882002,0.05232338,0.03882359,0.2910804,0.009566694,-0.996375,-0.08348966,-0.01322394,-0.01141803,-0.0708443,-0.02033916,0.008053094,-0.9983854,-0.05568308,-0.007816019,-0.04478514,-0.1261503,-0.3359851,0.001047641,-0.9983611,-0.05719204,-0.001737451,-0.007004668,0.007875059,-0.4740471,-0.0004809797,-0.9961191,-0.08712657,-0.01246307,-0.06424212,0.2135514,-0.4765271,0.00179407,-0.9935616,-0.1125596,-0.0127404,-0.03593107,-0.185065,0.01144061,0.003116667,-0.9996018,-0.02637344,-0.009537646,0.0711685,-0.1322396,0.101348,0.005232334,-0.9998355,0.005206833,-0.01656397,0.06510342,0.03884962,0.3184386,0.009296536,-0.9992115,-0.03355816,-0.01907212,0.05192864,0.1980722,0.7124459,0.01361474,-0.9958657,-0.08688164,-0.02275136,0.01560617,0.08632315,0.3809707,0.01635137,-0.9949641,-0.09461521,-0.0287582,-0.03099767,-0.003822637,0.01753931,0.01146522,-0.9975441,-0.06584661,-0.02094735,-0.01821066,-0.1526408,-0.2046408,0.009547442,-0.9981639,-0.05674887,-0.01889533,0.03577293,0.0202316,-0.5025259,-0.002543062,-0.9961128,-0.0819443,-0.0322154,-0.01874272,0.149536,-0.4725623,-0.002305865,-0.9937926,-0.106206,-0.03303339,-0.07296648,-0.008511011,-0.2655725,0.001474351,-0.9969912,-0.07473133,-0.02053545,-0.04490921,-0.1504819,-0.02766464,0.003446758,-0.9995674,-0.01970981,-0.02155212,0.04319433,-0.08602227,0.2029292,0.006296217,-0.999528,-0.01592185,-0.02550875,0.06082742,0.1029883,0.5053301,0.009536594,-0.9969897,-0.06846067,-0.03512116,0.0206885,0.07879101,0.3630518,0.008955091,-0.9957063,-0.08597025,-0.03313285,0.01665065,0.03949452,0.1576258,0.008288026,-0.9962906,-0.07849655,-0.0342737,0.006106773,-0.05428659,-0.1662856,0.009266019,-0.9967806,-0.0702888,-0.03744335,-0.02906292,-0.07390476,-0.4821848,0.001472324,-0.9964222,-0.07263356,-0.04318639,-0.03874647,0.1061505,-0.4779886,-0.005521953,-0.994667,-0.09229763,-0.04569604,-0.04069718,0.08627377,-0.3570216,0.0008158386,-0.9956754,-0.08647121,-0.03394927,0.0505656,-0.08747081,-0.03609038,0.004414231,-0.9984195,-0.03614618,-0.04280756
1,0,0,0.003044546,0.05693309,-0.5375069,-0.6715006,-0.7328036,-0.06335546,-0.0898439,0.06155137,-0.05174547,-0.1617225,-0.6689691,-0.7397287,-0.03234445,-0.06508081,-0.02658517,0.01162066,0.1380176,-0.6660333,-0.7450802,-0.0004468709,-0.0354227,-0.004211586,0.1018217,0.2003749,0.6654451,0.7462512,-0.01485613,0.008443084,0.07319192,0.01639583,0.4824909,0.6654741,0.7459604,-0.02531933,-0.0067905,0.1100697,0.1341686,0.4456215,0.6615264,0.7496725,-0.01886117,0.004277982,-0.03630044,0.005621155,0.1414627,-0.6621024,-0.748668,-0.0001092497,-0.03341544,0.01225367,0.006788389,-0.1439031,-0.6635617,-0.7448215,-0.02452847,-0.06576595,-0.05673697,0.03048582,-0.3528491,-0.6650944,-0.7396204,-0.05009451,-0.09000903,0.07063988,0.1678891,-0.5768363,-0.6670698,-0.7362345,-0.06343494,-0.09461816,0.0007818048,-0.04897599,-0.4402818,-0.6638765,-0.7420999,-0.04656998,-0.0799189,0.003037277,0.0569079,0.004420298,-0.6612623,-0.7476481,-0.01943013,-0.05811056,0.00741797,0.02097159,0.05425557,-0.6589007,-0.7518445,0.01090413,-0.02146727,-0.0660326,0.01750399,0.2705803,0.6561078,0.753978,-0.03193275,0.004480223,0.07437419,0.1251312,0.571676,0.6546085,0.7556054,-0.02340859,0.0003557112,0.05007527,0.1181157,0.4502718,-0.6552232,-0.7551349,0.003597534,-0.02099844,0.01256748,0.02789031,0.1096224,-0.6571501,-0.7523686,-0.0204585,-0.04094663,0.009154852,0.03429442,-0.2221083,-0.6583243,-0.7476192,-0.05109975,-0.07115693,-0.03576805,0.07004116,-0.5279814,-0.6574938,-0.7440768,-0.07095207,-0.0949594,-0.09104139,0.05340613,-0.5511413,-0.6578807,-0.7441884,-0.06614919,-0.09487298,0.05611059,-0.1015403,-0.193823,-0.656378,-0.7504449,-0.03924347,-0.06678554,-0.06200338,-0.03708531,0.1454588,-0.6544807,-0.7547112,-0.01041399,-0.04424517,0.038509,0.07374417,0.247056,-0.6543798,-0.7555598,0.0009927433,-0.03025705,0.1517062,0.02570598,0.385853,0.6561175,0.7545311,-0.01242474,0.006181227,0.0157409,0.09610794,0.5477566,-0.6523266,-0.7577972,-0.0001654951,-0.01460854,0.03515867,0.09180997,0.3367494,-0.6528926,-0.7561411,-0.02150328,-0.03898154,0.04771888,0.00349439,-0.05273403,-0.6552334,-0.7518387,-0.03931407,-0.06214626,-0.006865853,0.02430284,-0.3690127,-0.6584815,-0.7452185,-0.05469353,-0.0897779,-0.05654586,0.120917,-0.4954905,-0.6598743,-0.7412102,-0.06242443,-0.1061907,-0.08518847,-0.01807456,-0.5195567,-0.6567097,-0.7459846,-0.05486146,-0.09606998
0,0,1,-0.002256633,0.01072267,0.00009452478,0.1243371,-0.07640068,0.7688338,0.6225735,-0.0009221028,-0.03010257,0.0002685009,0.1252267,-0.07461871,0.7695437,0.6217337,0.005465686,-0.02085933,0.005471156,0.1247743,-0.07505101,0.770067,0.6211244,-0.02154231,-0.009296231,-0.01271786,0.1242478,-0.07628924,0.7690083,0.6223895,0.01846095,0.003898892,0.02474527,0.1256317,-0.07959782,0.7680531,0.6228766,0.009883917,0.009438462,-0.009725355,0.1257053,-0.07940323,0.7684877,0.6223504,-0.004130086,-0.01083612,-0.02720339,0.1249952,-0.07938456,0.7678273,0.6233102,-0.03273271,-0.008633248,0.004558486,0.1241666,-0.08114538,0.7664812,0.6249037,0.008693387,-0.0180415,0.02205189,0.1239116,-0.08118468,0.7670149,0.6242941,0.001913033,-0.01779093,0.002607503,0.1240021,-0.0807445,0.7666482,0.6247834,-0.02095452,-0.003053876,-0.01998907,0.1228898,-0.08156458,0.7664949,0.6250847,-0.01330281,-0.0127065,-0.02717344,0.1232906,-0.08186837,0.7668079,0.6245819,0.009802983,0.008901256,0.01818941,0.1244566,-0.08275069,0.7670638,0.6239198,-0.001594911,0.01506756,0.007132634,0.1253486,-0.08281751,0.7679554,0.6226343,0.008392502,-0.01253292,0.0005824165,0.1263311,-0.08292349,0.7686181,0.621603,-0.00158154,-0.02384271,0.01687063,0.1267985,-0.08321678,0.7684819,0.6216371,0.001839829,-0.01439441,0.008118141,0.1281366,-0.08420294,0.7677081,0.6221858,-0.003705478,0.001883907,-0.007516956,0.1305397,-0.08525643,0.7664005,0.623154,0.01342626,-0.02792013,0.006467459,0.1306484,-0.08634534,0.7661941,0.6232352,0.01650483,0.003356648,0.01571212,0.1299081,-0.08446579,0.7673582,0.6222144,-0.01050207,-0.005297223,0.009566452,0.1292073,-0.08329518,0.7676526,0.622155,-0.01486149,-0.01120812,-0.01175083,0.1262529,-0.08428399,0.767733,0.6225291,-0.01960098,-0.0225066,-0.01632449,0.1239198,-0.08382137,0.7676135,0.6232074,-0.01933717,-0.02140545,0.01497508,0.125585,-0.08089466,0.7675401,0.6233511,-0.0130019,0.006849503,-0.005612846,0.1265746,-0.08123437,0.7674959,0.6231613,-0.01574465,0.005850392,0.006112505,0.127117,-0.08157727,0.7662538,0.6245331,-0.006711575,0.009595289,-0.001083729,0.126279,-0.08213524,0.7656383,0.6253843,-0.03495394,0.005519476,-0.003611197,0.1265778,-0.08260501,0.765707,0.6251779,0.003017329,-0.008574501,0.0232354,0.1264115,-0.0828812,0.7652853,0.6256911,0.02566977,-0.01482313,0.02399996,0.1255739,-0.08245017,0.7654161,0.6257567
0,0,1,-0.005353979,-0.004034419,0.005607595,-0.400903,-0.2800892,-0.5526614,-0.6748275,0.01306486,-0.005847505,0.01287871,-0.4006612,-0.2833071,-0.5533799,-0.6730367,0.006716705,-0.004754732,-0.003341529,-0.4012586,-0.2859471,-0.5508249,-0.67366,0.009110397,-0.004299321,-0.007330921,-0.4027972,-0.2863274,-0.5442219,-0.6779333,0.005383937,0.01100407,-0.005172023,-0.4048049,-0.2850468,-0.5352498,-0.6843895,-0.01450368,0.009950386,-0.003885484,-0.4094801,-0.2816108,-0.525298,-0.6907122,-0.0161677,0.002231154,0.001484,-0.4135763,-0.2788588,-0.5215287,-0.6922429,-0.004626101,-0.01252298,0.006005192,-0.4156581,-0.2774624,-0.5197041,-0.692929,0.002298395,0.006128746,-0.01539976,-0.4161086,-0.277092,-0.5216411,-0.6913496,0.01631608,-0.01265903,0.008461524,-0.4170069,-0.2773406,-0.5217139,-0.6906533,0.02184164,-0.004481855,0.0133032,-0.4176632,-0.2767785,-0.5213689,-0.6907427,0.03721908,-0.008595726,0.007563733,-0.4180671,-0.2776886,-0.5175376,-0.6930107,0.02433988,0.001995426,-0.007424523,-0.4177072,-0.2775145,-0.5127604,-0.6968379,0.02885504,-0.0003185835,-0.002493626,-0.4182707,-0.2762465,-0.5083558,-0.7002227,0.01191594,-0.0003425064,0.01422992,-0.4182273,-0.2762001,-0.5076932,-0.7007475,0.01131229,0.01433811,-0.006137643,-0.4173977,-0.2783844,-0.5096035,-0.6989889,0.0121359,-0.02227858,0.01317779,-0.4157842,-0.2830653,-0.5152425,-0.6939183,-0.02483526,-0.01158823,-0.01370959,-0.4129082,-0.2873468,-0.5222036,-0.6886524,-0.02414907,0.0072045,-0.01971197,-0.4066892,-0.2925125,-0.5328879,-0.6819609,-0.01847485,0.007780109,0.01116307,-0.4027852,-0.2960299,-0.5412791,-0.6761265,-0.02461513,0.01504296,-0.009939203,-0.3977045,-0.2984091,-0.5490212,-0.6718324,-0.006756902,0.004423701,-0.04454169,-0.3908919,-0.3057145,-0.5603912,-0.6631016,0.02577041,-0.01821712,-0.001903332,-0.3850621,-0.3120695,-0.5677054,-0.6573054,-0.009049908,0.001068072,0.01346516,-0.3830394,-0.3140486,-0.5673944,-0.6578129,-0.003202825,-0.006149168,0.007107252,-0.3840585,-0.3119211,-0.5602852,-0.6642926,-0.006652166,-0.003860442,0.003187586,-0.3865596,-0.3085065,-0.5491874,-0.6736383,-0.01743351,0.00124584,0.005294846,-0.3900074,-0.3055952,-0.5357398,-0.6837314,-0.01644766,0.001878534,0.006079732,-0.3921474,-0.302552,-0.5237197,-0.6931093,-0.01152138,0.01100844,0.01488031,-0.3958443,-0.2991625,-0.5126029,-0.7007477,-0.01782614,-0.003598263,0.002206405,-0.4014852,-0.2962961,-0.5031259,-0.7056079
0,0,1,0.00645527,-0.009313462,0.002602543,-0.3227712,0.9441829,0.06578641,0.003098823,0.001235988,0.001918017,-0.008057265,-0.3225182,0.9443429,0.06476346,0.002037853,0.00225402,-0.00717332,0.003520075,-0.3219441,0.9444859,0.06540448,0.004539488,0.001444888,0.009506803,-0.006685294,-0.322181,0.9445526,0.06332583,0.003093814,-0.003158594,-0.0003870459,0.01646229,-0.3228917,0.9444371,0.06144417,-0.002046475,0.005265092,-0.002477799,-0.002870461,-0.3225039,0.944616,0.0607278,-0.001975007,-0.005838756,-0.0003405007,0.003989685,-0.3229568,0.9444406,0.06108037,-0.0001205709,-0.0002029256,0.007097321,-0.00514314,-0.3232715,0.9443377,0.06100659,-0.000363579,0.002270692,0.001556316,0.01010462,-0.3230937,0.9444003,0.06097484,-0.0006502364,0.001529269,0.005659866,-0.009558964,-0.3229169,0.9444587,0.06101116,0.0001471415,0.0009645423,-0.002646451,0.0008989579,-0.323375,0.9443259,0.06063819,0.0003903396,0.001985652,-0.0003293051,0.00294962,-0.3235931,0.9442306,0.06095544,0.0006433204,-0.007113518,-0.0001885147,-0.002760085,-0.324345,0.9439702,0.06098634,0.001147477,0.002109449,0.0087927,0.007542533,-0.3251458,0.9437091,0.06075189,0.001594236,0.0002665773,0.004833114,-0.003368855,-0.3257787,0.9435103,0.06046639,0.0005459059,-0.003150245,0.001729648,-0.0001226294,-0.3260758,0.9434664,0.05948136,-0.002761576,-0.002566252,-0.002813291,0.02476014,-0.325986,0.9435689,0.05833285,-0.002835957,0.0001283791,-0.002976096,0.01819262,-0.3253331,0.9439162,0.05612389,-0.005528264,-0.0009658294,-0.006642529,0.05314753,-0.3233634,0.9443604,0.05927234,-0.01030902,0.01163554,0.04085435,0.01360593,-0.3214793,0.9432631,0.08278754,-0.007216606,0.00849966,0.02605949,-0.05666051,-0.3159944,0.9418869,0.1125693,-0.01802151,-0.02061888,-0.03654177,0.1075267,-0.3094981,0.9350632,0.1660781,-0.0478089,0.01682934,0.00004210826,-0.06384216,-0.3017457,0.9275475,0.2180646,-0.03245055,-0.008503511,0.04437758,-0.09508444,-0.303306,0.9270771,0.2200385,-0.01080339,0.002479622,0.01297168,0.01365562,-0.3087949,0.9338313,0.1800474,0.01370429,-0.00981509,-0.02017834,0.01907174,-0.3141633,0.9395584,0.1349263,0.01806172,0.001414371,-0.02969948,0.0461985,-0.3196283,0.9420831,0.09895664,0.02291087,-0.004470028,0.0123883,0.06729775,-0.3196394,0.9439107,0.06448166,0.05201375,0.01807628,0.009541551,0.09919811,0.318362,-0.9415048,-0.06192108,-0.09154169,0.00413383,0.04078652,0.09284628,-0.3263895,0.9330977,0.1070108,0.1065226
0,1,0,0.01411792,-0.06972749,0.08230249,-0.1875925,-0.8294761,-0.4822088,-0.2103639,-0.009843292,-0.111949,-0.05259788,-0.216882,-0.8162129,-0.4855834,-0.2257597,0.02632461,-0.03232747,-0.1387542,-0.2242693,-0.8000185,-0.5007156,-0.2428114,-0.03847838,0.1119035,-0.2022757,-0.2445189,-0.7844058,-0.5086703,-0.2572401,0.08327649,0.01755788,-0.2335405,-0.2450867,-0.7722088,-0.5165459,-0.2771398,0.06768257,-0.02420496,-0.2046011,-0.2291721,-0.7554539,-0.5410602,-0.2898677,0.08497687,0.07600327,-0.3246588,-0.2018227,-0.7361755,-0.5705088,-0.3030394,0.01379126,0.1097992,-0.353186,-0.1482737,-0.7062293,-0.6245409,-0.2986698,-0.1347586,0.1983787,-0.3474697,-0.1174458,-0.6627077,-0.6788231,-0.2936397,0.06720564,0.192129,-0.3062803,-0.07211396,-0.6197842,-0.7309884,-0.2762662,0.0986077,0.1138904,-0.1377063,-0.02825877,-0.5843791,-0.7697602,-0.2552877,-0.02335525,0.1087407,0.09039508,-0.0001652837,-0.5809167,-0.7786972,-0.2369946,-0.1179873,0.1185049,0.2025107,-0.01166165,-0.6001453,-0.7648493,-0.2338699,-0.02091201,-0.1175112,0.1046235,-0.02817625,-0.6151931,-0.7517959,-0.2356827,0.04823592,-0.1212042,0.1342218,-0.02860135,-0.6317888,-0.7393981,-0.2309011,0.0194183,-0.1691567,0.151434,-0.04333639,-0.6485274,-0.7233562,-0.2330018,-0.04763239,-0.1750685,0.1556164,-0.0646131,-0.6686108,-0.7023125,-0.2356733,0.05789232,-0.2367855,0.1648945,-0.06831145,-0.6850138,-0.6881381,-0.2292497,-0.01133602,-0.08295833,0.1815581,-0.09174392,-0.7100201,-0.6582592,-0.2327001,0.03138716,-0.0829595,0.2123775,-0.09728944,-0.7340284,-0.6322104,-0.2281384,0.02068507,0.004410573,0.2286138,-0.1014716,-0.7534658,-0.6105096,-0.2219702,-0.04354945,0.02779369,0.1761421,-0.1158987,-0.7734469,-0.5832053,-0.219588,0.01851327,0.02424512,0.1398125,-0.1092441,-0.7872968,-0.568984,-0.2109187,-0.05337718,-0.01024485,0.1084929,-0.1296127,-0.7967712,-0.552091,-0.2086906,-0.0211731,0.004823778,0.09172643,-0.1371706,-0.8061785,-0.5385847,-0.2029459,-0.03247054,0.1167885,0.042076,-0.137851,-0.8109856,-0.532644,-0.1989719,-0.03275758,0.05389614,0.006870211,-0.1503666,-0.8158755,-0.5221077,-0.1978399,-0.004905916,0.01888346,-0.01239106,-0.1477973,-0.8160073,-0.5233266,-0.1960033,-0.01180192,0.01485653,0.009405944,-0.1445017,-0.8162807,-0.5250905,-0.1925749,-0.02523102,0.02095338,-0.01030055,-0.14949,-0.8156402,-0.5245591,-0.1929287
0,0,1,0.009065159,-0.01551198,-0.007975795,-0.8223991,-0.05410826,-0.05510592,-0.5636446,0.02359489,0.03069128,0.05881189,-0.824236,-0.05945024,-0.06125191,-0.5597756,-0.05036042,0.1257003,0.0567347,-0.8292359,-0.07041073,-0.06689684,-0.5503953,-0.1108916,0.1192392,-0.006901135,-0.8439238,-0.09877446,-0.0811052,-0.5210164,-0.01634786,0.1357589,-0.07922037,-0.857885,-0.1346574,-0.09789547,-0.4861247,-0.01637775,0.175883,-0.127762,-0.8743566,-0.1661651,-0.1091458,-0.4426928,-0.04984957,-0.03884137,-0.0608495,-0.8938799,-0.1940295,-0.1191387,-0.386183,0.02898035,-0.1068552,0.03446347,-0.9069044,-0.2205785,-0.1381267,-0.3313465,-0.005430495,-0.1365234,0.02146977,-0.9118353,-0.2427438,-0.1544566,-0.2928738,-0.001004107,-0.05227235,0.01341343,-0.9098119,-0.257064,-0.1699994,-0.2779577,0.00128012,-0.08407483,0.02593689,-0.9074994,-0.259128,-0.1741387,-0.2810218,-0.02406511,-0.101913,0.06499789,-0.902498,-0.2590319,-0.1712581,-0.2984466,-0.01716826,-0.09497795,-0.006476844,-0.8947653,-0.2521219,-0.1671549,-0.3284643,-0.004294569,-0.04524591,-0.05618948,-0.881448,-0.241818,-0.1630018,-0.3714888,-0.01408676,0.02132409,-0.05867159,-0.8629723,-0.2309607,-0.1596899,-0.4200418,0.0299214,0.008103847,-0.05058933,-0.840039,-0.2167968,-0.1593041,-0.4711218,-0.04533815,-0.001044927,0.009078317,-0.8208804,-0.1986041,-0.1563729,-0.5121125,-0.01815925,0.0552651,-0.001144435,-0.7990702,-0.1768443,-0.154143,-0.5535818,-0.04965787,0.04525948,0.04779305,-0.7785878,-0.1583621,-0.1517357,-0.5879615,0.005386223,0.08056895,0.04289081,-0.7601956,-0.1398439,-0.148319,-0.6168855,-0.03500292,0.04843072,0.04893726,-0.7541126,-0.1245037,-0.1374718,-0.6300114,-0.02293467,-0.0070561,0.02798911,-0.7527686,-0.1152006,-0.1233669,-0.6362773,0.01906111,0.01052648,0.02543448,-0.7521286,-0.1104476,-0.1186933,-0.6387612,0.008518262,0.006341718,0.01897316,-0.752457,-0.1067688,-0.1174937,-0.6392214,0.0003032943,0.006964492,0.009561359,-0.7537781,-0.099224,-0.1104184,-0.6401414,-0.006308739,0.01312941,-0.01651184,-0.7557758,-0.09065378,-0.1011523,-0.640588,-0.01579794,0.03022517,-0.000958668,-0.7584487,-0.07839897,-0.08872411,-0.6408877,-0.01804035,0.002699499,0.002533935,-0.7609076,-0.06366003,-0.07538053,-0.6413149,-0.0319153,-0.004302239,-0.001912948,-0.7608117,-0.05366647,-0.06585142,-0.6433886,-0.03421553,0.002945536,0.004084465,-0.7606709,-0.04706916,-0.0615772,-0.644494
0,1,0,0.06738379,0.1937461,0.02051836,-0.5977992,-0.2097683,-0.2412499,-0.7351407,-0.1048016,0.06621811,-0.03144281,-0.583358,-0.2155689,-0.2544565,-0.7405912,0.09917527,0.03095794,-0.07420049,-0.5751389,-0.2234943,-0.2680054,-0.7398909,0.1324488,-0.08978638,-0.1512257,-0.5745465,-0.2314235,-0.2780283,-0.7341933,-0.1491453,0.0464706,-0.2760836,-0.5758231,-0.2242034,-0.2832682,-0.7334301,-0.1261579,0.001119321,-0.1846109,-0.5959198,-0.2250337,-0.2798599,-0.7182742,-0.1218261,-0.04030111,-0.0809773,-0.6062279,-0.2275857,-0.2763869,-0.7101427,-0.1256726,-0.2381245,-0.04444946,-0.6177102,-0.2240504,-0.2634207,-0.7062896,-0.110219,-0.3777351,0.006597358,-0.6265185,-0.220589,-0.2521981,-0.7037124,-0.004563432,-0.3336627,0.2395732,-0.6255414,-0.2105151,-0.2357906,-0.7132911,0.05492149,-0.2844774,0.1612513,-0.6036967,-0.1920297,-0.2244884,-0.7404593,0.03151075,-0.07392995,0.06856137,-0.5735595,-0.17201,-0.220101,-0.7700634,-0.00948611,0.01442728,-0.02050702,-0.5471376,-0.1580264,-0.2246163,-0.7907058,-0.01205056,0.1538465,-0.07844854,-0.5343408,-0.1502298,-0.228682,-0.7997596,-0.05315864,0.2472748,-0.04038313,-0.5386949,-0.1508712,-0.2315006,-0.7958977,-0.0654715,0.1963585,-0.01363141,-0.5590138,-0.1594428,-0.2305708,-0.7803324,0.03650361,0.3726316,0.03519045,-0.5947065,-0.1773526,-0.2241256,-0.7514238,-0.0197865,0.5024798,0.08841404,-0.6250478,-0.2023207,-0.2198601,-0.7211401,0.03349771,0.5253542,0.1909548,-0.6331667,-0.217994,-0.2224886,-0.7085742,0.04653046,0.3078275,-0.07694574,-0.6263734,-0.2213645,-0.2304563,-0.7110161,-0.05272386,0.09452896,-0.03459065,-0.6124998,-0.223549,-0.2417881,-0.7186157,-0.1345788,0.0538127,-0.04192237,-0.595665,-0.2296498,-0.2574459,-0.7253728,0.00559891,-0.2715633,-0.0622617,-0.591259,-0.2399966,-0.2714959,-0.720489,-0.04248489,-0.2022428,-0.197751,-0.5908197,-0.2465665,-0.2818526,-0.7146301,-0.2954511,-0.3323087,0.02472536,-0.6022547,-0.2495182,-0.2807203,-0.704433,-0.01058009,-0.2463759,0.09858712,-0.6126498,-0.2607293,-0.2814512,-0.6909889,0.08093527,-0.1497494,0.04567448,-0.6185501,-0.2605243,-0.2761208,-0.6879536,-0.02446237,-0.1268728,0.07606819,-0.6293364,-0.2506053,-0.2641221,-0.6865655,-0.0712726,-0.359585,0.1264972,-0.6405194,-0.2352794,-0.2447585,-0.6888192,0.03523839,-0.4098705,0.1251495,-0.6395977,-0.2102873,-0.2179981,-0.7065203
0,0,1,0.06197549,-0.07121664,-0.08051588,-0.7354542,0.2289722,0.2321597,-0.5939534,0.01982276,-0.1079468,-0.004246334,-0.7478878,0.1942079,0.2035805,-0.6012503,-0.01597911,0.07208506,0.05080757,-0.7538198,0.1715602,0.1857512,-0.6064811,-0.02680431,0.03029791,0.0924335,-0.7587733,0.1584876,0.1656701,-0.6096705,-0.05109594,0.01526264,0.07218479,-0.7608975,0.1509584,0.1434699,-0.6145429,-0.0967264,0.0203981,0.01353525,-0.7609078,0.1510551,0.127613,-0.617994,-0.03455143,0.06276124,0.01874479,-0.7627248,0.1487003,0.1110576,-0.6195202,-0.01727113,0.006632586,-0.008001323,-0.766005,0.1415776,0.09720659,-0.6194699,-0.04355502,-0.01183991,0.00655029,-0.7674542,0.1377725,0.09460178,-0.6189371,-0.05114146,0.03167805,-0.04002057,-0.7664682,0.1378607,0.09671468,-0.6198123,-0.03736982,-0.02284397,-0.08053703,-0.7643462,0.1380974,0.103727,-0.6212445,-0.1278779,-0.08715301,0.0298412,-0.7612319,0.13664,0.1170304,-0.6230243,-0.0557065,-0.003990949,0.03302977,-0.7589242,0.1341311,0.1133431,-0.6270535,-0.05968788,0.03060512,0.03913682,-0.7594936,0.1267788,0.1066161,-0.6290703,0.1007553,0.03621865,0.05777969,-0.7592646,0.1114729,0.09681803,-0.6338117,0.08975963,0.02436503,0.08838946,-0.7582145,0.1000062,0.09883305,-0.6366644,0.09165546,-0.03269468,0.04299242,-0.759594,0.08644816,0.0980916,-0.6371199,0.04128391,0.03738552,0.0008084567,-0.7602985,0.06430864,0.09777847,-0.6389444,0.005247389,0.02882938,0.01549168,-0.7602512,0.04637244,0.09560886,-0.6408796,-0.000446209,0.02377016,-0.03464258,-0.761062,0.02771273,0.08521244,-0.6424605,0.06301688,0.005483993,-0.04962219,-0.7660211,0.01549867,0.06832415,-0.638986,0.06121915,0.007184369,-0.07317003,-0.7687919,0.007428616,0.05062535,-0.6374488,0.0539311,-0.1127342,-0.06491437,-0.7706288,-0.001158774,0.03387687,-0.6363821,0.09014103,-0.1209293,0.02015262,-0.767837,-0.02126518,0.01886967,-0.6400141,-0.002516722,0.1028367,0.0319162,-0.7645284,-0.03540361,0.0234091,-0.6431912,-0.02179605,0.1158264,0.1366496,-0.761871,-0.03156403,0.01179484,-0.6468518,0.0147462,-0.06695817,0.06804351,-0.7639946,-0.03492871,-0.00174427,-0.6442741,-0.07462309,0.06276387,0.02792957,-0.7647515,-0.01954395,-0.01132956,-0.6439292,-0.01410128,0.03235324,-0.002658363,-0.7696319,-0.0026429,-0.0165506,-0.6382679,-0.01413591,0.05521433,0.01644335,-0.7719594,0.009546995,-0.01322696,-0.6354624
0,1,0,0.02867423,-0.008179797,-0.07592029,-0.4850032,0.2859622,0.2930928,-0.7727187,-0.01702564,0.04242179,-0.05017846,-0.4802918,0.2722121,0.2852889,-0.7834734,-0.0204498,0.04162445,-0.001562625,-0.4767745,0.2677144,0.2737024,-0.7912661,-0.01607562,0.01628228,0.006885284,-0.4786623,0.2604448,0.2573865,-0.7979994,-0.009073601,0.02404226,0.02457353,-0.4799688,0.2556839,0.2476407,-0.801829,0.005689295,0.00933335,-0.009421116,-0.4778953,0.2558168,0.2469818,-0.8032271,0.03064251,0.02337932,-0.008724773,-0.4750392,0.2579124,0.2565005,-0.8012655,0.004890223,-0.002933283,-0.003701297,-0.469959,0.2654385,0.2769387,-0.7949754,0.01490636,-0.01332936,0.0006296303,-0.4656661,0.273866,0.2929944,-0.7888643,-0.05670115,-0.09497951,-0.03260341,-0.4606073,0.2856327,0.3124175,-0.7801604,0.03421088,-0.07585448,-0.02553812,-0.4534722,0.3003122,0.3324041,-0.7705083,0.02254699,-0.0777089,0.07005487,-0.4559819,0.3086919,0.3516205,-0.7570686,-0.03221537,-0.002765141,0.08706466,-0.4566216,0.3313411,0.3673485,-0.7394354,0.04432043,0.06196265,0.1576321,-0.4614052,0.3455685,0.3776687,-0.7246061,0.02597496,-0.01300503,0.1724766,-0.476992,0.3633089,0.3801197,-0.7042687,0.0638053,0.01289388,0.192281,-0.4911679,0.3826819,0.389754,-0.6785281,0.00788166,0.07618425,0.2397758,-0.5051774,0.4025821,0.3869907,-0.6579982,-0.03369024,0.1363108,0.2298258,-0.5375165,0.4039545,0.3599945,-0.6467618,0.01478699,0.03449493,0.3635829,-0.6137029,0.3719058,0.2694262,-0.6422338,0.0357507,-0.01971591,0.335554,-0.6763521,0.3437997,0.2151787,-0.6148558,0.01443214,0.02921467,0.2834319,-0.7242814,0.3143071,0.1619751,-0.5919387,-0.02168747,0.632097,-0.03483333,-0.7466349,0.3031678,0.1426592,-0.5746946,-0.03142354,0.4056527,-0.4015685,-0.7628496,0.2810483,0.07583618,-0.5773398,0.2953822,-0.3819099,0.1091005,-0.7320066,0.3107312,0.1982111,-0.5729963,-0.2867575,-0.4288923,-0.287139,-0.7095721,0.3023916,0.1585183,-0.6163915,0.04210161,-0.06471904,-0.06334198,-0.6963823,0.3006161,0.1671267,-0.6298811,-0.03622769,-0.1880534,-0.06735386,-0.6710757,0.3042952,0.1848292,-0.6503077,0.04148832,-0.1231523,-0.2267543,-0.634796,0.3156326,0.2177177,-0.6708271,-0.005915238,0.08403642,-0.2371621,-0.6045181,0.3199593,0.2507945,-0.6850445,-0.003913771,0.01504568,-0.1362716,-0.5842481,0.3144753,0.258324,-0.7021596
0,0,1,0.07539905,-0.006158892,-0.009593925,-0.5077735,-0.07889082,-0.06298566,-0.8555555,0.06693918,0.01126722,-0.00000831468,-0.5093795,-0.08220354,-0.07893595,-0.852962,0.07786661,-0.02101737,-0.0566873,-0.5090364,-0.08700998,-0.08892453,-0.8517063,0.04778238,-0.02434363,0.005685587,-0.5075914,-0.09196831,-0.09574711,-0.851308,0.09108946,0.04507684,0.004806176,-0.5044754,-0.0963911,-0.09833539,-0.8523752,0.002962803,-0.01098773,0.01799729,-0.5074225,-0.09604049,-0.0963859,-0.8508868,-0.006337299,0.007850517,-0.03831045,-0.5094292,-0.09267788,-0.09774634,-0.8499049,0.01194541,0.02304674,-0.01115806,-0.5108224,-0.09196168,-0.102633,-0.8485694,-0.01876375,0.02094414,-0.014342,-0.5121837,-0.09015323,-0.1041639,-0.8477559,-0.06082883,0.01492237,-0.01698781,-0.5130974,-0.09170499,-0.1090351,-0.8464234,-0.05833352,0.03283929,-0.01829264,-0.5136676,-0.09131807,-0.1151491,-0.845309,-0.07459901,0.002971696,0.007392285,-0.5151806,-0.0822221,-0.1202175,-0.8446159,-0.1042902,-0.06383,0.005829223,-0.5160204,-0.07180607,-0.120392,-0.8450281,-0.131605,-0.002035978,0.02031918,-0.517319,-0.06659988,-0.1224546,-0.8443639,-0.07434513,0.02421672,0.02320933,-0.5201226,-0.06296939,-0.1253346,-0.8424954,-0.04860105,-0.03590823,-0.008009857,-0.5235125,-0.06537768,-0.1308729,-0.8393644,-0.09690866,0.01616685,-0.006088242,-0.521756,-0.06543674,-0.1344675,-0.8398852,-0.089298,-0.0008636569,0.01745504,-0.5198909,-0.06991768,-0.1421793,-0.8394105,-0.09913193,-0.0004257505,0.00898671,-0.5163519,-0.08589908,-0.1701525,-0.8348953,-0.03341829,-0.02364773,-0.01237035,-0.5104668,-0.1035539,-0.1979926,-0.8303609,-0.003490877,-0.03082675,0.006943681,-0.5068601,-0.1122008,-0.2122177,-0.8279296,-0.005368069,0.03163935,0.003679416,-0.4989286,-0.1245606,-0.2288636,-0.8265448,0.00919776,-0.003244184,-0.007285361,-0.4903202,-0.1386078,-0.2465549,-0.8243693,0.02860531,0.02107941,0.03128726,-0.4792504,-0.1502476,-0.2690951,-0.8217862,0.09791175,-0.02734236,0.02331597,-0.4708937,-0.1655633,-0.2934786,-0.8153025,0.08739685,-0.03515447,0.03045108,-0.4651936,-0.1818273,-0.3094566,-0.8091788,0.06658691,0.02423958,0.03968096,-0.4579594,-0.2027953,-0.3297617,-0.8002527,0.08474482,-0.01662946,0.03449021,-0.4522175,-0.2272852,-0.3535421,-0.7866694,0.04640027,0.003096465,-0.01235236,-0.4496406,-0.2373253,-0.3647795,-0.780023,0.0423272,0.004545164,-0.008449076,-0.4425688,-0.2548245,-0.3854132,-0.7685403
0,1,0,-0.1146326,-0.1258188,-0.1518917,-0.5704789,0.3033772,0.2429994,-0.7235105,-0.05677984,0.03151059,-0.2105348,-0.5491983,0.2959397,0.2353159,-0.74527,-0.02701293,0.0105365,-0.1182593,-0.5250459,0.2954828,0.2513736,-0.7575144,-0.01348629,-0.0833407,-0.1840346,-0.505496,0.2932755,0.2564784,-0.7698585,0.02802716,-0.0361038,-0.1089827,-0.4955997,0.2901155,0.2736965,-0.7715595,-0.00006686996,0.02859054,-0.04195723,-0.4822072,0.2936351,0.2859665,-0.7742596,-0.0138524,-0.03709203,0.06210555,-0.4776688,0.2994086,0.2931184,-0.7721843,0.07333016,0.04422709,0.09026258,-0.484478,0.3056543,0.3045393,-0.7609943,0.02919049,0.05342741,0.1233626,-0.4956922,0.3148381,0.3178117,-0.7444206,0.006246841,0.07763567,0.1714402,-0.5108427,0.3243545,0.3157756,-0.7308348,0.007827432,0.008300676,0.1580749,-0.5280172,0.3329527,0.3068549,-0.718457,-0.04864186,0.01498082,0.1775069,-0.5525894,0.3371523,0.2782837,-0.7095995,-0.005592898,0.009254968,0.1910981,-0.5817752,0.3358788,0.2499934,-0.6972992,0.05516406,0.03347519,0.1954304,-0.5987307,0.3439103,0.2475318,-0.6796876,-0.009872284,0.03398584,0.183193,-0.6271792,0.3436052,0.2348284,-0.6583595,0.02695816,0.014522,0.1711585,-0.6516728,0.3458875,0.2242035,-0.6367238,-0.07516438,0.1178768,0.1835858,-0.6750774,0.3452413,0.1984953,-0.6210302,0.04625843,0.1952788,0.1471159,-0.7032185,0.3321028,0.1589179,-0.608224,-0.006738707,0.1657599,0.002676342,-0.7127957,0.3253607,0.1424734,-0.6047843,0.0902005,0.0540529,-0.09344216,-0.7022173,0.3421082,0.1870422,-0.5957078,-0.01337131,-0.01465382,-0.02981277,-0.6914089,0.3495075,0.2049607,-0.598155,-0.02311544,0.08237416,-0.01720554,-0.6908,0.3478755,0.1911901,-0.6043379,-0.004289463,0.00652858,-0.0488991,-0.6842445,0.3505448,0.1995747,-0.6075341,-0.02258973,-0.1402649,0.0513969,-0.6924025,0.3391712,0.1832683,-0.6098806,-0.02501331,-0.02668419,-0.03132199,-0.688882,0.3299825,0.1823458,-0.6191148,-0.06042657,-0.1000829,-0.07924957,-0.6792009,0.3216397,0.18346,-0.6337006,0.01080207,-0.01531311,-0.1819953,-0.650293,0.3216514,0.2018449,-0.6579651,0.03018674,0.0711297,-0.1927373,-0.6430729,0.3070096,0.1949062,-0.673954,-0.1336601,-0.1799527,-0.425885,-0.5974569,0.3057704,0.2258385,-0.7060784,-0.1047844,-0.2246631,-0.1725767,-0.5692914,0.2996467,0.2468627,-0.7246916
0,1,0,0.07149576,0.02367359,0.1267826,-0.2446981,-0.7616464,-0.5646653,-0.2029053,0.06889328,0.05965642,0.15004,-0.2486799,-0.7766686,-0.5393032,-0.2099909,0.0592891,0.04131025,0.1111592,-0.2480742,-0.7916669,-0.5163939,-0.2122733,0.01483362,0.04501237,0.07936432,-0.2416196,-0.8006404,-0.5066969,-0.2094112,-0.001428308,0.03238213,0.02653861,-0.2464774,-0.8055239,-0.4972636,-0.2076271,-0.03112555,0.01916568,0.02318716,-0.2537101,-0.8060963,-0.4919865,-0.2092584,-0.01760037,-0.08522411,-0.04782837,-0.2571041,-0.7994936,-0.5028359,-0.2046062,0.00462391,-0.06486588,-0.09953034,-0.2411747,-0.7979255,-0.5151472,-0.199432,-0.03050555,0.01471543,-0.03220723,-0.2467937,-0.7895103,-0.5263466,-0.1967882,0.02858728,0.1915586,-0.005114865,-0.2539339,-0.7912706,-0.5191077,-0.1998388,0.02868401,-0.1121272,-0.001683018,-0.2381695,-0.78946,-0.5329126,-0.189822,0.04046788,0.003187877,0.003788479,-0.1991339,-0.7952566,-0.5422434,-0.184078,-0.03761635,-0.01431846,0.06285501,-0.2105829,-0.7972155,-0.5352015,-0.1834712,-0.007037465,0.06776834,0.02405573,-0.210364,-0.8033208,-0.527045,-0.1806828,0.02093701,-0.003869,0.02226919,-0.2023437,-0.8070074,-0.5253901,-0.1782169,-0.03412864,0.003168817,-0.001031336,-0.2004698,-0.8099054,-0.52346,-0.1727849,0.02501996,-0.02949329,0.003189628,-0.2036098,-0.8100462,-0.5211096,-0.1755359,-0.02263293,-0.00007808991,0.02604634,-0.2095475,-0.8091363,-0.5209643,-0.1731604,-0.04167699,-0.04170585,-0.001499268,-0.2159425,-0.8086803,-0.5193056,-0.1724141,0.04806288,-0.08581965,0.08272844,-0.2195265,-0.8084004,-0.5164933,-0.1775714,-0.08635595,-0.05017554,0.005830973,-0.2504872,-0.8033348,-0.5082489,-0.1832822,0.03728361,-0.02377084,-0.008945914,-0.2601729,-0.7980891,-0.5085819,-0.191594,-0.008722931,0.04358273,-0.1303157,-0.2671221,-0.7890771,-0.515496,-0.2006664,0.02994559,0.1247449,-0.1179018,-0.2521967,-0.7772651,-0.5382203,-0.2063365,0.07872378,-0.1495374,-0.02235246,-0.2332024,-0.7742649,-0.5496017,-0.2099251,0.002299647,0.01945499,-0.1583223,-0.242575,-0.764786,-0.5543339,-0.2212997,0.07395022,0.03020203,-0.3043347,-0.2048095,-0.7484794,-0.5876295,-0.2291792,0.04555931,0.1509001,-0.3916388,-0.1728339,-0.7246661,-0.6273849,-0.2266621,-0.1291696,0.103089,-0.3168627,-0.1347508,-0.6803945,-0.6886919,-0.2112081,0.01604387,0.007577542,-0.1959028,-0.1314326,-0.6474628,-0.7208636,-0.2094591
0,0,1,-0.009859342,-0.009933951,-0.04245827,-0.1484056,-0.7568941,-0.6271573,-0.1084476,0.06074097,-0.001844497,-0.07221237,-0.1278172,-0.7636992,-0.6269636,-0.08569086,0.03511773,-0.03515242,-0.06235863,-0.1115781,-0.7675581,-0.6280938,-0.06247327,0.06847222,-0.07167584,-0.0627659,-0.08931562,-0.768917,-0.6318887,-0.03880808,0.08119993,-0.03963107,0.03935326,-0.05525655,-0.7706089,-0.6344008,-0.02538192,0.02926417,-0.009328681,0.01594271,-0.03359213,-0.7744274,-0.6315795,-0.01552317,-0.01959342,0.08246441,0.122848,-0.02543136,-0.7727027,-0.6342459,-0.003984183,-0.0421308,-0.04616417,0.0359845,-0.02040097,-0.7734725,-0.6332822,0.01666379,-0.08515202,-0.03233457,0.05015418,-0.02217478,-0.7713017,-0.6354788,0.02772439,-0.0235737,0.08617334,0.03654886,-0.02029097,-0.7708639,-0.635113,0.04459402,-0.01484057,0.02103944,0.02023645,-0.008593649,-0.7719584,-0.6325155,0.06269354,0.001195162,-0.02226185,-0.04685333,0.006031513,-0.7730755,-0.6295151,0.07764429,-0.03871238,0.03284473,-0.01836589,0.01207373,-0.7739286,-0.62769,0.08303002,-0.01427425,-0.01422647,-0.0529457,0.0163292,-0.775641,-0.6259716,0.07920921,-0.0959046,-0.1403161,0.02930273,0.0140323,-0.777131,-0.625684,0.06625706,-0.07624611,-0.005224147,0.0229265,0.007947117,-0.7756648,-0.6282849,0.0594902,-0.06846176,-0.006191956,0.02495352,0.004449934,-0.7748829,-0.6296799,0.0551351,0.007702961,0.03408805,0.003728283,0.002534181,-0.7709368,-0.6347815,0.05198517,-0.008690652,0.05322873,0.06036104,0.006324619,-0.765806,-0.6406103,0.05585265,0.1071117,0.02525591,0.07123961,0.02037051,-0.7617179,-0.644769,0.06036305,0.06154664,-0.0383652,0.04934658,0.04007536,-0.760734,-0.6449012,0.06148359,0.03576522,0.04947866,0.03177233,0.06361091,-0.7610717,-0.6426431,0.06110185,0.003456493,-0.005384314,-0.01485905,0.08891976,-0.7648866,-0.6339869,0.07142946,0.003964599,0.01054661,-0.04314282,0.114381,-0.7659689,-0.6261441,0.0902895,0.06608023,-0.007733138,-0.03083222,0.1431598,-0.7640419,-0.6177844,0.1186912,0.02915127,-0.0151299,-0.118373,0.1741975,-0.7581658,-0.6103426,0.1494045,0.1438034,-0.0670982,0.03478067,0.2180044,-0.7449921,-0.5993719,0.1954843,0.09867205,0.08195435,0.08089848,0.2478443,-0.733151,-0.5953694,0.2158659,-0.07200167,-0.07579564,0.03890086,0.2693234,-0.7289137,-0.5834108,0.2361814,-0.02917843,0.04736411,0.1136464,0.2864788,-0.7208302,-0.5754905,0.2591223
0,1,0,-0.01525128,0.1867131,-0.0577199,0.435101,-0.413954,-0.5674133,0.5633573,0.1067539,0.3718659,0.0288613,0.4463868,-0.4302759,-0.5574211,0.5521622,0.03081128,0.6122474,0.212408,0.4616129,-0.4458973,-0.5431715,0.5413445,-0.04635107,0.8167581,0.05432969,-0.4736737,0.4531826,0.5303499,-0.5375758,0.06997573,0.3722578,-0.08848213,-0.4771327,0.4465595,0.5306965,-0.5397131,0.1003784,-0.1015296,-0.04676344,-0.4682129,0.4355147,0.5401831,-0.5470884,-0.09773456,-0.07547279,-0.1842671,-0.4550628,0.4272112,0.5506393,-0.5542606,-0.0436759,0.05557717,-0.151088,0.4452784,-0.4230035,-0.5597709,0.5562839,0.01662786,0.04499049,-0.2913567,0.4453314,-0.4201244,-0.5608532,0.5573322,-0.02907881,-0.2067858,-0.02404797,0.4521123,-0.4196898,-0.5593662,0.5536824,-0.05567437,-0.166532,0.04012083,0.4617114,-0.4218622,-0.5542216,0.5492661,-0.02536381,-0.1084087,0.03476307,0.473752,-0.4229722,-0.5484524,0.5439242,0.048679,-0.4092677,0.08022278,0.490446,-0.4350653,-0.5372977,0.5305583,-0.03318976,-0.5253853,0.2055689,0.4957795,-0.4438803,-0.527813,0.527813,0.003670129,-0.3762869,0.0998937,-0.4861473,0.4284525,0.5318824,-0.5451516,-0.07373796,-0.2669287,0.1130837,-0.4695792,0.4157877,0.5468216,-0.5546188,0.005861952,-0.08456895,-0.003686491,0.444214,-0.4005065,-0.5673326,0.5660408,0.001339718,0.1103769,-0.09127972,0.4308929,-0.3977096,-0.5762199,0.5693232,-0.02956856,0.2274234,-0.09019514,0.4252332,-0.4105732,-0.5777304,0.5628799,0.0560302,0.3151762,-0.1078786,0.4375904,-0.4250117,-0.5666127,0.5539221,-0.04450459,0.4944495,-0.03905124,0.4562473,-0.4485858,-0.5501972,0.5365558,-0.02860465,0.5609926,0.1664119,0.4829343,-0.4641331,-0.5277008,0.5223855,0.004778282,0.5715245,0.1236321,-0.4878304,0.4614953,0.5233499,-0.524546,0.0760351,0.1837842,-0.09137969,-0.4796282,0.4524201,0.5313914,-0.5318797,-0.03914741,0.001738692,-0.07796192,0.463888,-0.4431932,-0.5450475,0.5397322,0.004973677,0.01681082,-0.05763868,0.4556941,-0.4335169,-0.553645,0.5457868,0.1317175,-0.1022127,-0.2052794,0.4517851,-0.4290481,-0.5586039,0.5475123,-0.06114949,-0.2140805,-0.1674716,0.4573429,-0.428778,-0.5551773,0.5465941,-0.0922088,-0.148939,-0.1401569,0.4649048,-0.4325426,-0.5504692,0.5419908,0.0827023,-0.1366574,0.02839423,0.4724571,-0.437218,-0.5460839,0.5361129
1,0,0,0.01693901,-0.007490359,-0.231417,-0.8253025,-0.5568168,0.003065139,-0.0939222,-0.03101661,-0.01908137,-0.4538839,-0.8265592,-0.5568312,0.0010744,-0.08208275,-0.04234456,-0.02809911,-0.4944614,-0.8254837,-0.5602338,0.01857728,-0.06610262,-0.03131752,-0.07349822,-0.2397153,-0.823746,-0.5644724,0.03205655,-0.042258,0.002871069,-0.08369872,0.1377279,-0.820898,-0.5681543,0.0395993,-0.04194101,-0.001297892,0.02781514,0.07347532,-0.8207028,-0.5680127,0.02209858,-0.05762083,0.0258792,0.0693623,0.2974456,-0.8195673,-0.5666093,0.009419385,-0.08470263,0.0003085427,-0.04869959,0.4857535,-0.8195158,-0.5624318,0.001622431,-0.1098249,0.03896902,0.006239437,0.4138187,-0.8231053,-0.558474,0.002273507,-0.102953,0.01290504,0.007118022,0.1839518,-0.8241158,-0.5587882,0.002470065,-0.09264359,0.005727586,0.026763,-0.09871839,-0.8252587,-0.5568514,-0.0005882569,-0.09414963,-0.01033307,0.03848307,-0.221418,-0.8261201,-0.5541947,-0.006712828,-0.1017285,-0.04852136,0.009021974,-0.274105,-0.8287482,-0.5516331,-0.009872768,-0.09370099,0.03787644,-0.006226054,-0.3941739,-0.829509,-0.5544208,0.00391883,-0.06721014,0.000002248853,-0.07998092,-0.2482998,-0.8278986,-0.5575864,0.03749064,-0.04770377,-0.09419879,-0.1118195,0.05577575,-0.8258287,-0.5616902,0.03128562,-0.03914377,-0.02402505,0.02854868,0.07091974,-0.8232987,-0.5632606,0.01624257,-0.068213,0.05054932,0.133178,0.1587802,-0.8233929,-0.5594913,-0.01218174,-0.09404945,0.111181,0.05947856,0.4235675,-0.8281062,-0.5531833,-0.001903996,-0.09069002,0.004301899,-0.08370019,0.5536554,-0.8282899,-0.5553877,0.01328363,-0.07282692,-0.06748463,-0.01891107,0.1587742,-0.8269538,-0.557117,-0.001447484,-0.07593393,0.07912846,0.1121421,-0.04471255,-0.8258275,-0.5528194,-0.01768224,-0.10994,-0.01125899,0.0623282,-0.2115658,-0.8256451,-0.5526636,-0.01565303,-0.1123745,-0.03531095,0.0209487,-0.3705358,-0.8303618,-0.5484877,0.001443729,-0.09827742,-0.06753813,-0.03824798,-0.3821968,-0.8320298,-0.5492858,0.02559965,-0.07318516,-0.04998283,-0.05970962,-0.4049573,-0.8307955,-0.5533551,0.0420456,-0.04253388,-0.02203019,-0.1169662,-0.06880946,0.826049,0.5595943,-0.05453832,0.03902435,-0.01304446,-0.07267401,0.1879303,-0.8236796,-0.5631614,0.03900266,-0.0536633,0.04599846,0.06778125,0.4031716,-0.8224906,-0.5608999,0.005075026,-0.09420541,-0.122256,-0.1344125,0.434128,-0.8193642,-0.5596339,-0.009974618,-0.1239066
1,0,0,-0.002320637,-0.07043666,-0.1574331,-0.005649883,-0.07115109,-0.945017,-0.3191371,0.0003617828,0.07065834,0.07182979,-0.0058582,-0.06835261,-0.9447637,-0.3204921,0.06160783,0.00303797,0.07734179,-0.002168365,-0.07050107,-0.9387214,-0.3373826,-0.003273498,0.09629278,0.06374744,0.002733141,-0.06474399,-0.9373496,-0.3423104,-0.03756722,0.1818878,0.05446805,0.004079202,-0.04155816,-0.9387549,-0.3420461,0.03114227,0.1375729,0.2919562,0.0176041,-0.01708121,-0.9470491,-0.3201503,-0.006264327,0.2512677,0.4710478,0.02833233,0.01374775,-0.9569904,-0.2884055,-0.02851493,0.1167914,0.04801548,0.03951842,0.05717708,-0.9683698,-0.2396432,0.04691577,-0.157203,-0.1783823,0.04064063,0.03264179,-0.9661639,-0.2526068,-0.02354969,-0.05263561,-0.2128669,0.0319089,0.003215034,-0.9584944,-0.2833017,-0.02321754,-0.160324,-0.05502295,0.02762341,-0.0192997,-0.9550743,-0.2944446,-0.0322776,-0.1099501,-0.06902983,0.008119736,-0.03830992,-0.9445645,-0.3259819,0.06075305,-0.06717317,-0.08457634,0.005595958,-0.04963191,-0.9469486,-0.3174801,-0.01778441,-0.09931575,-0.04089101,0.005957453,-0.0619069,-0.94768,-0.3131048,0.002038351,-0.09751514,-0.1131525,-0.001838163,-0.07922573,-0.944556,-0.3186437,0.02642155,-0.09117543,-0.1756013,-0.004064009,-0.08692777,-0.9429203,-0.3214472,-0.03692354,-0.07154966,-0.111078,-0.008209322,-0.09372562,-0.9408733,-0.3254314,0.007595533,-0.006796862,0.05385783,-0.009128928,-0.09796929,-0.9404473,-0.3253884,-0.04753483,0.05409227,0.1295554,-0.01351251,-0.09771986,-0.9368977,-0.3353967,-0.002610849,0.09317806,0.1021125,-0.01331052,-0.08454794,-0.9385903,-0.3342495,0.007208356,0.1529068,0.08189094,-0.008656897,-0.06523839,-0.946304,-0.3165087,-0.02032899,0.1258011,0.1316512,-0.012812,-0.04513283,-0.9418054,-0.3328684,0.02945926,0.1937044,0.4117317,-0.006127686,-0.0190907,-0.9456037,-0.3247021,0.03707706,0.254623,0.145479,0.02366304,0.03464454,-0.9687181,-0.2445915,0.01808272,-0.1584539,-0.1739555,0.03062576,0.02691445,-0.9691541,-0.2430596,0.1181661,-0.08091511,-0.1934058,0.03602889,0.006510065,-0.9664352,-0.2542883,-0.04204056,-0.08338627,-0.1664397,0.0374928,-0.0146521,-0.964945,-0.259347,-0.08525789,-0.07616337,-0.1205401,0.01812499,-0.0223529,-0.9561939,-0.2913158,0.04906991,-0.1383367,-0.09367367,0.009440118,-0.04244758,-0.9506745,-0.3071271,-0.03091355,-0.04707166,-0.0352169,0.002094503,-0.05457994,-0.949944,-0.3076084
0,0,1,0.0001139424,-0.0004815646,0.006648923,-0.3341269,0.9417993,0.03663237,-0.005591955,-0.001307599,0.002783637,0.00186103,-0.3344116,0.9416925,0.03676792,-0.005677456,-0.0006964653,0.001081565,-0.00221365,-0.3344681,0.9416608,0.03709465,-0.00547413,-0.001125442,-0.002413512,0.009291046,-0.3345284,0.9416301,0.03734884,-0.005340181,-0.001907487,0.000008168808,-0.002223666,-0.3343688,0.9416713,0.03774124,-0.005316189,-0.0009590448,0.001395037,0.004956035,-0.3344978,0.9416373,0.03744493,-0.005330568,0.001199722,0.0009286792,-0.002176015,-0.3338689,0.9418594,0.03740416,-0.005790105,-0.002034077,-0.000586112,0.002705626,-0.3341952,0.9417425,0.03747053,-0.005535655,0.0006943426,-0.0002343366,-0.0005471156,-0.3343683,0.9416831,0.03743555,-0.005424866,-0.002021748,0.0007263614,0.0003261688,-0.3340046,0.9418088,0.03748374,-0.005666342,0.003648237,-0.006297707,-0.005859369,-0.3336744,0.9419273,0.03740652,-0.005917264,0.001099457,-0.004840389,-0.002539819,-0.3339622,0.9418353,0.03715651,-0.005911998,0.0007872476,-0.006985674,0.0007483212,-0.3337066,0.9419241,0.03720555,-0.00587956,-0.0009990167,-0.001719795,-0.005867538,-0.3341093,0.9417717,0.03747737,-0.00569205,-0.0001819885,0.003039824,0.002537193,-0.3339577,0.941835,0.03720619,-0.005894141,0.0007573986,-0.001193309,0.00511912,-0.3336193,0.9419595,0.03704078,-0.006193491,-0.0002872758,0.0008608246,0.0007758423,-0.33359,0.9419736,0.03693771,-0.006249658,0.0004053862,-0.002501679,-0.003388305,-0.3335007,0.9419932,0.03724826,-0.006204649,-0.0001881227,0.002547361,0.00143985,-0.333784,0.9419093,0.03684312,-0.006146431,0.0002994455,-0.0002195793,0.0009715047,-0.3339225,0.9418662,0.03669775,-0.006098649,0.0001893816,-0.000579566,-0.001481083,-0.3342673,0.9417824,0.03567563,-0.00621139,0.002158982,0.002333289,-0.003557321,-0.3340642,0.9418766,0.03513873,-0.005891427,-0.001156226,-0.0009032185,-0.001761448,-0.3338003,0.9419668,0.03522006,-0.0059609,-0.003025667,-0.002016407,0.004792951,-0.3340297,0.9418995,0.03481161,-0.00613129,0.000298049,-0.0008147778,0.001387919,-0.3341522,0.9418649,0.03457242,-0.006126639,0.00193115,-0.003746815,0.001206163,-0.3344541,0.9417868,0.03375807,-0.006200518,-0.001442754,-0.0006290529,0.0004404349,-0.333979,0.9419571,0.03363808,-0.006576259,-0.0006586512,0.001822282,-0.003469798,-0.3339735,0.9419649,0.03346225,-0.006643746,-0.0000703025,0.0004219639,0.006513457,-0.3333634,0.9421773,0.03347843,-0.007066554,0.0004943155,-0.0009966919,-0.008448007,-0.3339382,0.9419805,0.03336499,-0.006700865
0,1,0,-0.06016437,0.1674418,0.0730814,-0.06202108,-0.6152278,-0.7671102,-0.1708511,-0.1247062,0.06328001,0.07180223,-0.09066534,-0.6200113,-0.7584175,-0.179356,0.05560924,-0.1744766,0.06348099,-0.1208179,-0.6355761,-0.7366716,-0.1968782,0.1147409,-0.007755068,-0.1130906,-0.1029737,-0.6391969,-0.7352338,-0.2006366,0.01072506,-0.1263924,-0.09678698,-0.09129971,-0.6421083,-0.7328244,-0.2057416,-0.0349195,-0.1833096,0.0541869,-0.08516634,-0.6365224,-0.7383494,-0.2059757,-0.008637299,-0.1706432,0.1527665,-0.1166753,-0.6460668,-0.7215613,-0.2198494,-0.04786475,-0.08624345,0.1348466,-0.1427998,-0.6582086,-0.7030689,-0.228175,0.05570948,-0.0368953,0.1778676,-0.1484601,-0.6799331,-0.6807135,-0.2286478,-0.01291498,-0.01471834,0.2382152,-0.1615044,-0.7047085,-0.6517863,-0.2290785,0.007574941,0.01766184,0.2523171,-0.1705049,-0.7266665,-0.6262044,-0.2252817,0.1118545,0.09645768,0.1924263,-0.1728784,-0.7531201,-0.5954154,-0.2200081,-0.2074301,-0.5875787,0.2737871,-0.212869,-0.7615163,-0.5710756,-0.2205726,0.1495061,0.3179271,-0.02810019,-0.1952299,-0.766209,-0.5755203,-0.2087711,-0.05011453,0.1012359,0.1200732,-0.2005112,-0.7828342,-0.5487447,-0.2141147,0.03856805,-0.03737307,0.001062407,-0.2158617,-0.7802221,-0.546057,-0.2155897,0.02334745,0.1056553,-0.04310515,-0.1805475,-0.7852162,-0.5515274,-0.2159988,0.1368125,0.06822696,-0.01286842,-0.1610881,-0.7915618,-0.5475358,-0.2183691,0.154178,-0.05725294,-0.0659277,-0.1028239,-0.7958789,-0.5598382,-0.2063622,-0.1222298,0.02102933,-0.05894947,-0.07243663,-0.7952822,-0.5706052,-0.1915436,-0.03584396,0.06676163,0.0385522,-0.0947859,-0.7923269,-0.5755876,-0.1786969,-0.1290845,-0.09403494,-0.04407556,-0.05944014,-0.7898204,-0.5912938,-0.1517309,-0.1549281,-0.001385294,-0.04297005,-0.09488717,-0.7817508,-0.5984954,-0.1471912,-0.1020842,-0.01959259,-0.08336901,-0.1087754,-0.7702159,-0.6134362,-0.136497,-0.1784327,0.0104622,0.00453849,-0.1398597,-0.7626787,-0.616839,-0.1351672,-0.06997477,0.108336,-0.03227799,-0.1867628,-0.7507744,-0.6171847,-0.1433197,-0.03821125,-0.1110093,0.06591351,-0.2057872,-0.7479149,-0.6125186,-0.1519731,-0.07792469,0.0045792,0.0008609583,-0.2366349,-0.7451125,-0.5991743,-0.1726307,0.039331,-0.06727101,0.03049978,-0.245774,-0.7416369,-0.5966713,-0.1831752,0.0609226,0.03046538,0.04827233,-0.2391225,-0.7495594,-0.5864502,-0.1925027
0,1,0,0.01416326,0.1604404,-0.1457708,-0.637795,0.4268147,0.2905034,-0.571537,-0.05646364,0.05175246,-0.2230399,-0.5923202,0.4494886,0.3260578,-0.5837834,-0.03225159,-0.05089328,-0.08388855,-0.5350004,0.4793563,0.3741809,-0.5864987,-0.0302725,-0.08646849,-0.01440972,-0.5337853,0.4785488,0.3735963,-0.5886341,0.02293744,-0.1063068,-0.0364287,-0.5269179,0.4790908,0.3803962,-0.5900239,-0.01868481,-0.007161614,0.04612273,-0.5360518,0.47336,0.3726378,-0.5913711,0.01258264,-0.08420262,0.02296245,-0.5461687,0.4686224,0.3613759,-0.5928745,-0.03141782,-0.03500383,0.005505816,-0.5503652,0.4660107,0.356347,-0.594095,0.008763964,-0.1128837,-0.01569416,-0.5599205,0.4550332,0.3501843,-0.5973313,-0.03057548,-0.06264805,-0.04497165,-0.559922,0.4484529,0.3432994,-0.6062366,-0.000351356,-0.05329826,-0.1114658,-0.5489297,0.4482853,0.3619904,-0.6055406,-0.02160963,-0.06589534,-0.1041468,-0.5403014,0.4430871,0.3669604,-0.6140752,-0.005458563,-0.01286257,-0.1444246,-0.5221155,0.4381514,0.3908713,-0.6185777,0.04466726,0.07830299,-0.1235129,-0.5161179,0.4306853,0.3955689,-0.6258256,0.03788523,0.06345559,-0.09106171,-0.4973131,0.429442,0.4119613,-0.6313059,-0.007997069,0.004554791,-0.08809848,-0.4927319,0.4189035,0.4137544,-0.6407358,-0.01304232,0.01875442,-0.08747755,-0.4819359,0.413004,0.4198892,-0.6487361,0.02934923,0.01570628,-0.08748961,-0.4709707,0.4111495,0.4333991,-0.6490822,0.002750943,0.009419413,-0.07681896,-0.4603525,0.4053645,0.4423073,-0.6543084,-0.0005291856,-0.1077718,-0.1039455,-0.4494632,0.4012161,0.4552791,-0.6555374,-0.03205085,-0.08364198,-0.1141957,-0.4379513,0.3988134,0.4647335,-0.658156,0.05120173,0.01709518,-0.03266689,-0.4259899,0.4009089,0.482305,-0.6520633,-0.007068024,-0.02227167,0.019436,-0.4155133,0.4092112,0.5005428,-0.639806,0.09494805,-0.03077209,0.09218099,-0.4215201,0.4144111,0.5096294,-0.6251897,0.02069831,0.01931262,0.1758597,-0.4350625,0.4264007,0.5048841,-0.6115514,0.04856742,-0.0252316,0.1777987,-0.4641185,0.4317892,0.4880997,-0.5999256,-0.04148768,0.004835642,0.2243855,-0.4773601,0.4469874,0.4809,-0.5840075,-0.02557567,0.06768742,0.2267779,-0.5034108,0.4601324,0.4534095,-0.5738254,-0.03232271,0.1016993,0.2087269,-0.5243962,0.4695772,0.4287153,-0.5663118,-0.0124927,0.1554736,0.2220619,-0.5599875,0.4710337,0.3850998,-0.5623515
1,0,0,-0.03707129,0.02962261,0.1851876,-0.5488367,-0.8315696,-0.03276335,-0.07871993,0.004725035,0.1146338,-0.1375762,-0.5464348,-0.8299711,-0.05276355,-0.09885779,-0.03101053,0.03213904,-0.3145436,-0.5474815,-0.8292513,-0.04658149,-0.1021593,-0.03727223,-0.13214,-0.417589,-0.5493062,-0.830511,-0.02467627,-0.08891131,-0.0415214,0.0673322,-0.4969166,-0.5489997,-0.8316242,-0.03286048,-0.07694636,0.01312683,-0.02242051,-0.05460877,-0.5478743,-0.8342554,-0.007885728,-0.06155844,0.02709318,-0.1445504,0.202747,-0.5404437,-0.8397839,0.02186152,-0.04696411,-0.01352804,-0.05230508,0.267707,-0.5364193,-0.8426495,0.007523527,-0.04625657,0.07763187,0.0756698,0.4854704,-0.5386099,-0.8397567,-0.0257803,-0.0635885,0.08374272,0.1602002,0.4966697,-0.5425197,-0.8345883,-0.04286666,-0.08542314,-0.02272069,0.1111862,0.1515823,-0.5449433,-0.8323917,-0.05309312,-0.08568402,-0.01248139,0.009744452,-0.1025229,-0.5461152,-0.8325605,-0.03897489,-0.08415576,-0.004505377,-0.1512001,-0.3747699,-0.5466375,-0.8331039,-0.01913249,-0.0822144,-0.02760662,-0.06194676,-0.5203735,-0.5455036,-0.8334323,-0.02074701,-0.08594105,-0.04823643,0.08752924,-0.4042165,-0.5452244,-0.8341347,-0.03249147,-0.07677176,-0.05100263,-0.1110628,-0.08943561,-0.5428896,-0.8386557,0.001670538,-0.04387227,0.02040512,-0.09150224,0.02389726,-0.5376994,-0.8417856,0.02649186,-0.03967997,0.03912522,0.04475408,0.2280703,-0.5391737,-0.8402345,-0.01058243,-0.05644295,0.05984868,0.1435461,0.6436059,-0.543231,-0.8354011,-0.03844566,-0.07434414,-0.004500582,0.02462992,0.3709834,-0.5441786,-0.8344268,-0.04092588,-0.0769852,0.00520048,0.02769913,0.07862526,-0.5455625,-0.8331165,-0.04109428,-0.08117704,0.005526344,0.02224823,-0.159138,-0.5448365,-0.8325918,-0.03961237,-0.09151456,-0.004811774,-0.02887246,-0.3418598,-0.5480894,-0.8315864,-0.03701318,-0.08180431,-0.02051197,-0.006280987,-0.5770805,-0.546139,-0.834337,-0.03256604,-0.0674786,-0.02646061,-0.009305901,-0.2846068,-0.5436336,-0.8371115,-0.01935647,-0.05772318,-0.001697197,-0.1195685,-0.00002946606,-0.540582,-0.8404056,0.01502109,-0.03554924,0.01609938,-0.1589942,0.09591834,-0.5344952,-0.8444202,0.02183483,-0.02815425,0.002826189,0.01929165,0.4666057,-0.5341025,-0.8431192,-0.02741097,-0.05597368,0.03787997,0.1528817,0.4698844,-0.5385467,-0.8364305,-0.06024999,-0.08198408,-0.01085701,0.08341244,0.3265585,-0.5413858,-0.834584,-0.0672811,-0.07644745
0,1,0,-0.06551963,0.2926598,0.07231942,0.4840513,-0.4568982,-0.559475,0.4938888,0.002184706,0.4096791,0.1685984,0.4972688,-0.4629702,-0.5459927,0.4901779,-0.005281317,0.2895137,0.137688,0.4932975,-0.4509573,-0.5511715,0.4995047,-0.001563409,0.3257767,0.0513101,0.4781461,-0.4282406,-0.5686714,0.514392,0.03799326,-0.04622057,-0.242544,0.4612203,-0.4077946,-0.5892784,0.5231925,0.07312878,-0.04654227,-0.1976165,0.4476883,-0.3965431,-0.6014664,0.5296857,-0.006376532,-0.07724911,-0.2650297,0.4531249,-0.3894078,-0.600508,0.5314408,-0.174986,0.02271152,-0.1535126,0.4670712,-0.3931724,-0.5904253,0.5278805,-0.09879426,-0.05084004,0.07158101,0.4752001,-0.4028549,-0.5887769,0.5150092,-0.02303413,-0.2051267,-0.16551,0.4945597,-0.4093057,-0.5723051,0.5102415,0.1557437,-0.2608089,0.165016,0.5120865,-0.4112691,-0.5630162,0.5016353,0.05876264,-0.436628,0.1763609,0.514091,-0.4148713,-0.56221,0.4975058,-0.05443773,-0.309056,0.1975419,0.5018007,-0.410865,-0.5758957,0.4977249,-0.04783573,-0.2313111,0.1292718,0.4765368,-0.3960435,-0.5973523,0.5091488,-0.03321464,-0.166277,0.06404627,0.4486679,-0.3723174,-0.6194392,0.5257108,-0.005879998,0.02174828,0.00799505,0.4274871,-0.351276,-0.6348916,0.5392333,0.04984996,0.1938883,-0.0128631,0.4228089,-0.3451225,-0.6362258,0.5452887,0.09543584,0.2384769,-0.03952653,0.4292653,-0.3570181,-0.6282104,0.5418681,-0.1433199,0.3106561,0.04272795,0.4413458,-0.3783806,-0.6149206,0.5328363,-0.03162945,0.229574,0.05769758,0.4697131,-0.4129886,-0.5883766,0.5124674,0.02545734,0.3511185,0.2792898,0.4935663,-0.4355083,-0.563283,0.4994366,-0.0798609,0.4342395,0.3048223,0.5042268,-0.435537,-0.5516839,0.5017048,-0.03664022,0.3305994,-0.1367065,0.4960433,-0.4210427,-0.5586317,0.5143877,-0.03465624,0.206153,-0.2254639,0.4777354,-0.4129122,-0.5743161,0.5209927,0.02091045,-0.09401549,-0.2298647,0.4631941,-0.4093365,-0.5880882,0.5215814,0.05192344,-0.09049668,-0.1356507,0.4458713,-0.4007818,-0.6029694,0.5263085,0.1514379,-0.1187257,-0.06254467,0.4477749,-0.4051665,-0.6028509,0.5214484,0.2138977,-0.2167256,-0.07332402,0.4585063,-0.4059007,-0.5973378,0.5178843,0.104452,-0.06313759,0.08059831,0.4781056,-0.4211743,-0.576825,0.5111752,0.1865869,-0.3487678,0.04099757,0.5000899,-0.432766,-0.5571782,0.5021712
1,0,0,0.07505307,0.0679784,0.1829558,0.5755329,-0.8138562,-0.0779473,-0.01800649,0.06518499,0.1359442,0.3867657,0.5792856,-0.8072961,-0.1125506,0.005793314,-0.08976243,0.2253026,0.1561497,0.5638376,-0.8236709,-0.06043412,0.001021104,0.07884718,0.05781954,0.2671567,0.5803604,-0.8115461,-0.06743367,-0.005240723,0.05051814,0.045384,0.09482235,0.5837786,-0.8073466,-0.08598693,0.0003774241,-0.04141592,0.08851159,-0.154037,0.5799203,-0.8079237,-0.1034845,0.01558095,-0.05655198,0.06110947,-0.1865656,0.5745018,-0.8105506,-0.112873,0.01466655,-0.0511333,0.01985716,-0.3479634,0.5703661,-0.8148354,-0.1033833,0.006143026,-0.02351375,-0.06037673,-0.4025998,0.5699625,-0.8190485,-0.0618674,-0.02178773,-0.03293623,-0.1373004,-0.2924708,0.5730098,-0.817497,-0.03051603,-0.04926605,0.01899455,-0.09845561,-0.04111205,0.571604,-0.8170413,-0.03975315,-0.06428055,-0.04673829,0.01619681,0.2251758,0.5715787,-0.8166607,-0.06732658,-0.04278165,-0.0833955,0.07090849,0.0425556,0.5773793,-0.811782,-0.08693907,-0.009197179,0.1060981,0.1317804,0.331931,0.5791162,-0.8077086,-0.1104982,-0.00460941,-0.0007298198,-0.0007952067,0.3278408,0.5827454,-0.8082154,-0.08424802,-0.009889644,0.03206297,-0.05468136,0.2380745,0.5814493,-0.8110527,-0.06109799,-0.01942549,0.05534209,-0.01092635,0.07092305,0.5793757,-0.810457,-0.08360228,-0.02222304,-0.08836619,0.09188251,-0.04253751,0.5782462,-0.807602,-0.1153793,0.009890258,-0.08718082,0.1148076,-0.2564504,0.5769845,-0.8065397,-0.1252234,0.03002801,0.0003837395,-0.005726517,-0.3237743,0.5729622,-0.8135785,-0.09899408,0.002121609,0.01478872,-0.0996838,-0.3386503,0.5701466,-0.8195022,-0.04322514,-0.03847848,-0.06564414,-0.2299308,-0.2808656,0.5677714,-0.8202634,0.002467278,-0.06926283,0.01207654,-0.1237796,0.1001079,0.5686731,-0.8200386,-0.03018248,-0.0568919,-0.01374086,0.05173723,0.300099,0.5712283,-0.8163533,-0.08241782,-0.02174128,-0.02996756,0.1513083,0.2714265,0.5780219,-0.8060523,-0.1267035,0.01079507,-0.002687854,0.1149403,0.2035392,0.5805384,-0.8060915,-0.1147975,0.003609724,0.05038703,-0.1774929,0.4055625,0.582587,-0.8097969,-0.05297454,-0.04488962,-0.05578119,-0.1676078,0.2629407,0.5783293,-0.8139362,-0.04105394,-0.03684414,0.03097495,0.02579753,0.2237759,0.5763888,-0.8128607,-0.08386314,-0.0006504282,0.08880167,0.1490509,0.1824601,0.5713887,-0.8106073,-0.1258558,0.02430861
0,0,1,0.0006496839,-0.0004174966,-0.07200853,-0.3342995,0.9410043,0.04945453,-0.01758063,-0.004902133,-0.0003849551,0.04863669,-0.3345766,0.9408742,0.05021121,-0.0171185,0.0009907687,0.0007394473,-0.01236826,-0.3346315,0.9408334,0.05002222,-0.01876307,-0.003953518,-0.00714964,-0.04690452,-0.3340379,0.9409924,0.051513,-0.01727488,0.01071579,-0.01055468,0.06073285,-0.3335938,0.941064,0.05395393,-0.01423783,-0.002050665,0.0007477985,-0.04555171,-0.3336477,0.9410594,0.05283317,-0.01717604,-0.001723405,-0.004907205,-0.003394334,-0.3353162,0.9404037,0.05165324,-0.02314628,-0.003663665,0.01844722,0.0435769,-0.3369026,0.9398009,0.04499962,-0.03529852,-0.007307224,0.000002953899,0.001392879,-0.3349615,0.9405987,0.04734428,-0.02886671,0.008316494,-0.007856145,-0.0001292422,-0.3312195,0.9418303,0.0558494,-0.01140768,-0.006433011,0.003763718,-0.01310899,-0.3317952,0.9417319,0.0548978,-0.006249558,0.001732897,-0.005001559,0.006104045,-0.3315945,0.9417841,0.05554507,-0.001586962,-0.002293718,0.002761312,-0.0101619,-0.3311051,0.9418287,0.05769002,0.0000562761,0.0006728083,-0.003436029,-0.003960802,-0.331206,0.9416992,0.05915138,0.002496034,-0.003507819,0.002896292,-0.004570545,-0.3299363,0.9424193,0.05423626,-0.006805735,-0.000417005,0.001371059,-0.03254599,-0.3298844,0.942566,0.04860708,-0.01956981,0.001750912,0.00518729,-0.003969846,-0.3303406,0.9423359,0.0438513,-0.03090518,-0.005054985,0.001991141,0.04907946,-0.3317127,0.9418142,0.04174491,-0.03478607,0.001601333,0.00001959541,-0.009177558,-0.3314759,0.9419506,0.04531506,-0.02827299,-0.001271628,0.01039194,-0.006291052,-0.3320398,0.941766,0.05157594,-0.01289012,0.004056406,-0.01488476,-0.003777782,-0.3343397,0.9407492,0.05663653,0.0003950894,-0.01324759,0.01405694,0.008940274,-0.335711,0.940345,0.0549112,-0.005840087,-0.006646816,-0.002342539,0.01651616,-0.3347016,0.9406665,0.05529407,-0.007997241,-0.00199733,0.01173894,-0.01875189,-0.3340175,0.9409813,0.05292627,-0.01361448,-0.01092694,0.008852654,0.02611237,-0.3349051,0.9403985,0.05040372,-0.03080084,0.002799057,0.004636151,0.00147447,-0.3349732,0.9403549,0.0489676,-0.03358009,-0.01479977,0.004337552,0.009567035,-0.333167,0.9409919,0.05114118,-0.03030597,0.001410116,0.004001257,-0.0003458129,-0.3267343,0.9430052,0.06209229,-0.01142282,0.03578885,-0.02074525,0.005630934,-0.3214356,0.944684,0.06499596,-0.00517313,-0.01502888,0.01933689,-0.02060942,-0.3239618,0.9439993,0.06219122,-0.006810369
0,1,0,-0.03972321,-0.001816198,0.004766803,-0.5877186,0.2340735,0.1930644,-0.750015,-0.0300904,0.03246732,-0.02724251,-0.5840791,0.238434,0.1926214,-0.7515968,-0.03926905,-0.03340897,-0.004925232,-0.5842282,0.2411458,0.1818969,-0.7532859,0.01423651,-0.0001178642,0.01413397,-0.588415,0.2438178,0.1794469,-0.7497463,0.04051431,-0.100348,-0.007938745,-0.5838217,0.2543436,0.205719,-0.743062,-0.04868966,-0.006734988,-0.1406929,-0.5762263,0.2661426,0.2266267,-0.7387636,0.06698329,-0.1167436,-0.07393875,-0.5439156,0.2892228,0.2767147,-0.7375194,0.1519486,0.03412033,0.03304018,-0.5370608,0.3047113,0.3353127,-0.711535,0.08982181,0.09290832,0.1244667,-0.539364,0.319142,0.3613308,-0.6904165,-0.007962123,0.05955537,0.1758971,-0.550604,0.3315144,0.3669611,-0.6725124,-0.04109703,-0.02041463,0.1708854,-0.5791583,0.3282278,0.3362704,-0.6661565,-0.03558558,0.02550117,0.1811265,-0.6020536,0.3344017,0.3023937,-0.6589878,-0.00261448,0.147898,0.2402756,-0.631929,0.3392072,0.2781442,-0.6389366,0.01068283,0.1344279,0.2237169,-0.6579456,0.3413241,0.2607937,-0.6185402,-0.002632186,0.1865732,0.2001268,-0.6958374,0.3295521,0.2244463,-0.5973523,-0.02670559,0.170634,0.07574563,-0.7257234,0.3124963,0.1838758,-0.584689,-0.04557321,0.1942963,-0.1821962,-0.7281014,0.3032596,0.1627597,-0.5927995,-0.01781253,0.07976277,-0.1639909,-0.7092056,0.3132108,0.1757397,-0.6066647,-0.0686645,-0.1543148,-0.06488269,-0.6956282,0.3146523,0.1694384,-0.6232062,-0.01951751,-0.1038597,-0.007708206,-0.6852215,0.3181723,0.1807111,-0.6297472,-0.02155711,-0.08629004,-0.02335575,-0.6767507,0.3213354,0.1878719,-0.635182,0.05890927,-0.0222706,-0.03593207,-0.6692551,0.3214824,0.2029849,-0.6383915,-0.03433856,-0.09574096,-0.06960962,-0.6556404,0.3252929,0.2146288,-0.6467261,-0.1141671,-0.1451693,-0.09593588,-0.6396097,0.3272142,0.2142258,-0.6617685,-0.0703856,-0.1432256,-0.1779237,-0.6223908,0.3265601,0.212415,-0.6788726,-0.006702033,-0.05673714,-0.1409098,-0.6011922,0.3246044,0.2205418,-0.6961043,-0.07288648,-0.07379166,-0.1773098,-0.5756403,0.3220103,0.2272573,-0.7164508,-0.0279813,0.02395056,-0.1783497,-0.5627956,0.3114422,0.2173276,-0.734189,-0.04070281,0.02513348,-0.1551618,-0.5464485,0.3028294,0.2147393,-0.7507166,-0.02983713,0.03826318,-0.08107807,-0.5294011,0.3002586,0.217688,-0.7630146
0,0,1,-0.01729776,0.006113478,-0.03067028,0.243543,0.09505103,0.3089539,0.9144394,-0.004595345,0.005928901,0.0000381211,0.2426529,0.09512713,0.3094342,0.9145058,0.000130941,-0.0001702807,-0.006170173,0.2413565,0.09539159,0.3094059,0.9148309,0.006840021,-0.009746361,-0.003940283,0.2400628,0.09580511,0.3085983,0.9154006,-0.003332509,-0.0006329367,-0.002751138,0.2394733,0.09579739,0.3090252,0.9154118,-0.004742255,0.00253943,0.008817061,0.2384519,0.09518973,0.3096604,0.9155272,0.005839783,0.000379412,-0.006352318,0.236217,0.09528712,0.3102148,0.9159086,-0.002759872,0.004798688,-0.01570969,0.2335208,0.0957088,0.3105423,0.916445,0.0004215962,0.003252401,-0.01157705,0.2334019,0.09328362,0.3102821,0.9168134,-0.02937049,0.004084064,0.03607258,0.2356511,0.0928458,0.3131743,0.9152978,-0.01159576,0.0004530285,-0.009597377,0.2344743,0.09421833,0.3178834,0.9138352,-0.01218599,0.00607701,0.01939742,0.2346905,0.09371976,0.32026,0.9130008,-0.006275029,-0.005249821,0.001081589,0.2347412,0.092921,0.3230156,0.9120982,-0.004761982,0.01260107,0.003785756,0.2347149,0.09363618,0.3255213,0.9111406,0.001257884,-0.004346681,-0.001517745,0.2352615,0.09645158,0.3264828,0.9103615,-0.005972552,-0.009353577,0.02462915,0.2359929,0.09529689,0.3263422,0.9103442,-0.002718801,-0.004345368,0.0155822,0.2349967,0.09519842,0.3260946,0.9107009,-0.004480477,0.009628496,-0.003236112,0.2313944,0.09584612,0.3265783,0.9113818,-0.013966,0.005755655,-0.007478544,0.2288501,0.09545301,0.3259292,0.9122974,-0.006382462,0.005011952,-0.002407075,0.2255121,0.09456743,0.324614,0.9136887,0.00580178,-0.007609731,0.00009257982,0.2256629,0.09559871,0.3200683,0.9151466,0.002725823,-0.002273846,-0.00317436,0.2253589,0.09637512,0.3178236,0.9159222,-0.002000984,0.003038262,0.00743381,0.2259245,0.09592819,0.3176353,0.915895,-0.01389796,0.005715248,0.003390055,0.2260679,0.09484044,0.3188024,0.9155674,0.002600273,-0.0001064376,0.01173167,0.2256521,0.09509552,0.3182167,0.9158472,0.0007738669,-0.001223814,0.01290662,0.2249093,0.09412014,0.3173948,0.9164157,0.001397991,-0.003979425,-0.002964791,0.2249325,0.09371227,0.3157396,0.9170234,0.008107973,-0.005304279,0.007171338,0.2252054,0.09403499,0.3144078,0.9173809,0.0008117449,0.002072592,0.01192607,0.2251555,0.09355561,0.3142291,0.9175034,-0.009636384,0.002307153,0.06863306,0.221534,0.08776025,0.3134601,0.919219
1,0,0,-0.04487893,0.301687,0.307912,0.811067,0.5826768,-0.03748974,0.03538956,0.06556724,-0.4422866,-0.3327115,-0.7873467,-0.6142368,-0.04661166,0.02501107,0.4410029,0.2215076,-0.2927873,-0.7815074,-0.6193748,-0.07399508,0.01207474,-0.1886033,0.0009326542,0.4417578,-0.7963006,-0.6039164,-0.02526956,-0.02348649,0.1743466,0.3348518,0.1778695,-0.8036122,-0.5920498,-0.02624087,-0.05473289,0.03528292,-0.006490069,0.05110396,-0.8032355,-0.5922204,-0.02781222,-0.05756791,-0.03143906,0.01565,0.05722697,-0.8013483,-0.5949463,-0.02354388,-0.05766656,0.01560573,0.004953336,-0.02608825,-0.7980211,-0.5999969,-0.02210328,-0.05174431,0.02927375,-0.02190916,-0.06055265,-0.792877,-0.607153,-0.02002175,-0.04806592,0.005909628,-0.05091037,-0.1455854,-0.7894222,-0.6115556,-0.02054329,-0.04889144,-0.04631594,0.02109823,-0.05441068,-0.787092,-0.6139396,-0.02030985,-0.05614086,-0.02801656,0.02524823,-0.2343139,-0.7846601,-0.6173844,-0.01785655,-0.05316193,0.08111583,-0.03594251,-0.2369301,-0.7844262,-0.6190013,-0.008269448,-0.03800663,0.04466467,0.04654364,0.04607723,0.7855608,0.6183036,-0.02166555,0.01120447,-0.02128164,0.05386463,0.1323514,0.7854607,0.6176221,-0.03783591,-0.01275719,0.06496889,0.1448846,0.1640372,0.7835273,0.6185984,-0.04535843,-0.03692529,0.01996979,0.08305327,0.211773,0.7819914,0.6185856,-0.05572234,-0.05230926,-0.04900929,0.09211771,0.1303968,0.7829138,0.6163305,-0.05601999,-0.06359547,0.05475933,0.09598443,0.2419601,0.7826393,0.6176298,-0.04953197,-0.0596292,-0.05114672,0.04714995,0.2248251,0.7855271,0.6168616,-0.03562301,-0.03405764,-0.02304455,0.01842001,0.06666204,0.787605,0.6158969,-0.01443496,-0.01187338,-0.01229434,0.03242554,-0.0549894,-0.7896175,-0.6135131,-0.002093227,-0.01007958,-0.01375035,-0.0007096713,-0.1475516,-0.787042,-0.6159778,-0.01864775,-0.02807823,0.08446001,-0.03121022,-0.2691326,-0.7849782,-0.6173612,-0.02789189,-0.04354668,-0.05030997,0.00543509,-0.4071779,-0.7857506,-0.6159334,-0.01948103,-0.05331547,-0.005845989,-0.0548923,-0.2625501,-0.7853445,-0.6181683,0.0008037593,-0.03318531,0.02044105,0.02593596,-0.06895369,0.7845309,0.6196716,-0.02069712,0.009482587,-0.01050395,0.1436206,0.04049055,0.7847472,0.6183272,-0.04172415,-0.01011765,-0.0280375,0.0644353,0.1179931,0.7840151,0.6175314,-0.05425017,-0.03212732,-0.03283973,0.0562796,0.2932201,0.7843483,0.614634,-0.0643666,-0.05366221
0,0,1,-0.03693391,0.06944916,0.08164364,-0.6319108,-0.4438474,-0.3769913,-0.511435,-0.1086682,0.05155821,0.07002646,-0.6361324,-0.4410219,-0.3793997,-0.5068442,-0.05434695,-0.09833533,0.04375545,-0.6352251,-0.4436932,-0.3862945,-0.5004017,-0.07038156,0.06706572,0.00916674,-0.6378602,-0.440567,-0.3982129,-0.4903689,-0.04363543,0.04396365,0.006770483,-0.6412947,-0.441067,-0.4062051,-0.4787466,-0.06962831,-0.01209061,-0.02615239,-0.6401949,-0.4497567,-0.4109504,-0.4679628,-0.01516105,0.04982088,-0.08635006,-0.6327553,-0.461531,-0.4168142,-0.4613847,-0.01468744,-0.04469972,-0.1014822,-0.6265637,-0.4693933,-0.4144692,-0.4640077,-0.1091659,-0.1242712,-0.01125484,-0.6259361,-0.4670047,-0.4061986,-0.474461,-0.04452042,-0.08763565,0.03763606,-0.6298233,-0.4565709,-0.4003639,-0.4843288,-0.1092614,0.1327709,0.02677414,-0.6314352,-0.4464274,-0.4006977,-0.4913588,0.06328894,0.06346454,0.06696651,-0.62756,-0.4454502,-0.4018152,-0.4962732,0.0512312,-0.08758295,0.09248979,-0.6291832,-0.4426377,-0.3969988,-0.5005919,0.03058633,0.05639288,0.0231028,-0.6176672,-0.4553144,-0.3944963,-0.5055183,0.02874393,0.04714929,-0.01951346,-0.6053392,-0.474165,-0.3951569,-0.5025764,-0.01467804,-0.00310191,-0.01886935,-0.597514,-0.4862838,-0.4026263,-0.4943653,0.02104336,0.01207428,-0.08237926,-0.5881869,-0.5005352,-0.4166786,-0.4794576,0.01055835,-0.03762125,-0.06278587,-0.5806983,-0.5138289,-0.4315925,-0.4609742,0.07368547,-0.07961408,-0.06612056,-0.5607777,-0.5315059,-0.4562916,-0.441393,0.04277558,-0.1363697,-0.002461084,-0.5378856,-0.5523911,-0.4711578,-0.4284314,0.01272718,0.1348693,0.06687006,-0.5258213,-0.5645092,-0.4745943,-0.4237942,-0.007548197,0.1001291,0.1393778,-0.5221694,-0.56958,-0.4822731,-0.4127111,-0.06073857,-0.0876869,0.04631651,-0.5180655,-0.5786135,-0.4884316,-0.3978054,-0.03992211,-0.004540788,0.02319706,-0.5213264,-0.5764472,-0.4952304,-0.3881679,-0.02122388,0.06631234,-0.003831487,-0.5278684,-0.5731179,-0.5036097,-0.3731862,-0.04543738,0.01070483,0.004493987,-0.5238679,-0.5799666,-0.5091784,-0.36047,0.01124659,-0.0230479,-0.05614991,-0.5151867,-0.5892833,-0.5148298,-0.3496829,-0.07328451,0.04417614,-0.02707544,-0.5094877,-0.5929749,-0.5171204,-0.3484099,-0.03551672,-0.0254579,-0.05785094,-0.5017284,-0.6006726,-0.5140578,-0.3510065,-0.09907129,-0.06924212,-0.01274108,-0.4953444,-0.6035759,-0.5126004,-0.3571706
1,0,0,-0.0702695,0.1190738,-0.5789452,-0.01029372,-0.9951339,-0.09727198,-0.01186242,0.02866724,-0.06780117,-0.2543838,-0.00953427,-0.9983082,-0.05690166,-0.007218614,0.03526709,-0.08703032,-0.07006688,-0.001084566,-0.9996604,-0.01760879,-0.01917956,0.04006708,0.007874199,0.1551151,0.002587527,-0.999645,-0.01674487,-0.02055995,-0.02290285,0.1908203,0.4669898,0.008618295,-0.9984375,-0.05213741,-0.01816492,0.06214178,-0.003990998,0.351456,0.009560227,-0.9993263,-0.03230826,-0.01454385,0.07825791,0.02287958,0.3093447,0.01148379,-0.998361,-0.04900967,-0.02722869,0.006029875,0.1062776,0.105652,0.009440303,-0.9965874,-0.07734133,-0.02725177,-0.03490752,0.06027385,-0.1810744,0.004039735,-0.9951698,-0.09552559,-0.02226107,0.01780396,-0.01062149,-0.4347052,-0.01001942,-0.995513,-0.08941519,-0.02929742,-0.04170048,0.09265976,-0.5310573,-0.01791677,-0.9958013,-0.08317477,-0.03377292,-0.07001171,-0.1051176,-0.1014806,-0.01292777,-0.9993654,-0.03067067,-0.012682,-0.009485075,-0.1085229,0.01831738,-0.008037806,-0.9998829,-0.003416742,-0.01256282,0.08489808,0.04985306,0.139469,-0.006166697,-0.9993293,-0.02343959,-0.02744835,0.07523145,0.1879072,0.4074319,-0.002587825,-0.9976884,-0.05711845,-0.0367237,-0.00541578,0.01779121,0.447818,-0.002362609,-0.9980139,-0.05451537,-0.0314769,0.006867603,0.0005703214,0.298084,-0.001874417,-0.9978236,-0.06029286,-0.02663149,0.002815197,0.01724754,-0.0760658,-0.001326591,-0.9972932,-0.07150501,-0.01706992,0.02934496,0.01064279,-0.309316,-0.006448686,-0.9956741,-0.08913428,-0.02542831,-0.0149851,0.03858648,-0.4419508,-0.01273015,-0.9949775,-0.0940055,-0.0319493,-0.05286037,0.1078227,-0.5294864,-0.01232409,-0.9953579,-0.09337702,-0.01978788,-0.03002417,-0.06405795,-0.04872101,-0.01006085,-0.9990602,-0.04034539,-0.01223391,0.08483662,-0.1137634,0.2419623,-0.004051149,-0.9996192,-0.002480226,-0.0271806,0.02647794,0.05491476,0.2296778,-0.004072696,-0.9994993,-0.01951125,-0.02457355,0.04508373,0.1479134,0.5252765,0.0001763105,-0.9972993,-0.06923567,-0.0245067,0.08064708,0.1278567,0.4064885,0.0018408,-0.9959013,-0.08500738,-0.03083471,-0.02398125,0.06752831,0.1114364,0.002331942,-0.9966162,-0.07880563,-0.02324047,0.003209767,-0.06576317,-0.2433047,0.001596391,-0.9975929,-0.06829336,-0.01190823,0.02560375,-0.02927408,-0.4699208,-0.0009610057,-0.996423,-0.07941452,-0.02887168,-0.03795488,0.1407982,-0.6111453,-0.003610492,-0.9957049,-0.08957449,-0.02312966
0,1,0,0.04528955,0.1235845,0.08820132,-0.510644,-0.2016498,-0.275159,-0.7892196,-0.0309519,0.2136584,0.006721324,-0.5018789,-0.2038198,-0.2865532,-0.7902293,-0.02164325,0.2491575,-0.03312481,-0.5134073,-0.2099746,-0.2882782,-0.780525,0.07685091,0.3439209,0.04371963,-0.5367918,-0.2201004,-0.2863747,-0.7624958,-0.07656918,0.072172,0.2051359,-0.5703145,-0.2293173,-0.2755361,-0.739077,0.0345754,0.2102495,0.292411,-0.5818596,-0.2415739,-0.2776628,-0.7252481,0.04765202,0.1795103,0.0895207,-0.5783551,-0.2468797,-0.2844031,-0.7236509,-0.08607609,0.2019183,0.009178385,-0.5645092,-0.2410278,-0.2940161,-0.7326593,0.009051149,0.09569,-0.1331802,-0.5524345,-0.2443061,-0.304626,-0.736433,0.1336384,-0.0341005,-0.09705956,-0.5438396,-0.2499693,-0.3171484,-0.735643,0.1411156,-0.11814,-0.09198911,-0.5413116,-0.2526244,-0.3251563,-0.7331002,0.03842462,-0.08505937,-0.09059082,-0.5366849,-0.2586374,-0.3323615,-0.7311715,0.02246011,-0.07456069,-0.02728948,-0.5384369,-0.2633146,-0.3308,-0.7289187,0.05218192,-0.1837894,0.02745181,-0.5529889,-0.2637683,-0.3169745,-0.7239867,0.07553492,-0.1132041,0.04541082,-0.5651072,-0.2651258,-0.3050773,-0.7192287,0.05515583,-0.297734,-0.00243642,-0.5743777,-0.2703427,-0.2954957,-0.7139238,0.005920021,-0.317596,0.05427785,-0.5803359,-0.2620564,-0.2784266,-0.7190378,-0.02601435,-0.2461703,0.141083,-0.5812598,-0.243953,-0.2604673,-0.7312871,-0.04781185,-0.1963193,0.06392423,-0.5672137,-0.221443,-0.2499252,-0.7528406,-0.1222896,-0.09345155,-0.01830737,-0.5460148,-0.2025641,-0.2498956,-0.7735553,0.0170524,-0.01722101,-0.04207887,-0.5249132,-0.1974956,-0.2595885,-0.7861778,0.01006871,0.1271465,-0.0194088,-0.5159075,-0.1978856,-0.2700206,-0.7885237,0.05607761,0.1099674,-0.04018735,-0.5241392,-0.2095959,-0.2771963,-0.7775024,-0.01789325,0.2283916,0.008949853,-0.5455675,-0.2203539,-0.2776809,-0.7594034,0.08052354,0.2812495,0.03894856,-0.5735091,-0.2301834,-0.268301,-0.7389976,-0.06811205,0.2316726,0.1403661,-0.602592,-0.2456653,-0.2609714,-0.7130395,-0.02288206,0.5278668,0.1623494,-0.6216689,-0.2697227,-0.2624151,-0.6869612,0.1009461,0.2498506,-0.0006675144,-0.621057,-0.280095,-0.2667111,-0.6816892,0.05198528,0.2247173,0.05984138,-0.622434,-0.2700059,-0.2593446,-0.6873232,-0.08309039,0.1248718,-0.02494376,-0.6179183,-0.2615348,-0.2578295,-0.6951982
0,1,0,-0.001993858,-0.19903,0.04658652,0.4854257,-0.4788349,-0.5559411,0.4754035,-0.01288457,-0.4454986,0.1862986,0.4932021,-0.4841621,-0.5490876,0.4699378,0.004208553,-0.4216534,0.2705252,0.4866737,-0.4798275,-0.5501434,0.4798504,0.01410852,-0.2607796,0.1682618,0.4654304,-0.4573201,-0.5670481,0.502682,0.002062721,-0.1473259,0.1046282,0.4409858,-0.4376488,-0.5894108,0.5163234,0.03458638,-0.007517735,0.006897051,0.4134152,-0.4281505,-0.6111684,0.5217742,0.1401682,0.09209981,-0.08376901,0.3972366,-0.4278327,-0.6190328,0.5253196,0.04701427,0.1837539,0.004585716,0.3917265,-0.4375746,-0.6187292,0.5217786,-0.02956783,0.336577,0.01974092,0.4006587,-0.4547144,-0.6095428,0.5110431,0.0330988,0.2618595,-0.08776357,0.422635,-0.4811109,-0.588549,0.4934794,0.01205326,0.1368828,0.03952491,0.4455348,-0.5081146,-0.5654569,0.4728391,0.06668901,0.3908896,0.3457914,0.4715254,-0.5192444,-0.5437472,0.4608558,0.02214032,0.2967308,0.2067676,0.4748096,-0.513508,-0.5412674,0.4667921,0.04203234,0.2210416,-0.119209,0.4669319,-0.4986803,-0.5533547,0.4765407,-0.0602698,-0.009645028,-0.2643275,0.4412653,-0.4938015,-0.5732318,0.4825455,0.03083982,-0.0900119,-0.2726869,0.4256075,-0.4876586,-0.586195,0.4872605,0.02848313,-0.1229662,-0.2903402,0.4250892,-0.4790739,-0.5896565,0.492029,0.005267152,-0.05362219,0.1314176,0.4318928,-0.4782907,-0.5888199,0.4878501,0.02730749,-0.1182472,0.1110865,0.4399216,-0.4800212,-0.5850658,0.4834734,-0.04992482,-0.1862611,0.03862922,0.4565666,-0.4843535,-0.575501,0.4751286,0.08633735,-0.1198964,0.2300519,0.47837,-0.488874,-0.5634421,0.4633545,0.1137123,-0.4534722,0.1491696,0.4881853,-0.4992688,-0.5530739,0.4544393,0.02027742,-0.5139647,0.2274182,0.4843578,-0.5003847,-0.5513789,0.4593408,0.001530922,-0.2653392,0.1391165,0.4626338,-0.4750094,-0.5666963,0.4890719,-0.04443009,-0.1672977,0.08059852,0.4449973,-0.4591435,-0.5816998,0.5027823,-0.04087739,-0.08249377,-0.01656457,0.4306825,-0.4397782,-0.5952257,0.5165404,-0.04574567,0.1335044,-0.07657314,0.415826,-0.4284341,-0.6068041,0.5247111,0.09506044,0.2397062,-0.109692,0.4109028,-0.4309183,-0.6095804,0.5233355,0.0433039,0.2446045,0.01656603,0.4109297,-0.4529768,-0.6048948,0.509952,-0.008584465,0.2329157,-0.08829728,0.4250124,-0.4886,-0.5861982,0.4868327
0,0,1,-0.01741637,0.006316531,-0.01251978,-0.7605263,-0.0429365,-0.06002355,-0.6450995,-0.01648765,-0.002586108,-0.001246545,-0.7610886,-0.04056522,-0.05822542,-0.6447545,-0.01454434,-0.01017328,0.006164715,-0.7614172,-0.04367623,-0.06204128,-0.6438068,0.005192964,0.001046872,-0.01222945,-0.7599548,-0.04653099,-0.06404853,-0.6451367,-0.01949276,-0.02866269,-0.02145721,-0.7603225,-0.04784101,-0.06566244,-0.644445,-0.008979009,-0.001791108,0.009504068,-0.7599376,-0.05140111,-0.06967363,-0.6442035,-0.003914895,0.0007182716,0.004345563,-0.7592331,-0.0569613,-0.07535982,-0.6439266,0.001335409,0.003397738,0.01819212,-0.7589818,-0.06392279,-0.08237556,-0.6427089,0.006600211,0.00254011,0.01320259,-0.7579242,-0.07257047,-0.09207404,-0.6417217,0.009398405,-0.01099765,-0.01882285,-0.7573001,-0.07890406,-0.09786463,-0.6408533,0.009122441,-0.001863655,-0.01466598,-0.7563863,-0.08187696,-0.101128,-0.6410531,-0.003648862,0.005331606,-0.007698481,-0.7560159,-0.08189258,-0.1024486,-0.6412783,-0.008066339,0.001748222,-0.001753802,-0.7559292,-0.08235446,-0.1037789,-0.6411073,0.0010335,0.003476022,0.0009990014,-0.7555607,-0.08344692,-0.1053039,-0.6411518,-0.00794571,0.002368468,-0.001126992,-0.755367,-0.08419779,-0.1067897,-0.6410362,-0.007886036,-0.009177851,0.003427423,-0.7555658,-0.08523789,-0.1087102,-0.6403412,0.00302007,0.005689769,0.002954167,-0.7545456,-0.08718348,-0.1121238,-0.6406936,-0.002342053,0.0003775156,-0.004423008,-0.7543633,-0.08849826,-0.113909,-0.640413,-0.008613188,-0.001429639,0.0009838308,-0.7545977,-0.08954039,-0.1156622,-0.6396774,-0.009250676,-0.0008350661,0.00166702,-0.7543107,-0.08997345,-0.1180482,-0.6395192,-0.007247076,0.001796943,0.0002499145,-0.7538343,-0.0918088,-0.1208209,-0.6393023,0.004320376,0.006068063,0.00009069565,-0.7531269,-0.09352368,-0.1226607,-0.639537,0.002339865,0.006242039,0.002585112,-0.7526862,-0.09573305,-0.1252145,-0.6392338,0.003824133,0.001778855,-0.002900996,-0.7525826,-0.09633327,-0.1260748,-0.6390966,-0.002818214,-0.00611445,-0.003113215,-0.7529464,-0.09643057,-0.1263047,-0.6386079,-0.002386659,-0.004039378,-0.002077758,-0.7529539,-0.09677818,-0.1268547,-0.6384373,0.004160968,0.003865208,0.0007666888,-0.7528526,-0.09711266,-0.1274419,-0.6383891,0.0002793744,0.004714083,-0.00391061,-0.7525414,-0.09711015,-0.1280248,-0.6386397,0.001856356,0.002342308,0.000618775,-0.7525432,-0.09742573,-0.1283588,-0.6385224,0.002106604,0.0008985689,0.0005542026,-0.7527412,-0.09665203,-0.1278297,-0.6385127
0,0,1,-0.05296892,-0.04909395,-0.02279747,-0.7465384,0.2168776,0.1655934,-0.606814,-0.06763699,0.04522388,-0.09183379,-0.74966,0.2158499,0.1679344,-0.6026747,-0.07835677,-0.02685739,-0.07184474,-0.747645,0.2197412,0.1868395,-0.5981903,-0.07338183,-0.1293544,0.1449233,-0.7432835,0.2325742,0.2015807,-0.5939731,-0.05377245,0.1430518,0.02704751,-0.7398397,0.2392383,0.2016023,-0.5956162,0.06962842,0.04151398,0.09613391,-0.7417977,0.2321905,0.2086122,-0.5935525,0.0562086,-0.04387292,0.09394,-0.7399418,0.231281,0.2116946,-0.5951307,0.05945632,0.05466139,0.007790769,-0.7401707,0.211508,0.2134534,-0.6015393,0.00902894,0.03149834,0.01637114,-0.7421265,0.1998309,0.2133548,-0.6031547,0.0437588,-0.01153348,0.01415752,-0.7453815,0.1844044,0.2065731,-0.6064066,-0.006339955,0.04012781,-0.05439434,-0.7497909,0.1678265,0.1925843,-0.6103762,0.02004168,-0.03992972,-0.05574061,-0.7553509,0.1545976,0.174748,-0.6123787,0.04599639,0.00467849,-0.01246166,-0.7589428,0.1334438,0.1492354,-0.6196186,0.03163682,0.004242529,0.00808994,-0.7643627,0.1012866,0.1219526,-0.6249946,-0.004796537,0.08155077,0.04559599,-0.7671407,0.07508993,0.1098701,-0.6275231,0.04152746,-0.02051849,0.02526223,-0.7713681,0.06134608,0.1009163,-0.6253349,-0.04764827,0.01362509,0.06239146,-0.7728264,0.05214185,0.09259191,-0.6256576,0.004321299,0.007622665,0.03831591,-0.7758551,0.04835346,0.07933033,-0.6240334,-0.05700339,0.004222107,0.06332567,-0.7764277,0.04447815,0.06015289,-0.6257501,-0.04614676,-0.03312062,-0.01469564,-0.776865,0.03742263,0.04033101,-0.6272588,-0.06208499,0.05795176,0.01878113,-0.7763239,0.03353816,0.02339032,-0.6290065,-0.02317664,0.01538819,-0.005251279,-0.7782747,0.02295738,0.00527069,-0.6274821,-0.000663977,-0.02403458,-0.0215191,-0.779878,0.01257473,-0.006908238,-0.6257671,-0.02227679,0.0297083,-0.05155899,-0.7794222,0.008809626,-0.01219079,-0.6263185,-0.04800479,-0.001173391,-0.05291929,-0.7790766,0.005374134,-0.007856429,-0.6268564,-0.08107657,-0.04439329,-0.0323691,-0.7765316,-0.002224833,0.0001890659,-0.6300743,-0.05291229,-0.03016206,0.0008521817,-0.7731823,-0.004259735,0.001270026,-0.6341683,-0.0682499,-0.01243604,0.04141948,-0.7716797,0.001504064,0.002364993,-0.6360052,-0.03195778,0.03988596,0.01351921,-0.7686543,-0.0004142523,-0.002973258,-0.6396573,0.01804969,0.02512472,0.1188648,-0.7656657,-0.01167774,-0.007192612,-0.6430925
1,0,0,0.01193189,0.04838597,-0.2814271,-0.8362007,-0.5341551,-0.01356961,-0.1235414,-0.03579575,-0.08472398,-0.3305075,-0.8402982,-0.5370113,0.02077797,-0.07131568,-0.07668942,-0.2348875,-0.2712567,0.8384704,0.542771,-0.04763396,0.009900209,0.01424637,-0.2013739,-0.1118912,0.8332274,0.5500404,-0.05640867,0.002419913,0.05248819,-0.008529196,0.2195169,-0.8294164,-0.5535972,0.01780424,-0.07267345,-0.05971345,0.1889049,0.1568036,-0.8236769,-0.5503756,-0.03428138,-0.1321659,0.03571753,0.2192137,0.3385141,-0.8296889,-0.5397818,-0.0375074,-0.1372775,0.01739578,-0.04491458,0.299178,-0.8364283,-0.5413231,-0.003158495,-0.08571406,0.04460756,-0.1253638,0.2576864,-0.8359561,-0.5457551,0.02018296,-0.05404905,0.01165119,-0.0002800734,0.1038162,-0.8317325,-0.5481417,0.0006987788,-0.08809702,-0.0474557,0.1663048,-0.03669555,-0.8287109,-0.5420975,-0.03515112,-0.1346588,-0.03325818,0.1628427,-0.1869584,-0.8287599,-0.5372044,-0.04900641,-0.1488849,0.002956762,0.02589651,-0.1944908,-0.8332269,-0.5374009,-0.03054686,-0.1264919,0.0188705,-0.01408248,-0.4478892,-0.8398388,-0.5379174,-0.001270633,-0.0728967,-0.0110729,-0.2428721,-0.2639828,0.8352289,0.5477369,-0.04726544,0.01195356,-0.01414478,-0.2162672,-0.1186575,0.8315665,0.5521654,-0.05866562,-0.01298955,0.04655187,-0.02487818,0.2049241,-0.8278351,-0.5576771,0.02229869,-0.05646268,-0.0372,0.1780041,0.2331142,-0.8176497,-0.5546862,-0.04135336,-0.1485331,0.02995518,0.2656512,0.2994177,-0.8197762,-0.5438777,-0.05259792,-0.1714569,0.02537721,-0.1710164,0.1570231,-0.8317556,-0.5442606,-0.01293197,-0.1086079,0.02382147,-0.04940466,0.2437408,-0.8317795,-0.5474979,-0.003698476,-0.09151574,0.04902726,-0.02059508,0.1774037,-0.8322072,-0.5458319,0.002366371,-0.09743274,-0.04304235,0.0418083,-0.003192545,-0.8314278,-0.54404,-0.01832326,-0.1114117,-0.02910509,0.08876506,-0.1886105,-0.8305544,-0.5407494,-0.03225451,-0.1293408,0.01460066,0.0414542,-0.1900085,-0.8332995,-0.5372561,-0.02249656,-0.1283037,-0.01917603,-0.009454933,-0.3840812,-0.8366457,-0.5388533,-0.01398651,-0.09729074,-0.07213783,-0.1332235,-0.303706,-0.838011,-0.5426951,0.01916439,-0.0534068,-0.02856571,-0.1550249,-0.2211655,0.8371653,0.5453033,-0.03314426,0.02645819,0.07022554,-0.08854065,0.04379366,-0.8333775,-0.549868,0.03341118,-0.04484156,0.001456613,0.06680036,0.1059882,-0.8316028,-0.5473429,-0.002935298,-0.09404171
0,1,0,0.1605124,-0.01270269,0.01725728,0.3911519,0.534126,0.5960873,0.4543011,0.1219885,0.09726804,0.09005547,0.3923166,0.5435391,0.5722113,0.4724692,-0.05273023,0.08165083,0.05094774,0.387949,0.5477027,0.5699693,0.4739752,-0.2645901,-0.2409891,0.03560992,0.4309866,0.5238185,0.5654974,0.469124,-0.04872141,0.02699314,0.003042644,0.4468453,0.5144366,0.5661481,0.463854,-0.09148723,0.08078192,0.05424412,0.4673565,0.5030074,0.5588167,0.4650648,-0.03643157,-0.1324047,-0.009562848,0.4896211,0.4862131,0.5506752,0.4697073,-0.113078,-0.219314,-0.04712788,0.5018926,0.479136,0.5387897,0.4777428,-0.1545217,0.379404,-0.2905347,0.4693628,0.4734982,0.5977566,0.4451798,-0.1636541,-0.1679924,-0.05081959,0.4701192,0.4559034,0.6186046,0.4341293,0.1872281,0.1955965,-0.05828172,0.4506658,0.4559567,0.624457,0.4461584,0.01623754,-0.1323594,0.1537592,0.4749199,0.4442641,0.5920498,0.4759805,0.03339723,0.1208878,-0.2400346,0.464484,0.4055203,0.6282442,0.474465,0.1616963,-0.3025729,-0.0642275,0.4514675,0.4020343,0.6074716,0.5152898,-0.3959667,0.01795951,0.1320297,0.5036954,0.3555974,0.5767636,0.5358965,0.05381426,0.1662435,0.04168555,0.5346765,0.3117474,0.5575913,0.5531967,0.2202888,0.1957899,0.0743115,-0.5534002,-0.2791595,-0.4872026,-0.6151844,0.05573586,-0.03175692,0.06634449,-0.5965739,-0.2090955,-0.3786899,-0.6759975,0.0516291,-0.1308284,-0.01718171,-0.6199123,-0.1535416,-0.3041742,-0.7068322,0.1932492,0.1432359,0.09579106,-0.6454197,-0.02920893,-0.09018731,-0.7579224,0.01566408,-0.1524358,0.1097729,-0.6625714,0.02067262,-0.03362918,-0.7479577,0.3442017,0.08617499,-0.1179812,-0.6194026,0.2112097,0.2667859,-0.7074999,0.02206374,-0.2213541,0.03849314,-0.5844852,0.2897289,0.3931111,-0.6479952,-0.1784357,-0.07294483,0.01898893,-0.5821233,0.3088357,0.3851602,-0.6460686,-0.02599441,0.059141,-0.01876196,-0.5572215,0.3441453,0.4135999,-0.6324581,-0.2412008,0.0650204,0.08301926,-0.5635481,0.3547819,0.3759859,-0.644343,-0.2022241,0.1175538,-0.006653348,-0.5481063,0.3759813,0.3477443,-0.6612802,0.1188778,-0.07330027,-0.06274656,-0.5304212,0.3991096,0.3705796,-0.6496427,-0.1077044,0.0462408,0.002232637,-0.5039028,0.4153384,0.4151952,-0.6333947,-0.1149889,-0.01591381,-0.01822465,-0.5101544,0.412791,0.3654846,-0.6601264
0,1,0,0.05148965,0.001186811,-0.02602989,0.4445479,-0.4570308,-0.5681584,0.5202845,0.03173624,0.02319727,-0.2308463,0.4270329,-0.4379888,-0.5831461,0.5345553,-0.02399834,-0.08356088,-0.2853371,0.4094874,-0.433827,-0.5919797,0.5419171,-0.05227057,0.003476995,-0.265659,0.4048012,-0.4319794,-0.5911758,0.5477599,-0.1648675,-0.05874287,-0.162075,0.4088964,-0.4327788,-0.5831584,0.5526595,-0.1751407,-0.06042146,0.1503774,0.4248691,-0.435953,-0.5691902,0.5526786,-0.0754195,-0.2109837,0.09076457,0.442271,-0.4419143,-0.555999,0.5476982,-0.07599588,-0.224942,0.1467385,0.4535491,-0.4488648,-0.5480742,0.5407664,-0.007781467,-0.4207194,0.1144463,0.4482669,-0.4481504,-0.5499832,0.5438165,-0.01478628,-0.3826486,0.1579862,0.4454872,-0.4388592,-0.5551093,0.5484501,-0.03552251,-0.2695841,0.06543038,0.4384772,-0.4287193,-0.5667701,0.5501901,0.00707454,-0.1316378,-0.06102834,0.4268305,-0.4211597,-0.5807142,0.5506462,0.01036379,0.09927718,-0.04096062,0.4165177,-0.4201594,-0.591279,0.5480585,-0.007633116,0.1783643,-0.04836732,0.4165111,-0.4342973,-0.5905744,0.5377046,0.05014063,0.1286317,-0.03808345,0.4280037,-0.4573947,-0.5796045,0.5212115,0.09090248,0.2435663,-0.005662503,0.4464345,-0.4851151,-0.5601203,0.5016223,-0.04383885,0.5976241,0.1225951,0.4710305,-0.5102161,-0.5346244,0.4816498,0.01276307,0.7736362,0.2196488,0.4935603,-0.5178058,-0.5126337,0.4748495,0.03924261,0.3980206,-0.190373,0.495582,-0.5094003,-0.511464,0.4830261,0.07360239,0.108387,-0.1870291,0.4797227,-0.4964685,-0.5284741,0.494065,-0.001022127,0.03787672,-0.4278289,0.4659088,-0.4838655,-0.5454003,0.5013399,0.06420656,0.03484074,-0.1630992,0.4602142,-0.4803631,-0.5470637,0.5081097,-0.02480689,-0.05495283,-0.06366766,0.4571366,-0.4794823,-0.5494066,0.5091908,-0.03132455,-0.1024807,-0.08643461,0.455109,-0.4812183,-0.5478996,0.5109899,-0.06892609,-0.2649853,0.07298694,0.4661872,-0.4908034,-0.5340475,0.5065321,0.05258456,-0.2390237,0.1626506,0.487423,-0.4947055,-0.5158545,0.501577,0.01580818,-0.3429421,0.2535557,0.4980537,-0.5024865,-0.5038294,0.4955862,-0.02972144,-0.36668,0.231568,0.5024711,-0.502429,-0.4989904,0.4960811,-0.06952129,-0.3033691,0.1928451,-0.4927939,0.4852938,0.5095226,-0.5118896,-0.04857044,-0.2187074,0.14236,0.4680878,-0.4516578,-0.5416166,0.5324947
0,1,0,0.007153281,0.5973132,0.01173706,0.4774894,-0.4587669,-0.5610297,0.496772,0.02530462,0.4746534,0.07376055,0.4890119,-0.4581206,-0.5509284,0.4974644,-0.05482911,0.1135478,-0.1414914,0.4862619,-0.4437747,-0.5575281,0.5057427,0.03440193,0.01278905,-0.1338077,0.4705158,-0.4258253,-0.5739251,0.5175883,0.07145367,0.1768957,0.01027515,0.4512657,-0.4070648,-0.5915166,0.5298731,0.1415529,0.05874452,-0.141509,0.4450452,-0.4011766,-0.5968179,0.533667,0.1884159,-0.001231253,-0.1800668,0.446955,-0.4020278,-0.596911,0.5313212,0.2426777,-0.1851848,-0.2758193,0.4557594,-0.4055875,-0.594808,0.5234362,0.01217516,0.04683868,0.07006393,0.471778,-0.4197885,-0.5825565,0.5116943,0.03242293,-0.08264908,0.1652413,0.4887805,-0.4263151,-0.5701593,0.5042494,0.1201577,-0.3258251,0.132473,0.5085094,-0.4322402,-0.5536885,0.4980116,0.06677704,-0.4462997,0.2261093,0.5173718,-0.4406593,-0.5432098,0.4930201,0.03314969,-0.2979004,0.2931632,0.5124469,-0.4323482,-0.548023,0.500144,-0.001170741,-0.2287161,0.1317278,0.4959746,-0.4075264,-0.5658805,0.5174076,-0.005010299,-0.1470046,-0.04102242,0.4612002,-0.3782592,-0.5956253,0.5380008,0.04956959,0.001272486,-0.1187513,0.4281512,-0.3595715,-0.6204331,0.5499614,0.04836412,0.1899065,-0.04529891,0.4093076,-0.3578696,-0.6313125,0.553029,0.04935275,0.2833841,-0.03928737,0.4121725,-0.3675998,-0.6281682,0.5480775,-0.04975319,0.2523929,-0.00466152,0.4253717,-0.3871947,-0.6176287,0.5363523,-0.005948849,0.2376796,-0.008762651,0.4446379,-0.4191379,-0.5999784,0.5163782,-0.05310678,0.09509096,0.06630473,0.4624506,-0.454386,-0.5790768,0.4943104,0.02093924,0.2648092,0.2134985,0.4772901,-0.4678852,-0.5649442,0.4838549,-0.03457695,0.4199762,0.2813661,0.4789258,-0.458433,-0.5662237,0.4897551,-0.004900774,0.2709604,0.02515515,0.4684805,-0.4397215,-0.5787418,0.5022241,0.02823411,0.03397427,-0.1810974,0.45403,-0.4206602,-0.5927528,0.5153114,0.04508883,-0.03645691,-0.241962,0.4434347,-0.4042279,-0.603928,0.52463,0.134723,-0.14142,-0.2415184,0.4428025,-0.3969842,-0.6073038,0.5267937,0.180304,-0.2767152,-0.02910019,0.4462452,-0.405298,-0.6038119,0.5215456,0.2065073,-0.3480446,-0.07677593,0.4614673,-0.4176735,-0.5882041,0.5163454,-0.007529574,-0.02501678,-0.01864624,0.4761527,-0.4236022,-0.5743335,0.5137905
0,1,0,0.01148054,-0.09344514,-0.0201807,-0.4684908,0.3510664,0.5272378,-0.6158645,0.005684725,0.1111508,-0.0168346,-0.4326629,0.3388695,0.5482106,-0.6304247,-0.006549828,0.2283097,-0.07640447,-0.4257539,0.3399862,0.5530748,-0.6302788,0.004549251,0.1465373,-0.1108919,-0.4347178,0.3560704,0.5502771,-0.6175997,0.07701671,0.1672694,-0.06226771,-0.4502239,0.3779273,0.5435955,-0.5991438,0.04840365,0.2942466,0.1465251,-0.4674127,0.3926744,0.5309714,-0.5877087,0.02396187,0.4073242,0.2231757,-0.4826218,0.3967229,0.5196838,-0.5827657,0.001462177,0.2152211,0.229683,-0.4868703,0.3925265,0.5163903,-0.5849968,0.02801638,0.1302151,0.004108375,-0.4784703,0.3852369,0.5205098,-0.5930668,-0.02526161,0.08480117,-0.2236642,-0.4678092,0.3791136,0.5271413,-0.5996244,-0.06815703,0.1889156,-0.07977201,-0.4647339,0.3737868,0.5295619,-0.6032164,0.02182306,0.0003876294,-0.1910343,-0.4645658,0.3673669,0.5319993,-0.6051422,-0.02558626,-0.1118608,-0.1234548,-0.4740154,0.371821,0.5274592,-0.599037,-0.07580782,-0.252374,-0.1187007,-0.4924691,0.3833475,0.5172381,-0.5856481,-0.07856333,-0.008037232,0.09266524,-0.5114139,0.3901736,0.5017611,-0.5783218,0.05017042,-0.3875279,0.1346078,-0.5345381,0.398134,0.4876025,-0.5639167,0.0223,-0.5408711,0.08650323,-0.5408917,0.4013486,0.4831408,-0.5594018,-0.03650474,-0.3476268,0.09240729,-0.5283689,0.3966469,0.4937332,-0.5654424,-0.01672341,-0.2090085,0.105113,-0.4996279,0.3858662,0.5155941,-0.5793462,-0.05640232,-0.07262897,-0.03187637,-0.4578559,0.3693367,0.540114,-0.6018599,-0.0337344,0.1019571,-0.04223723,-0.4395441,0.3611696,0.5491807,-0.6121747,0.05170031,0.221254,-0.06094602,-0.4353732,0.3615325,0.5527955,-0.6116875,-0.0008361602,0.1553982,-0.09347611,-0.445985,0.3766213,0.5501783,-0.5971245,0.01169128,0.2814813,0.03888375,-0.4624979,0.3937316,0.5427089,-0.5801191,-0.07244474,0.3370548,0.330436,-0.4798386,0.4040329,0.5324164,-0.5683706,-0.03473235,0.5474082,0.2758397,-0.4889321,0.3991315,0.5237573,-0.5721168,0.00373957,0.4456208,0.06562203,-0.4835983,0.3891499,0.5274457,-0.5800828,-0.05901107,0.06663656,-0.05436121,-0.4705116,0.3848644,0.5345615,-0.5871475,0.04669628,-0.03792554,-0.1994096,-0.4548616,0.3756554,0.5392921,-0.6009558,0.05442101,-0.03015204,-0.2225002,-0.454355,0.3681327,0.5413762,-0.6041122
0,0,1,0.05428375,0.1477542,0.0485245,-0.7558969,0.1888823,0.1511994,-0.6083437,0.006040218,-0.06135699,0.01979074,-0.7651505,0.1632242,0.124256,-0.6102974,-0.0109599,0.02461155,0.1043662,-0.7691654,0.1374787,0.0954147,-0.6167498,-0.07728974,0.03284551,0.04607169,-0.7752978,0.1050739,0.05303097,-0.6205325,-0.1042177,-0.006292802,0.06253218,-0.7797332,0.07104385,0.008198053,-0.6220142,-0.04903643,0.02332059,0.01215387,-0.7828238,0.03497842,-0.03987485,-0.6199785,-0.04248007,-0.01294941,-0.005874516,-0.784856,-0.001866639,-0.0814274,-0.6143023,-0.0362404,0.01199327,-0.01217532,-0.7825648,-0.03924915,-0.1182239,-0.6099795,-0.06287792,0.008293869,-0.02135453,-0.7755463,-0.07432696,-0.1477584,-0.6092379,-0.05397816,0.02885116,-0.04614426,-0.7690195,-0.1095194,-0.1655607,-0.6076217,-0.04414643,-0.05700535,-0.08879572,-0.7644739,-0.1352241,-0.1678417,-0.6075552,-0.1442465,-0.05930137,0.01998278,-0.7584854,-0.1527448,-0.172999,-0.6094589,-0.05001722,0.04986435,0.02586276,-0.7512426,-0.1688316,-0.185746,-0.6104333,-0.005315256,0.007690252,0.06881157,-0.7423142,-0.19379,-0.2060963,-0.6074038,0.1484882,0.01523035,0.1014161,-0.7302988,-0.2225149,-0.2283151,-0.6041713,0.1947263,0.04942722,0.06378257,-0.7101249,-0.2731485,-0.2544125,-0.5969814,0.007003834,0.009359412,0.02607046,-0.6935161,-0.3166768,-0.2779567,-0.5843724,0.10052,-0.002005151,0.02043809,-0.6764755,-0.3556214,-0.3011544,-0.5702809,0.0494394,0.03311625,-0.04019399,-0.661216,-0.3882044,-0.3185772,-0.5573145,-0.003219259,0.00552542,-0.05695064,-0.6476697,-0.4151114,-0.3366366,-0.5430307,0.100023,0.02222898,-0.04621396,-0.6351641,-0.435374,-0.3640266,-0.523928,0.07661828,-0.0530141,-0.09458727,-0.6272008,-0.4518664,-0.3895815,-0.5006616,0.09990286,-0.04501733,-0.006488076,-0.6058177,-0.4742267,-0.4099987,-0.4898928,0.1296145,-0.0303301,0.04160353,-0.5876768,-0.4959618,-0.4156389,-0.4856976,0.05235597,-0.009327709,0.0005012512,-0.5870504,-0.5014492,-0.4213635,-0.475787,-0.08074146,0.1171366,0.1750994,-0.5899419,-0.4946457,-0.4218824,-0.4788626,-0.002724097,-0.1079807,0.03378206,-0.59302,-0.4926274,-0.424135,-0.4751368,-0.09255378,0.02531047,0.06834035,-0.6041806,-0.4742242,-0.426973,-0.4772539,-0.02966552,0.09267026,0.02535551,-0.6167452,-0.4599785,-0.428435,-0.4738022,-0.01035018,-0.03093693,0.01688839,-0.6231515,-0.4570189,-0.4257867,-0.4706607
0,0,1,-0.03538822,0.000227584,-0.003813666,-0.1015876,-0.02731825,-0.09780112,-0.9896306,0.003332251,0.008791509,0.02701007,-0.1037313,-0.02923134,-0.1063689,-0.988469,0.0008756731,-0.0006247922,0.03171686,-0.1057516,-0.03204303,-0.1130866,-0.9874215,0.0177588,-0.03030747,-0.0151932,-0.1043938,-0.03140144,-0.1178346,-0.9870313,-0.008170671,-0.008568035,-0.006492646,-0.1013459,-0.02980859,-0.1198162,-0.9871598,-0.02667327,-0.01231985,0.0006184955,-0.09964974,-0.0313498,-0.1193325,-0.9873433,0.01229016,0.0163788,-0.002239129,-0.1005296,-0.03713752,-0.1185987,-0.9871418,-0.01264046,0.01381158,0.01531914,-0.1004162,-0.03846113,-0.1160205,-0.987409,-0.0263142,0.004030942,-0.01452706,-0.09918511,-0.03702211,-0.1129467,-0.9879447,-0.005048111,-0.003467246,0.01424718,-0.09613855,-0.03836086,-0.1156833,-0.9878781,0.003713951,0.007354042,-0.0006956129,-0.09502094,-0.04328819,-0.1161009,-0.9877336,0.01327648,-0.01713835,0.04133485,-0.09807746,-0.04676023,-0.1144964,-0.9874638,0.0004085255,0.009779279,0.0100487,-0.1015926,-0.0477207,-0.1117344,-0.9873788,-0.005767142,-0.009315845,0.00837789,-0.1061938,-0.04741664,-0.1071168,-0.9874212,0.003073569,-0.01599423,-0.002112026,-0.1058743,-0.04444611,-0.1049007,-0.9878315,-0.03172088,0.008990746,-0.007153639,-0.1035345,-0.0373044,-0.1012106,-0.9887595,0.01651562,-0.0001720312,-0.01294707,-0.1039092,-0.03725486,-0.10233,-0.9886069,0.0002284896,0.004180217,-0.0009570147,-0.104039,-0.03746762,-0.1010586,-0.9887159,-0.003319502,0.009178434,0.0006894863,-0.1046654,-0.03711792,-0.09996599,-0.9887741,0.00594888,0.002148323,0.001900318,-0.1056663,-0.03814303,-0.1016189,-0.9884601,-0.009765214,-0.006060137,0.003334721,-0.1055485,-0.03813416,-0.1033818,-0.9882902,0.000113561,-0.006656266,0.006109199,-0.1055515,-0.03838792,-0.1037946,-0.9882368,-0.003090702,0.0119692,-0.02001484,-0.1048727,-0.0390766,-0.1052972,-0.9881231,-0.004354121,-0.002147959,-0.02703749,-0.1097893,-0.04126485,-0.107676,-0.9872434,-0.002444248,0.01024714,-0.01069987,-0.1247068,-0.04255347,-0.1124347,-0.9848837,-0.0206635,0.01340132,0.00326762,-0.1502941,-0.04466636,-0.1149488,-0.9809196,-0.02413813,0.003851715,0.0199103,-0.1836488,-0.04886192,-0.1210207,-0.9742893,-0.02381307,-0.01425666,0.02821711,-0.2324996,-0.05596723,-0.1282745,-0.9624745,-0.006309906,-0.0197618,0.07982695,-0.2785802,-0.06303776,-0.1334162,-0.9490097,0.01956496,-0.0144797,0.09456285,-0.3312566,-0.07373355,-0.1389609,-0.9303344
0,1,0,0.0001040459,0.3661427,-0.327478,-0.6384164,0.4004356,0.3099946,-0.5796371,-0.1740288,-0.6325122,-1.407902,-0.2073782,0.5426696,0.7059131,-0.4052044,-0.04419083,-0.7044147,0.1613013,-0.2552711,0.5457657,0.630738,-0.4890256,-0.006522963,-0.1024581,-0.09229475,-0.4309998,0.4776323,0.4597024,-0.612193,0.1477495,-0.1590461,-0.03944246,-0.3801265,0.4777573,0.5422757,-0.5772251,-0.1258526,0.1786071,0.288424,-0.4224404,0.4630498,0.4861453,-0.6089266,-0.04450367,0.1382701,0.08223973,-0.472819,0.4410285,0.3917068,-0.6546004,0.1742283,0.03486797,0.002831537,-0.4918333,0.4245712,0.3849584,-0.6554741,-0.08303618,-0.1248862,-0.05447947,-0.515097,0.4058558,0.3783155,-0.653325,-0.05475223,-0.08171842,-0.2140968,-0.4969272,0.4092507,0.3837928,-0.6620274,-0.03483965,0.006040055,-0.00616745,-0.4557179,0.426186,0.4268798,-0.6545688,0.04890019,-0.0954252,-0.1209234,-0.4168664,0.447167,0.4827109,-0.6270998,-0.08639175,0.2634909,0.1450239,-0.4013736,0.4705184,0.5008317,-0.6055404,0.01690981,-0.2128136,-0.006824942,-0.3872254,0.4844292,0.5280796,-0.5801006,0.01829555,0.1172979,0.06047412,-0.3782789,0.5061762,0.5374697,-0.5584058,-0.07852201,-0.1743114,0.08191649,-0.3781427,0.5200953,0.5429794,-0.5400762,-0.02188544,0.02714369,0.06411748,-0.3673642,0.5375103,0.5473512,-0.5258638,0.0472795,-0.1010974,-0.1082517,-0.3278945,0.5565302,0.583539,-0.4921803,-0.005326549,0.05636866,-0.06435008,-0.2975344,0.5662648,0.6188912,-0.4558409,-0.0711796,0.07322977,0.06490648,-0.2440619,0.5890781,0.6465259,-0.4188377,0.03046686,-0.08927009,0.04646547,-0.2312314,0.6029485,0.6522483,-0.3969348,-0.04275248,0.09993915,0.06098613,-0.2104302,0.6168767,0.657559,-0.3778868,-0.03865412,0.09625102,0.1383272,-0.1822764,0.6384931,0.6539123,-0.36263,-0.09602723,0.01892577,0.003003751,-0.1746953,0.653304,0.6453933,-0.3551659,-0.009017416,-0.1614453,-0.00981306,-0.1781792,0.6500391,0.6510776,-0.3489973,-0.02926845,-0.110286,-0.0007284583,-0.1745669,0.6524292,0.6508511,-0.3467786,0.09350431,0.1367459,-0.09232259,-0.1659231,0.6435233,0.6664633,-0.3378962,0.0956316,0.0009600294,0.1576794,-0.1847253,0.6434292,0.6649672,-0.331201,0.04562897,-0.1642254,-0.06263793,-0.181843,0.6309552,0.6854846,-0.3145463,0.2555313,0.06886247,0.03108624,-0.1978394,0.6229803,0.6950839,-0.2993551
0,1,0,0.02252359,0.269492,-0.009717186,0.4461141,-0.5165805,-0.5642484,0.4644895,0.1364898,0.2536676,0.2015943,0.4694783,-0.5346764,-0.5413679,0.4479197,0.03374432,0.4221607,0.09999779,0.4816146,-0.529866,-0.530731,0.4534467,0.03819742,0.282127,0.1279693,0.4747852,-0.5202107,-0.5382887,0.4628228,-0.03164148,0.1121902,-0.0009019604,0.4568752,-0.5055938,-0.554095,0.4781409,-0.05316112,-0.09138436,-0.2017763,0.441941,-0.4960207,-0.5667859,0.4872425,0.1393394,0.09307939,-0.2018764,0.4381918,-0.489256,-0.5714282,0.4920228,0.1038278,-0.04159032,-0.09688172,0.4425397,-0.4851306,-0.5699147,0.4939677,0.1816981,-0.2574278,-0.02739376,0.4532993,-0.4883322,-0.5621732,0.4899109,-0.01905283,-0.2305064,0.07545689,0.4633795,-0.500916,-0.5534158,0.4775914,-0.0325479,-0.1919568,0.01038525,0.4750055,-0.5096719,-0.5466863,0.4644765,-0.04707167,-0.4184428,0.264825,0.4951378,-0.5215784,-0.5295428,0.4498654,-0.04824674,-0.4282984,0.2525531,0.4991935,-0.5112134,-0.5286127,0.458296,0.01991262,-0.154385,0.1303606,0.4809482,-0.4827382,-0.5501865,0.4826464,-0.01647525,-0.1253084,0.06425372,0.4555958,-0.4569053,-0.5772748,0.5004237,-0.03130872,-0.1455878,0.02034765,0.4273831,-0.4398724,-0.6027167,0.5104787,-0.07876246,0.1187218,-0.09449439,0.4058291,-0.4276586,-0.6185057,0.5194821,-0.1006961,0.2299452,-0.07311837,0.398243,-0.4316421,-0.6215166,0.5184639,0.009820263,0.2385496,-0.04936632,0.4064695,-0.4483227,-0.6125388,0.5085131,0.05872859,0.1775619,-0.04047935,0.41995,-0.4784031,-0.5950152,0.4906418,-0.08712849,0.168097,0.006874702,0.4368725,-0.5136709,-0.5723445,0.4665901,0.002468654,0.2184364,0.1395092,0.4646601,-0.5279217,-0.5466733,0.4544644,0.1441101,0.290155,0.1073351,0.4734752,-0.5200655,-0.5414631,0.4606198,-0.09171191,0.2426616,0.1928719,0.4630904,-0.5119132,-0.5468701,0.4737354,-0.1015656,0.004888545,-0.1841211,0.4388838,-0.5067685,-0.5659497,0.4798619,0.1255089,-0.04638385,-0.2750731,0.4300653,-0.4892968,-0.579908,0.489223,0.0259213,-0.09113152,-0.1935861,0.4266116,-0.4864214,-0.581484,0.4932272,-0.1168472,-0.1348237,-0.02184383,0.4367684,-0.4901466,-0.5720747,0.4916504,0.01068943,-0.2125983,0.04281238,0.4471455,-0.4976796,-0.563806,0.4842506,0.05645506,-0.342132,-0.1463816,0.4553717,-0.500002,-0.5587363,0.4800503
1,0,0,0.000355252,0.08172555,0.4299783,0.004695058,-0.9970343,-0.06601639,-0.03927249,0.1459772,0.1323641,0.4177125,0.005288929,-0.9949682,-0.08605719,-0.05103337,0.007296763,0.04195152,0.1972474,0.007478267,-0.995208,-0.08107724,-0.05414449,-0.09978811,-0.03528487,-0.09044883,0.003624856,-0.9964647,-0.07701322,-0.03337614,-0.03133513,-0.07179468,-0.3537265,-0.005834997,-0.9954163,-0.08395261,-0.04543363,0.01163643,0.1050214,-0.5357179,-0.009845287,-0.9934288,-0.09975111,-0.05524416,0.006238258,-0.02640613,-0.2675419,-0.002621323,-0.9953092,-0.08097859,-0.05286882,-0.008837119,-0.09360515,0.01274956,0.006351948,-0.9976656,-0.04532482,-0.05068113,-0.04315584,0.003055231,0.1476335,0.006455988,-0.9975172,-0.0453115,-0.05352053,-0.006497035,0.1151568,0.3229499,0.007510364,-0.9958833,-0.07367267,-0.05227218,0.07760986,0.06439789,0.4778585,0.007006466,-0.9961012,-0.0700767,-0.05312798,0.05448981,-0.02552799,0.283378,0.008483678,-0.9972401,-0.05523606,-0.04887954,-0.03788263,0.04110578,0.05002704,0.006377548,-0.9960999,-0.07807146,-0.04060701,-0.05357498,0.06921744,-0.2495456,0.004422486,-0.9934815,-0.1070738,-0.03886187,0.0005835592,0.07281296,-0.491132,-0.002329797,-0.9928802,-0.1128392,-0.0380903,0.01541383,0.06948675,-0.4655192,-0.00343594,-0.9939415,-0.1000087,-0.04545899,-0.009894,-0.06326953,-0.1784246,0.003950834,-0.9967926,-0.06654578,-0.04427846,-0.006889332,-0.08713379,0.00005912661,0.00679183,-0.9986571,-0.03153351,-0.04053885,0.01569818,0.01047715,0.1984175,0.008360803,-0.9984397,-0.02768142,-0.04776949,0.01732117,0.0809902,0.4178402,0.009421915,-0.9974847,-0.05853818,-0.03884118,0.06911503,0.1094276,0.3686332,0.01116747,-0.9958277,-0.0816035,-0.03928335,0.01175533,0.0607752,0.1766071,0.01140708,-0.9956143,-0.08432186,-0.03888041,-0.03788091,-0.02971438,-0.1934573,0.008749396,-0.9966236,-0.0774755,-0.02573565,0.007402824,-0.09488399,-0.3571675,0.003588349,-0.995939,-0.08241844,-0.03605342,-0.02190099,0.0891633,-0.5359398,0.002171427,-0.9942778,-0.09771109,-0.04311974,-0.09047931,-0.06874881,-0.2369131,0.001737535,-0.9974449,-0.06474943,-0.03013305,-0.02808626,-0.1420826,-0.04019374,0.00150457,-0.9995407,-0.01515201,-0.02620371,0.08617985,-0.1154827,0.2208424,0.008282572,-0.9988166,-0.01297418,-0.04613408,0.05025668,0.1091893,0.4137087,0.008505553,-0.9962901,-0.06855467,-0.05132161,0.01029657,0.1467544,0.43937,0.009004742,-0.9941622,-0.09920156,-0.04146709
1,0,0,0.03850656,0.08859641,-0.0678825,0.02818153,-0.05954961,0.4924581,-0.8678391,-0.03771031,0.1558449,-0.1639438,0.04362075,-0.0641769,0.4917922,-0.8672479,0.0105286,0.08393998,-0.1553359,0.05834474,-0.0736178,0.5052334,-0.8578552,0.07274599,0.009722778,0.02337806,0.056823,-0.08045779,0.5082167,-0.8555779,-0.004786277,-0.03020716,0.1211507,0.05388857,-0.08694116,0.5153657,-0.8508439,-0.03836859,-0.1114581,0.1080946,0.04479575,-0.08395006,0.5133899,-0.8528637,-0.1224381,-0.1206942,0.09829001,0.04063866,-0.06316718,0.5061613,-0.8591619,-0.02346809,-0.1709366,0.1420167,0.02946776,-0.04492981,0.4946626,-0.8674225,0.06307115,-0.2493124,0.3280634,-0.008737085,-0.03587854,0.4695542,-0.8821311,-0.008068479,-0.1838327,0.1706913,-0.06293091,-0.0277821,0.4209449,-0.904474,-0.09132657,0.1359587,-0.08320908,-0.05446737,-0.01664954,0.4131352,-0.9088868,0.003359398,0.1758374,-0.2295781,-0.02294527,-0.02943533,0.4467399,-0.893885,0.03884253,0.142476,-0.2034197,-0.002603032,-0.04189167,0.4653732,-0.8841188,0.007921349,0.1216082,-0.1312719,0.01934533,-0.05008026,0.4689354,-0.8815993,-0.02442988,0.1816009,-0.1734537,0.03938335,-0.06420135,0.4852937,-0.8711011,0.02485119,0.1736941,-0.2062617,0.05897687,-0.07473164,0.5000244,-0.8607627,-0.008282041,0.04559996,-0.06023056,0.06577367,-0.0779439,0.5055255,-0.8567628,0.017353,-0.01438262,0.07860494,0.06511372,-0.08263718,0.5102174,-0.8535862,-0.03041169,-0.01244523,0.1055335,0.06457993,-0.08153671,0.512367,-0.8524443,-0.02175975,-0.09648641,0.1095022,0.05986189,-0.07571105,0.5071684,-0.8564255,0.05289866,-0.1325028,0.05700904,0.04311623,-0.07477809,0.500034,-0.8616932,-0.02828827,-0.07088764,0.05013917,0.03673305,-0.0652139,0.4944031,-0.8660042,0.06083073,-0.08155873,0.04432298,0.0233037,-0.06666097,0.5024559,-0.8617141,0.02279772,-0.1920273,0.1198633,0.000008000061,-0.05853924,0.4836231,-0.8733165,0.1038857,-0.1769802,0.2852406,-0.03569566,-0.05609445,0.4625556,-0.8840936,-0.06849816,-0.04439094,0.1140659,-0.04923175,-0.05016904,0.4443679,-0.8930826,-0.1315151,0.08030279,-0.07766455,-0.03531867,-0.03824062,0.4341678,-0.8993267,0.1492729,0.154986,-0.1953583,-0.01568927,-0.05459528,0.4523817,-0.8900135,-0.07962661,0.1514142,-0.1147757,0.01619274,-0.06672014,0.4718468,-0.8790033,0.04983893,0.1506405,-0.1527915,0.03965594,-0.06734627,0.4742987,-0.876888
0,0,1,0.005345537,-0.0003302867,0.01935901,0.1166922,-0.08277046,0.7635977,0.6296432,0.001960878,0.03403981,-0.01749379,0.1159153,-0.08237959,0.763459,0.630006,-0.00224934,-0.003103997,0.006173674,0.1172296,-0.08047197,0.7641129,0.629216,0.007954839,-0.001225649,0.01640744,0.1178122,-0.07884286,0.7650419,0.6281838,-0.001822203,-0.01394127,-0.00178294,0.1179759,-0.08041692,0.7643678,0.6287739,-0.01152543,-0.01968587,0.01078818,0.1173785,-0.08141438,0.7638704,0.6293616,-0.003580369,-0.01190041,0.009300869,0.115432,-0.08102244,0.7642955,0.6292561,-0.007090866,-0.0006642003,-0.009378862,0.1154331,-0.08070465,0.7659343,0.6273011,-0.002723471,0.005157817,-0.01578068,0.1173156,-0.07962099,0.7668324,0.6259918,0.01543273,0.01843733,-0.0387714,0.1198726,-0.07912514,0.767196,0.625124,-0.0239022,-0.01961518,0.04335118,0.1218352,-0.07919146,0.7667968,0.625226,0.002189921,-0.008279361,0.01187803,0.1201432,-0.07732936,0.7673572,0.6250989,-0.02986142,-0.008622541,0.01320459,0.1202035,-0.07824405,0.7672157,0.6251472,0.02221092,-0.00895067,-0.01448505,0.1208835,-0.07858167,0.7675306,0.624587,-0.01095549,0.01369404,-0.002663615,0.1208014,-0.07725807,0.7682726,0.6238553,0.01673205,0.004406829,0.006597577,0.1188709,-0.07676812,0.7681959,0.6243808,0.003666433,-0.005424052,-0.001033646,0.1171141,-0.07646157,0.7678041,0.6252317,-0.006088947,0.01051866,-0.04169953,0.1198265,-0.07701661,0.7670797,0.6255388,-0.01600002,-0.004388649,0.005570933,0.1175942,-0.07829778,0.7657887,0.6273824,0.02897741,0.02220961,0.003681118,0.110987,-0.08355199,0.7650795,0.6287721,-0.01545794,-0.0042072,-0.003920055,0.1119693,-0.08388267,0.7656745,0.6278289,0.01744595,-0.006059649,-0.006594173,0.1176385,-0.08318578,0.7670559,0.6251932,0.01183427,0.01558324,-0.007178243,0.1194538,-0.08468765,0.7668602,0.6248873,-0.002338346,-0.01611506,-0.006272672,0.1188383,-0.08859799,0.7650261,0.626708,-0.01329337,0.02223673,0.006447815,0.1162522,-0.0915489,0.7643691,0.6275701,0.01878719,-0.0118782,0.02143524,0.1161991,-0.09011826,0.7653145,0.6266341,-0.001313209,-0.03183906,0.02628761,0.1176586,-0.08537129,0.7663018,0.6258193,0.0006520945,-0.03055364,-0.009304758,0.1190249,-0.08419839,0.7659249,0.6261811,0.0009006354,0.02346037,-0.03883412,0.1197215,-0.08527624,0.7664472,0.6252626,0.01282919,-0.00326267,-0.01900551,0.1204991,-0.08475698,0.7668692,0.6246662
1,0,0,-0.003505428,-0.001573298,-0.2812685,-0.5487986,-0.8293586,-0.0321394,-0.09975664,-0.01835716,-0.1376662,-0.06441047,-0.5437078,-0.8372576,0.0118202,-0.05693537,-0.03881548,-0.02125376,0.2487015,-0.5428523,-0.8376263,0.01257103,-0.05946001,0.06855745,0.1102377,0.4014679,-0.5388348,-0.8374178,-0.01130866,-0.09088804,0.0802695,0.1197017,0.4824196,-0.5437042,-0.8328835,-0.01951013,-0.1015388,0.04471001,0.007865067,0.302874,-0.5451344,-0.8332762,-0.009661488,-0.09157418,0.0277464,-0.01203949,0.09577917,-0.5447186,-0.8329843,-0.01106497,-0.09641682,-0.02164102,0.02662131,-0.1270138,-0.5463069,-0.829593,-0.02836757,-0.1118907,-0.05510058,0.02615446,-0.3582098,-0.5528271,-0.8228189,-0.04397254,-0.1241675,-0.07179616,0.1804096,-0.5700275,-0.5535079,-0.8219009,-0.05470915,-0.1229424,-0.02775507,-0.1119588,-0.22743,-0.5513434,-0.8292688,-0.0209492,-0.0888533,0.001137774,-0.1249514,-0.01723502,-0.5442839,-0.8357217,0.02126036,-0.069802,-0.04405192,-0.05878218,0.1634909,-0.5423338,-0.8373466,0.02397861,-0.06441761,0.08450244,0.1937839,0.4440729,-0.5411963,-0.8361504,-0.00949901,-0.08870624,0.08708681,-0.01311211,0.5061184,-0.5421315,-0.8364173,-0.00643884,-0.08036131,0.06154839,0.01040151,0.2601686,-0.5413356,-0.8365829,-0.008764151,-0.08371328,0.002056096,0.02826156,0.0389657,-0.5402322,-0.8348489,-0.02206653,-0.1033904,-0.06031308,0.05841589,-0.257906,-0.5445478,-0.8305995,-0.04091775,-0.1090768,-0.03706149,-0.03737118,-0.3613099,-0.5521302,-0.8254565,-0.04460225,-0.1085563,-0.04450362,0.1350512,-0.5683863,-0.5528383,-0.8238426,-0.04487216,-0.1167884,-0.05259585,-0.05522372,-0.1341698,-0.5465512,-0.8322172,-0.01796133,-0.0915079,-0.04955844,-0.1730082,0.1461259,-0.5448331,-0.8364874,0.01812102,-0.05583423,-0.07252461,-0.05634757,0.1243747,-0.5404496,-0.8402685,0.004106851,-0.04296741,0.0998566,0.08735719,0.2373574,-0.5356752,-0.8406271,-0.0336495,-0.07256711,0.2208771,0.1900677,0.5146682,-0.5429171,-0.8333956,-0.03489113,-0.09734116,-0.05091744,-0.0005872182,0.3320507,-0.5457124,-0.8335543,-0.02626696,-0.08182421,-0.1126768,-0.05600372,0.01498801,-0.5513885,-0.8308941,-0.0312593,-0.06788584,0.04152046,0.03096139,-0.09454306,-0.5503553,-0.8289108,-0.05257602,-0.08515652,0.05775267,0.05459985,-0.4821358,-0.5489882,-0.8273804,-0.06280261,-0.1005459,-0.04596841,0.08540073,-0.4735118,-0.5494049,-0.825959,-0.0654989,-0.1079619
1,0,0,0.01313507,0.07082181,-0.06670814,0.04435732,-0.07667376,0.5873976,-0.8044362,0.02406644,-0.001457427,0.05486064,0.0431255,-0.08221374,0.5924457,-0.8002431,0.05562058,-0.02460027,0.1289188,0.04314443,-0.08527068,0.5996,-0.7945737,0.06488332,-0.07869323,0.07857917,0.03099201,-0.09045997,0.598679,-0.7952608,-0.03583181,-0.07900432,0.04805437,0.01613814,-0.08333421,0.5848755,-0.8066694,-0.01488116,-0.05720671,0.0001452881,0.008444432,-0.07762527,0.5815787,-0.809734,-0.01432315,-0.07213335,0.02026146,-0.0007437319,-0.07132115,0.5788144,-0.8123341,0.05801253,-0.02610147,0.05486483,-0.008624054,-0.07287713,0.5907592,-0.8035036,-0.01273644,-0.107435,0.1706666,-0.02045479,-0.0682158,0.5895207,-0.8046076,-0.0251533,-0.3115065,0.2427252,-0.05851997,-0.04713088,0.5389004,-0.8390115,0.03000689,-0.002796121,0.03359714,-0.08425271,-0.03702711,0.5096554,-0.8554425,-0.02225589,0.1128226,-0.09355434,-0.07457363,-0.04534872,0.5262164,-0.8458596,0.0145564,0.07889603,-0.1592932,-0.05219605,-0.04834154,0.539104,-0.8392291,0.02759381,0.1289026,-0.1600666,-0.03896697,-0.06123636,0.5555964,-0.8282779,-0.01193522,0.1105395,-0.07866679,-0.01651318,-0.07219992,0.5714554,-0.817284,-0.007319969,0.08409264,-0.07888268,-0.00648259,-0.07734071,0.572928,-0.8159227,0.01095495,0.07176246,-0.02875848,0.004790042,-0.08382113,0.5777519,-0.8118829,0.004454055,0.05488595,-0.01370716,0.01231327,-0.09098747,0.5773942,-0.8112863,0.01931334,0.09489509,-0.09095968,0.02082216,-0.09603298,0.5779675,-0.810122,-0.009414271,0.06033315,-0.1030093,0.03053253,-0.09991417,0.5817332,-0.8066421,0.03479186,0.03528852,-0.02804828,0.03181309,-0.1040001,0.5909232,-0.7993633,-0.03790632,-0.03234774,0.03244086,0.0308325,-0.1058046,0.5962963,-0.7951638,0.09016086,-0.09133621,0.04022584,0.02041189,-0.1061838,0.5937343,-0.7973631,-0.05356718,-0.03898007,0.1088787,0.01356052,-0.1016059,0.593567,-0.7982296,0.02151023,-0.09451026,0.04634797,0.006062742,-0.09328555,0.5941024,-0.7989389,0.03970486,-0.09448346,-0.01356674,-0.01163942,-0.08775681,0.5895154,-0.8028915,-0.02281407,-0.08573401,0.03753091,-0.0212339,-0.08133374,0.5950881,-0.7992522,-0.04315163,-0.1412145,0.03672395,-0.03077486,-0.06639887,0.5865229,-0.8066194,-0.04233541,-0.1977234,0.2924443,-0.05638174,-0.05507402,0.5744737,-0.8147195,-0.04333782,-0.2063641,0.2459879,-0.08797222,-0.03346333,0.5270593,-0.8446002
0,1,0,0.03885491,0.4363459,0.1473009,-0.5489775,-0.2228133,-0.3021688,-0.7467743,0.02251437,0.5272579,0.2891184,-0.5603132,-0.2302032,-0.3006512,-0.7366576,0.05834385,0.2049356,-0.008264646,-0.5500654,-0.2359082,-0.3128422,-0.7374991,0.006926488,0.01075599,0.1125768,-0.5390896,-0.2327095,-0.3227466,-0.7423363,0.08228991,0.0501878,-0.04578133,-0.5215681,-0.2352067,-0.3401032,-0.7463071,-0.0303295,-0.0605826,-0.1518165,-0.5179566,-0.2338976,-0.3528201,-0.7433242,0.02315471,-0.05575591,-0.06135346,-0.5159724,-0.2385147,-0.3625125,-0.7385581,-0.1699394,-0.1793618,-0.1648534,-0.5299716,-0.253207,-0.3670893,-0.7212917,-0.0279933,-0.1409426,-0.1106806,-0.5401316,-0.2575257,-0.3632818,-0.7141181,-0.02053529,-0.1970799,-0.1338722,-0.5576791,-0.2640074,-0.3560918,-0.7017782,-0.1203319,-0.3697203,0.0290905,-0.5727156,-0.2655751,-0.3451491,-0.6945061,0.07051151,-0.5145151,0.07378157,-0.5751951,-0.2536724,-0.3296355,-0.704373,-0.03342896,-0.3933189,0.06773248,-0.5689662,-0.2376381,-0.3142125,-0.7218561,-0.05673342,-0.155613,0.06328986,-0.5399398,-0.2174129,-0.3052459,-0.7536721,0.00004857295,-0.06040445,0.02953452,-0.5156461,-0.2096216,-0.3074846,-0.7717649,0.04779067,0.198824,0.006827033,-0.4859691,-0.2090635,-0.3209415,-0.7855718,0.02955174,0.2411139,-0.01179605,-0.4899845,-0.2098245,-0.3216374,-0.7825843,0.02595192,0.2284249,0.03238862,-0.5068183,-0.2153375,-0.317145,-0.7721295,-0.02044681,0.3549815,0.1355432,-0.5300677,-0.2201369,-0.3095437,-0.7581231,-0.06186448,0.3948599,0.2776201,-0.5516092,-0.2284776,-0.305664,-0.7416837,-0.01569763,0.3441878,0.2556754,-0.5522944,-0.2364448,-0.3089837,-0.7372882,0.03884849,0.1805156,0.07973948,-0.5443071,-0.2365369,-0.3161152,-0.7401699,0.05697208,0.1614828,-0.02992135,-0.5348254,-0.2331481,-0.3267438,-0.7435336,0.03246319,0.1333046,-0.1550475,-0.5211873,-0.2373864,-0.3478312,-0.7423106,0.08294298,0.01340278,-0.2466783,-0.5210506,-0.2471045,-0.3602846,-0.7332398,-0.02493555,-0.1587394,-0.1870275,-0.5277327,-0.2544081,-0.3666227,-0.7227465,-0.03752507,-0.1162974,-0.1530201,-0.5373899,-0.2610583,-0.3674159,-0.7127876,-0.04036101,-0.03690006,-0.05354649,-0.5548896,-0.2645559,-0.3594213,-0.7020854,-0.07876268,-0.2102678,0.03662018,-0.579977,-0.2577976,-0.3346046,-0.6965678,-0.06683538,-0.5576584,0.0734134,-0.5923531,-0.2476117,-0.3160389,-0.6985166
1,0,0,0.07106238,-0.03197021,0.5527847,-0.8253557,-0.557332,-0.01345175,-0.0893758,0.03220232,-0.06537484,0.1693556,-0.8270845,-0.5584103,0.0005176552,-0.06410024,-0.0096255,0.01731833,-0.07175773,-0.82645,-0.556887,-0.01748101,-0.08094249,-0.03099253,0.08117826,-0.2334891,-0.8238098,-0.5554524,-0.03644062,-0.1071547,-0.02629173,0.08182425,-0.3541909,-0.8256135,-0.5518233,-0.03949106,-0.1108782,-0.01323494,-0.004170979,-0.3957005,-0.8311011,-0.5501873,-0.007539034,-0.08067178,-0.07129743,-0.1612752,-0.2802353,0.8334683,0.5514584,-0.02525384,0.02421803,0.006499909,-0.2052445,-0.0260407,0.8271232,0.5598439,-0.04799559,-0.01177152,0.05243513,-0.05397483,0.3763385,-0.8228619,-0.5657997,0.01287253,-0.05102102,0.02208268,0.2289317,0.1839196,-0.8179024,-0.5592757,-0.04573032,-0.1271023,-0.03524158,0.1237333,0.5166535,-0.8239115,-0.5510464,-0.03665328,-0.127178,-0.04793455,-0.07272563,0.3822874,-0.8311324,-0.5521205,-0.00397349,-0.06607658,0.06997968,-0.1124457,0.1762898,-0.8290408,-0.5570172,0.01091415,-0.04800103,0.01997827,0.09251559,-0.1064071,-0.8255236,-0.5560831,-0.02180355,-0.09384543,-0.05083852,0.1597446,-0.3113711,-0.8242617,-0.5509366,-0.04551154,-0.1224348,-0.0055098,0.06973561,-0.3431058,-0.8290429,-0.5471696,-0.02414022,-0.112741,-0.007114084,-0.03967199,-0.3532458,-0.833627,-0.5472146,0.0153963,-0.07338367,-0.0685616,-0.1986564,-0.212671,0.8344108,0.5497165,-0.03824109,0.01038765,-0.002789174,-0.1779444,-0.07155497,0.8296808,0.5562609,-0.04630272,-0.007722452,0.07700368,0.03868609,0.1785156,-0.825346,-0.5603812,0.01031125,-0.06834178,-0.05037903,0.199273,0.3010092,-0.8204323,-0.5563083,-0.03959123,-0.1258745,-0.01155756,0.1042387,0.553122,-0.8220607,-0.5534173,-0.04007489,-0.1278254,0.07044595,-0.01201689,0.2884485,-0.8292013,-0.5519025,-0.002137944,-0.08845434,-0.008437552,-0.07983882,0.05809793,-0.83008,-0.5533489,0.01736122,-0.0668634,-0.05867358,0.01805183,-0.1093268,-0.8294815,-0.5516428,-0.005032506,-0.08732367,-0.0326703,0.1028483,-0.2574437,-0.8274249,-0.5479345,-0.03484913,-0.1179888,0.04018356,0.08507714,-0.4457824,-0.8303794,-0.5452526,-0.01792079,-0.1133511,0.001732395,-0.05885274,-0.2843956,-0.8341042,-0.5461613,0.01487627,-0.07587332,-0.099635,-0.1645278,-0.2322547,0.8357202,0.548036,-0.03146248,0.0154345,0.002941543,-0.1155514,0.06268646,0.8298298,0.5565277,-0.03351296,0.02316071
0,0,1,0.002178084,0.0008622955,-0.001521586,-0.5079277,-0.1090625,-0.1871557,-0.833719,0.001347499,-0.008024978,-0.001070892,-0.508719,-0.1070851,-0.1822856,-0.8345716,0.004142826,0.00189176,-0.001331856,-0.5085741,-0.1045721,-0.1774365,-0.8360223,0.003197396,0.002246325,-0.001370561,-0.5085714,-0.102457,-0.1737258,-0.8370645,0.0168247,-0.007462109,0.01214969,-0.5089852,-0.1002347,-0.1693649,-0.8379753,0.02464908,0.01010404,0.01795596,-0.5098048,-0.0957924,-0.1595779,-0.8399153,0.03107194,0.004064274,0.01873871,-0.5128109,-0.08781452,-0.1420346,-0.8421043,0.01571956,0.006470863,0.01289937,-0.5163303,-0.07590854,-0.116729,-0.8449942,0.002386464,-0.003621991,0.01308546,-0.5188059,-0.06494157,-0.09562609,-0.8470411,0.005242504,0.000434989,-0.001175725,-0.5218477,-0.05308969,-0.07242957,-0.8482985,-0.007839188,-0.006815022,-0.003529849,-0.526011,-0.04095539,-0.04915157,-0.8480679,-0.01327187,0.002623452,0.0028938,-0.5281349,-0.0281909,-0.02750939,-0.8482464,-0.02447681,-0.001789844,-0.004558827,-0.5281351,-0.01620921,-0.008306354,-0.848965,-0.0292336,0.008039176,-0.01269812,-0.5278474,-0.004801303,0.008353889,-0.8492846,-0.0232476,0.0009528331,-0.01981626,-0.5275092,0.002682954,0.01866084,-0.8493401,-0.03845145,0.01906152,-0.005216124,-0.5262429,0.007204562,0.02105746,-0.8500429,-0.0309061,-0.004774182,-0.009745145,-0.5260959,0.009115338,0.02416557,-0.850033,-0.01518162,0.008277822,-0.0001543807,-0.5251803,0.008293629,0.01866204,-0.8507459,-0.005218974,-0.01180422,-0.00588689,-0.5251892,0.00640431,0.01128417,-0.8508866,0.00001311705,-0.005919177,-0.01966495,-0.5233065,0.001871914,-0.002120227,-0.8521398,0.008233357,0.01462236,0.02124196,-0.5234747,-0.003202885,-0.01123899,-0.8519611,0.006634171,-0.006543896,0.006139345,-0.525698,-0.009545565,-0.02337629,-0.8502964,0.01351582,-0.01199084,-0.01036593,-0.5267578,-0.01532969,-0.03609428,-0.8491104,0.004026345,-0.007188745,-0.004209805,-0.5278063,-0.01990744,-0.04472473,-0.8479527,0.01835835,-0.004764555,0.005578518,-0.527894,-0.02699807,-0.05714396,-0.8469554,0.003339704,0.003464547,0.003855532,-0.5272332,-0.03490762,-0.07002825,-0.8461103,0.008019752,-0.0004025083,0.002536901,-0.5260242,-0.04329224,-0.08449656,-0.8451537,0.01541909,-0.00598832,0.000787512,-0.5258015,-0.05198002,-0.09746119,-0.843405,0.009910065,-0.008595336,-0.005190986,-0.5243318,-0.05613711,-0.1036044,-0.8433213,0.001246269,-0.01345529,0.0005765817,-0.5244035,-0.06045099,-0.1127632,-0.8418023
1,0,0,0.03317551,-0.1093735,0.01568411,0.8557955,0.5152481,-0.03632883,0.02852396,0.05833594,0.06104015,0.2599417,-0.8524606,-0.5142279,0.003036097,-0.09418789,0.007526767,0.1282338,0.4659593,-0.8517898,-0.5090564,-0.01887554,-0.1223087,0.0406711,0.0555985,0.2527193,-0.8564615,-0.5048129,-0.009682614,-0.1074428,0.07083787,-0.02612508,0.2083362,-0.8582999,-0.5052983,0.009534962,-0.08890433,-0.03431588,-0.03646751,0.01820205,-0.8576179,-0.5067107,0.01326626,-0.08694658,-0.05453021,0.07899551,-0.2911249,-0.8564433,-0.5046148,-0.01696206,-0.1076152,0.001928349,0.02680694,-0.288616,-0.8549573,-0.5045694,-0.003176033,-0.1201983,-0.04551503,0.03829416,-0.4785295,-0.8602374,-0.5007509,0.01781904,-0.09445974,-0.08161868,-0.1041957,-0.2495561,-0.8606786,-0.5064276,0.02322775,-0.04715852,0.02246422,-0.1618501,-0.05287864,0.8574708,0.5119128,-0.04682187,0.02228847,0.1110955,-0.1140962,0.2148523,0.8549773,0.514819,-0.05095199,0.037137,-0.0005194001,0.05975651,0.3058246,-0.8537793,-0.5120624,0.01202993,-0.09331812,-0.004147262,0.3157767,0.8259892,-0.8478805,-0.5133798,-0.01792891,-0.1312188,0.1737585,0.1802004,0.5874456,-0.8528968,-0.5071152,0.008397602,-0.1238165,0.01596493,-0.002248853,0.1544562,-0.8548974,-0.5079152,0.02952879,-0.1014911,-0.0882363,-0.01570715,-0.09789334,-0.8568314,-0.5066204,0.01332718,-0.09485845,0.005356319,0.008746459,-0.2105486,-0.8583621,-0.5014418,0.008753993,-0.1081387,-0.00212338,0.01411433,-0.3393691,-0.8579051,-0.4985711,0.0311409,-0.1202332,-0.08547076,0.06131192,-0.4449522,-0.8609921,-0.4967187,0.03213884,-0.1045478,-0.1391464,-0.0585056,-0.2924418,-0.8607651,-0.5043325,0.02947797,-0.06215453,0.1217529,-0.1374255,0.1404772,0.8574282,0.510331,-0.0483022,0.0452334,0.1605093,0.0240374,0.2137574,-0.8583467,-0.5045958,0.04826826,-0.07933654,-0.08063444,0.0882465,0.2188451,-0.8576542,-0.5044907,0.002662465,-0.09955461,-0.06676139,0.02462975,0.3416388,-0.8547974,-0.5067867,-0.01132096,-0.1111778,0.2021238,0.03508054,0.3989537,-0.8577092,-0.5016586,0.02301623,-0.1101994,-0.003350901,0.0000227195,0.1999878,-0.8591598,-0.5007875,0.02239404,-0.102736,-0.138516,0.02871293,-0.1032488,-0.860049,-0.4994692,0.002187628,-0.1041221,-0.01334028,0.06552522,-0.3112614,-0.8596059,-0.4965569,0.002440453,-0.1204278,0.009403271,0.05734203,-0.4339469,-0.8606052,-0.4928479,0.02037958,-0.1266663
1,0,0,-0.03334804,-0.01040414,0.04639465,-0.7941852,-0.6071761,0.01622677,-0.01854289,0.01094657,0.2130275,0.1064511,-0.7949708,-0.6053625,0.005927276,-0.03902071,0.0698401,0.04931317,0.3335464,0.8013045,0.5976154,-0.02380973,0.01414225,-0.03956109,0.08981162,0.4919498,-0.797074,-0.6029136,0.01955886,-0.02803022,0.01048217,0.109407,0.2589701,-0.7988403,-0.600054,0.005184246,-0.0419807,0.01974369,-0.006605685,-0.05693562,-0.7985538,-0.5999136,-0.001127435,-0.04913471,-0.02352471,-0.004327596,-0.2504115,-0.7994016,-0.5978029,-0.008280609,-0.05933091,-0.0473031,-0.04071672,-0.3039539,-0.7999005,-0.5962698,-0.01344476,-0.06663782,0.0231506,0.05987227,-0.382154,-0.8007914,-0.5948907,-0.0121553,-0.06848653,-0.01880783,-0.09078417,-0.1938143,-0.8002695,-0.5984628,0.009686413,-0.03629214,-0.03132971,-0.1307745,-0.0151439,0.7978087,0.6022782,-0.02596279,0.009386382,0.02199383,0.04605239,0.09872072,-0.7963992,-0.6039156,0.01414944,-0.02887904,0.02026542,0.2200674,0.3031488,-0.8002184,-0.5981162,0.004801448,-0.04340965,0.04039988,-0.150103,0.3413199,0.8000695,0.5990953,-0.02753273,0.01467878,-0.03608456,0.0718931,0.3533683,-0.7972644,-0.6024347,0.01537389,-0.03472116,0.009684988,0.1543405,0.1694854,-0.7984501,-0.5985965,-0.01771825,-0.06201376,0.04817754,0.03913773,-0.09336024,-0.7991364,-0.5969391,-0.01586938,-0.06923035,-0.01951571,0.00577886,-0.2980998,-0.8010405,-0.5940013,-0.01324083,-0.0729467,-0.03421007,-0.003927167,-0.428702,-0.8041101,-0.5908864,-0.007206453,-0.0648717,-0.05978853,-0.06776384,-0.3494276,-0.8040507,-0.5930728,0.01139471,-0.04046283,-0.01956485,-0.1487187,-0.1082538,0.8014415,0.5973184,-0.02953952,0.005447408,0.06199351,-0.07981391,0.1208068,0.7981688,0.6012353,-0.03562077,0.01318373,-0.03576763,0.2244976,0.2639318,-0.7999251,-0.5985993,0.01201314,-0.04067238,0.005954465,0.04362745,0.4128133,-0.8030465,-0.5942652,0.03019486,-0.03245893,0.1636247,0.04569248,0.3581162,-0.8011934,-0.596515,0.03191104,-0.03522273,-0.01453781,0.1576159,0.3021394,-0.803431,-0.5939956,0.01311283,-0.03867658,0.07890187,-0.009843308,0.04470088,-0.8021232,-0.5958222,0.0165373,-0.0363413,-0.09106962,0.0585621,-0.1125778,-0.8007169,-0.5964341,-0.01112363,-0.05472738,0.06182062,-0.02311054,-0.243043,-0.801017,-0.5948248,-0.01495785,-0.06581248,-0.07413101,0.03234178,-0.4041158,-0.8024538,-0.5919687,-0.01602484,-0.07337664
0,1,0,-0.08742431,0.3867939,-0.05724833,0.4780574,-0.4972067,-0.5614827,0.4571475,0.0749989,0.6583349,-0.02282351,0.5146157,-0.4972258,-0.5318449,0.4528557,0.02640371,0.3772526,-0.1389348,0.5212441,-0.4888535,-0.5233628,0.4641317,0.02493995,0.001600308,-0.02430603,0.506371,-0.484147,-0.5317892,0.4758049,-0.01269332,0.06620333,-0.1615846,0.4773968,-0.4787266,-0.5502305,0.4900608,0.03750299,-0.0477777,-0.1673829,0.462967,-0.4710814,-0.5611782,0.4988214,0.04344564,-0.08087402,-0.2648817,0.4558963,-0.4629004,-0.5681537,0.5050576,0.07625565,-0.07261098,-0.1703042,0.454537,-0.4648288,-0.5716822,0.5005095,0.08691675,-0.1669127,-0.133774,0.4535996,-0.4634193,-0.5751029,0.498745,-0.04985728,-0.06230476,-0.174325,0.4506062,-0.4659263,-0.5814822,0.4916757,-0.08589599,-0.1512096,0.2107172,0.4720023,-0.4882901,-0.5694786,0.4631206,0.1305379,-0.4252538,0.2224652,0.4836304,-0.4951527,-0.5595884,0.4558358,0.02601784,-0.5116017,0.253535,0.4844553,-0.495751,-0.5556598,0.4591035,0.002469606,-0.3643096,0.157024,0.4652578,-0.4711284,-0.5702494,0.4861983,-0.03061934,-0.1920851,0.03495676,0.4446609,-0.4427306,-0.5902932,0.50776,0.009358111,-0.03597913,0.02146221,0.433177,-0.4253061,-0.6015693,0.5192175,-0.06297348,0.260542,-0.03766567,0.4157235,-0.4164352,-0.6130555,0.5271798,-0.007761778,0.2183393,-0.09546614,0.4147475,-0.4249039,-0.6128039,0.5214522,0.04683773,0.2059396,-0.04792119,0.4275465,-0.4468352,-0.6015438,0.5056553,0.07114097,0.2259494,-0.03629896,0.4458294,-0.4757365,-0.5826747,0.4851815,-0.02348646,0.1510373,0.1019795,0.4672222,-0.5075229,-0.5595682,0.4593551,0.05290662,0.2244072,0.2446979,0.4867692,-0.5178739,-0.5416117,0.448909,0.03687206,0.07818843,0.08392157,0.4878668,-0.5119343,-0.5424207,0.4535294,0.06930784,0.2278069,0.1497698,0.473111,-0.4970517,-0.5584191,0.4661262,0.06574553,0.0453718,-0.4451907,0.4664074,-0.4860681,-0.5655133,0.4758116,-0.1109255,0.06091684,-0.2337091,0.4556009,-0.4786564,-0.5749319,0.4824615,0.1496586,-0.04141294,-0.2711065,0.4548852,-0.4717431,-0.5779238,0.4863558,-0.06713254,-0.06451763,-0.2276682,0.456495,-0.4713165,-0.572636,0.4914887,0.09903247,-0.1285586,-0.05534225,0.4630262,-0.4713724,-0.5673755,0.4914262,-0.004620427,-0.130542,0.04129145,0.4750223,-0.4761159,-0.5618406,0.4816665
0,0,1,0.01500861,-0.009451699,0.03454044,-0.4495658,-0.1467129,-0.2714112,-0.8382732,0.00593202,0.008244564,0.002127294,-0.4519911,-0.1540298,-0.2680077,-0.83675,0.01395173,-0.01396156,0.01269583,-0.4579642,-0.1631956,-0.2631549,-0.833298,0.01221313,-0.00176524,-0.00001774771,-0.4620721,-0.1696437,-0.258589,-0.831169,-0.009043818,0.00525196,-0.01345213,-0.4661686,-0.1754767,-0.2544506,-0.8289449,-0.02105426,-0.009125239,-0.008221613,-0.4695744,-0.1820672,-0.2546558,-0.8255312,-0.02980188,0.005250015,-0.02207202,-0.4723262,-0.1852291,-0.254838,-0.8231984,-0.03810285,-0.007310111,-0.009926026,-0.4731339,-0.1857313,-0.259883,-0.8210413,-0.02614287,0.01775452,-0.01499832,-0.4717326,-0.1830664,-0.2655451,-0.8206344,-0.02346105,-0.01357189,-0.004128263,-0.4717248,-0.180061,-0.2699682,-0.8198602,-0.03163748,0.01086422,-0.008135793,-0.4697639,-0.1762401,-0.2771983,-0.8194036,-0.02436437,0.01530747,0.001684719,-0.4671888,-0.1729224,-0.2850023,-0.8189055,-0.01712001,0.009689471,0.005258816,-0.4658754,-0.1717234,-0.2970908,-0.815603,-0.00007292819,0.007468041,0.00712641,-0.4661668,-0.1670685,-0.3036302,-0.8139935,0.01619811,0.01449847,0.002154426,-0.4682404,-0.1581577,-0.3034882,-0.8146361,0.09450322,0.06521568,0.03466794,-0.4707021,-0.1395081,-0.2939412,-0.820107,0.2207707,-0.2042467,-0.01790826,-0.478771,-0.1226235,-0.2803089,-0.8229026,0.1239224,-0.08725444,0.05981264,-0.4897768,-0.1109763,-0.2501593,-0.8277821,0.1297911,0.08134771,-0.01314473,-0.4846655,-0.0958122,-0.2142492,-0.8426248,0.08466714,-0.06991897,0.06050184,-0.4918,-0.08475068,-0.1755456,-0.8486069,0.03739628,0.02793742,0.08159424,-0.4940439,-0.05645305,-0.1275636,-0.8581731,0.0166574,-0.1427775,-0.06951043,-0.4941846,-0.01281464,-0.07312423,-0.8661813,-0.05898666,0.1157666,-0.04438891,-0.4814231,0.01162186,-0.02854881,-0.8759462,-0.04320361,0.01343574,0.0496699,-0.486267,0.0124997,0.003502846,-0.8737139,-0.1499381,0.01385692,0.07375923,-0.4930332,0.002886876,-0.00174883,-0.8700039,-0.0509231,-0.01723405,0.02057659,-0.5036684,-0.004220143,-0.01628089,-0.8637334,-0.01280509,0.006287843,0.006750547,-0.511227,-0.007027924,-0.02691934,-0.8589953,-0.03868267,-0.02379525,0.07167171,-0.5283388,-0.01004308,-0.03279492,-0.8483405,-0.07453686,-0.02197011,0.0518022,-0.5408632,-0.007990479,-0.02982941,-0.8405435,-0.09538195,0.08084154,0.3287539,-0.5384002,0.007035643,-0.0162766,-0.8425028
0,1,0,-0.04437885,0.2027253,-0.3501752,0.4984806,-0.4835678,-0.5405137,0.4748939,-0.007615779,0.163949,-0.2546107,0.4580877,-0.4637383,-0.57263,0.4971894,-0.01323731,0.1864324,-0.1628069,0.4419124,-0.4427312,-0.5866479,0.5143411,-0.02401866,0.1155756,-0.100969,0.4237443,-0.4332858,-0.5984165,0.5240245,0.06950382,0.1104154,-0.03001799,0.4368072,-0.4158071,-0.5975704,0.5284066,-0.008190804,-0.0243976,0.1358126,0.4703491,-0.4065866,-0.5648569,0.5425825,-0.01625889,-0.07144984,-0.006328395,-0.489288,0.4075764,0.5441314,-0.5462598,0.1532787,-0.1662119,-0.04255306,0.4868535,-0.4084675,-0.5600024,0.531531,-0.07367164,-0.1113804,-0.009424701,0.4687137,-0.4183246,-0.5821058,0.5162023,-0.00179281,-0.1093977,0.00286008,0.4560769,-0.4424242,-0.585054,0.5039508,0.1182576,-0.1148904,0.1249829,0.4617603,-0.4554537,-0.5953756,0.4742016,-0.09786242,-0.1992342,0.05103148,0.4528031,-0.4778796,-0.600894,0.4533506,0.0558801,0.03566803,0.1922138,0.4796654,-0.4962089,-0.576548,0.4373673,0.00923536,-0.1168922,0.1940407,0.4881603,-0.5120359,-0.5672055,0.4216593,0.0007724264,-0.07140559,0.1647457,0.4879932,-0.5369444,-0.5558263,0.4057221,0.000688137,0.006234162,0.17779,0.5054176,-0.5517946,-0.5329564,0.3950102,-0.010453,-0.02650875,0.1107918,0.5042055,-0.5661412,-0.5289844,0.3813611,0.01129242,0.05982864,0.09245482,0.5146976,-0.5740702,-0.5157229,0.3735769,0.06575964,0.007671969,0.03450745,0.5183862,-0.5770659,-0.5180801,0.360366,-0.06248501,0.009206247,0.09604342,0.5210395,-0.587217,-0.5089799,0.3530346,-0.04583343,0.05991723,0.1077655,0.521606,-0.5991425,-0.4985535,0.3469868,0.03400801,0.01986615,0.06483123,0.5332991,-0.6064682,-0.4803939,0.3420672,-0.006445913,-0.03928487,0.03118936,0.5370717,-0.6093526,-0.4736714,0.3404095,-0.01225714,-0.119234,0.01057095,0.5337934,-0.6109539,-0.47427,0.3418594,-0.02478522,-0.0863547,-0.003914439,0.5400177,-0.6035061,-0.468979,0.3524484,0.007551923,-0.0540285,-0.1310084,0.5336711,-0.596078,-0.4789169,0.3612822,0.00648999,0.05173345,-0.1432266,0.5329995,-0.5848523,-0.4838323,0.3738524,-0.0634801,0.06843244,-0.15071,0.530525,-0.5700465,-0.4889235,0.3931208,0.001884746,-0.04452496,-0.1212694,0.523524,-0.5491696,-0.5003791,0.4170803,-0.0629373,-0.00420927,-0.2058519,0.5239683,-0.527157,-0.4987373,0.4458967
0,1,0,-0.02184056,-0.2887019,0.1525574,-0.6290103,-0.2543933,-0.2464156,-0.6920328,-0.01590506,-0.3936434,0.08973879,-0.6206958,-0.2385442,-0.2367931,-0.708352,0.06627094,-0.2787485,0.02754425,-0.596413,-0.2195383,-0.2313547,-0.7365931,-0.03185017,-0.1568057,0.08547972,-0.575112,-0.193583,-0.2193744,-0.7639676,-0.03023449,0.007410178,0.1462935,-0.560054,-0.1711667,-0.2109365,-0.7826539,-0.01643239,0.1499332,0.03845447,-0.5576689,-0.1599439,-0.2047912,-0.7883425,0.008182754,0.1108133,-0.01822344,-0.5661716,-0.1658189,-0.2019705,-0.7817682,-0.02444527,0.2305621,0.0420194,-0.5768432,-0.1785321,-0.2046205,-0.7703952,0.02594057,0.5453006,0.004429512,-0.5960514,-0.1993421,-0.2058823,-0.7500653,-0.1261391,0.5673731,0.12082,-0.6180506,-0.2315613,-0.2073356,-0.7220836,0.004156969,0.5384454,-0.06677503,-0.6127519,-0.2474778,-0.2179723,-0.7181768,-0.02501761,0.08091856,-0.01928417,-0.6027603,-0.2487679,-0.2329634,-0.7214725,0.04968493,-0.01939304,-0.0005017617,-0.5906528,-0.2498797,-0.251825,-0.7247576,-0.02227818,0.02255933,-0.1209527,-0.5732982,-0.2523794,-0.2722976,-0.7304025,0.1117389,0.1099652,-0.1212296,-0.5716844,-0.2546338,-0.2787039,-0.728466,-0.01865507,-0.144927,0.03868902,-0.581067,-0.2561031,-0.2834464,-0.718631,0.1094816,-0.2260345,-0.02555599,-0.5911061,-0.2662909,-0.2804535,-0.7078338,-0.05362643,-0.01044878,-0.1115063,-0.614283,-0.270232,-0.2685012,-0.6910413,-0.151278,-0.1525535,0.009376473,-0.6312326,-0.2688677,-0.2496301,-0.6833303,0.02696902,-0.3775297,0.1675635,-0.6417323,-0.2552705,-0.2253746,-0.6871848,0.05913001,-0.4386603,0.212583,-0.6391522,-0.2375998,-0.2095696,-0.7007933,-0.01511795,-0.3644689,0.1207749,-0.6192809,-0.2050159,-0.1875717,-0.7343545,0.06154864,-0.143811,0.08520781,-0.5913318,-0.1799275,-0.1786864,-0.765522,0.01886707,-0.03856455,0.02504909,-0.5683256,-0.1593952,-0.1734942,-0.788352,0.08735435,0.2147516,-0.02535476,-0.5544682,-0.1567134,-0.1795751,-0.7973447,-0.06425984,0.3084124,0.01134562,-0.568607,-0.1609179,-0.1816485,-0.7859995,-0.06353839,0.1956827,-0.03860817,-0.5950401,-0.1778424,-0.185989,-0.7613852,0.04409901,0.3581225,-0.08452711,-0.615926,-0.1971532,-0.1876041,-0.7393041,-0.06940446,0.4322218,0.06337625,-0.6421276,-0.2281518,-0.1894491,-0.7069144,0.04335297,0.351267,0.1281288,-0.6415123,-0.2435243,-0.199049,-0.6996695
0,0,1,0.01319168,-0.005583657,-0.01437574,0.1116729,-0.0695079,0.7668508,0.628202,0.03531033,0.0009982721,0.04173036,0.1127431,-0.06998945,0.7675581,0.6270925,0.005878625,-0.003042902,0.002607211,0.1134023,-0.06967985,0.7686138,0.6257136,-0.01450365,-0.01722344,-0.01761876,0.112236,-0.06827714,0.7688841,0.6257464,0.01567847,0.003774536,0.003992213,0.1097787,-0.06720265,0.7674114,0.6281021,-0.004780163,0.005210089,0.01188406,0.1084833,-0.06562452,0.7678169,0.6279984,0.02653263,0.01189994,0.002433429,0.1080271,-0.06653452,0.7674213,0.6284647,0.005203214,-0.003464948,-0.008421263,0.1084154,-0.0661507,0.7670791,0.6288559,-0.0003987886,0.002369632,-0.007494881,0.1074674,-0.06729409,0.7670396,0.6289455,-0.0002058977,0.01470904,-0.03691679,0.1088516,-0.06965318,0.7667836,0.6287628,0.01194727,-0.004215093,-0.04812167,0.1140925,-0.07291745,0.7662476,0.6281167,0.006847284,-0.01062512,0.05051931,0.1177507,-0.07229156,0.765533,0.6283851,-0.007339139,-0.01701292,0.05612049,0.1170328,-0.0701239,0.7662961,0.6278346,-0.01211259,-0.0174173,-0.02386926,0.1179747,-0.06918837,0.7676743,0.6260759,-0.01084463,-0.03916929,0.009516466,0.1198121,-0.07024969,0.7668648,0.6266006,0.03052129,0.001916898,0.01016229,0.1176082,-0.07141283,0.7657267,0.6282762,-0.02115641,-0.01845751,0.01193317,0.1168719,-0.07047948,0.7655979,0.6286759,0.01048245,0.002942245,-0.004231832,0.1166053,-0.0701315,0.7662769,0.6279367,-0.006540079,0.0001024414,0.002467272,0.1158429,-0.07051456,0.7659021,0.6284919,-0.008558236,0.0005314679,0.002141686,0.1152301,-0.06963474,0.7664617,0.6280203,0.01595509,-0.01936083,-0.02261068,0.1160933,-0.06732392,0.767107,0.6273251,-0.01019949,-0.004767016,0.02994724,0.1187745,-0.06450238,0.7682568,0.6257105,0.009087143,-0.01631546,0.03597942,0.118259,-0.06577812,0.7667231,0.6275538,0.01253285,0.02502758,0.005168911,0.1157968,-0.07076003,0.766646,0.6275651,-0.0009833203,0.02950193,0.01903196,0.1167077,-0.07185405,0.7667525,0.6271419,0.01688364,0.01257566,0.009386932,0.1144601,-0.07146737,0.7664494,0.6279703,-0.01908309,-0.006808361,0.003958468,0.1115062,-0.07326917,0.7663543,0.62841,0.007949077,-0.01978414,0.001836912,0.1119599,-0.07307541,0.7661985,0.6285418,-0.01197671,-0.0117001,-0.005137694,0.1108896,-0.07232463,0.7663695,0.6286099,-0.005006725,-0.04192342,0.004407655,0.1097387,-0.07378054,0.7667385,0.6281926
1,0,0,0.1325376,-0.04734352,0.1023925,-0.009780325,-0.07403526,0.6001374,-0.7964033,-0.07028545,-0.2229944,0.3031461,-0.02800006,-0.0572311,0.5800571,-0.8120803,0.08810476,-0.3093978,0.3026675,-0.08289896,-0.04137717,0.5178989,-0.8504095,0.01225942,0.02012967,0.02575008,-0.09709786,-0.03383636,0.4964283,-0.8619663,-0.06345608,0.1844215,-0.1960308,-0.06873874,-0.04193316,0.5331306,-0.8421926,-0.04715872,0.07832624,-0.1988343,-0.03609467,-0.0352205,0.5453869,-0.8366659,0.014041,0.1648213,-0.1135198,-0.01436519,-0.05010249,0.5661688,-0.8226398,-0.03266267,0.1398416,-0.1335015,0.008853581,-0.05510536,0.5779986,-0.8141269,0.05688542,0.07239112,-0.04968007,0.01719317,-0.06964643,0.5847077,-0.8080661,-0.02926939,0.09842101,-0.00539579,0.02523012,-0.08237257,0.5864192,-0.8054134,-0.02724326,0.03654869,-0.01049419,0.03470749,-0.08458728,0.5786682,-0.8104218,0.0397381,0.04516838,0.002699402,0.03964429,-0.08771072,0.570816,-0.8154166,-0.008226804,0.07295392,-0.02271182,0.04460902,-0.09845725,0.578802,-0.8082724,0.06306718,0.07810185,-0.1553994,0.05077514,-0.101548,0.5849151,-0.8031091,-0.04865207,0.01991648,-0.06244169,0.05098487,-0.1035838,0.5865208,-0.8016634,0.03172902,-0.02718504,0.1125713,0.05311941,-0.1008399,0.59255,-0.7974297,-0.1110785,-0.0651981,0.1171798,0.05220076,-0.09554839,0.6022925,-0.7908156,-0.02728759,-0.12746,0.03605371,0.04778305,-0.07809981,0.5959589,-0.7977783,0.06089908,-0.1346676,0.000363123,0.03012149,-0.07303713,0.5943174,-0.8003405,0.05229514,-0.1153764,0.02266543,0.003911089,-0.07236858,0.595586,-0.8000155,-0.009554843,-0.1823116,0.2349491,-0.01666822,-0.06229774,0.5921232,-0.8032628,-0.05011122,-0.3199888,0.3066639,-0.05848424,-0.03380126,0.5393419,-0.8393732,0.09862351,0.0205434,-0.01112669,-0.08211627,-0.02453662,0.5063861,-0.8580373,0.009896779,0.09713675,-0.09154171,-0.06966665,-0.03881545,0.531189,-0.8434917,0.02429441,0.09446452,-0.2367255,-0.05296259,-0.04017538,0.543797,-0.8365798,-0.1873309,0.1475155,-0.1576717,-0.01695524,-0.03623772,0.5580446,-0.828846,0.05302985,0.1549633,-0.1476013,0.006596999,-0.04779816,0.5780807,-0.8145517,0.01536964,0.09406868,-0.06122541,0.01756671,-0.05904993,0.5840846,-0.8093514,-0.03063113,0.07016958,-0.04144454,0.02493471,-0.06592028,0.5827941,-0.8095577,0.03756427,0.07349783,-0.1156924,0.03477606,-0.06881993,0.5834669,-0.8084682
0,0,1,0.008933044,0.007100736,-0.00002606239,-0.3800911,-0.3174864,-0.5800133,-0.6467749,-0.06226761,-0.01720118,-0.005828687,-0.3861932,-0.3138209,-0.5771616,-0.6474995,-0.08638653,-0.0414072,0.008555854,-0.3914585,-0.311683,-0.5753261,-0.6470038,-0.0391465,0.03729897,0.03398953,-0.3956781,-0.3053529,-0.573464,-0.649105,-0.04095833,-0.0160873,0.02135239,-0.3981661,-0.3044311,-0.5736526,-0.6478488,-0.03810107,-0.01600124,-0.0005307294,-0.3967551,-0.3085512,-0.575748,-0.6448998,-0.04188219,-0.01260992,0.0289363,-0.3937163,-0.3131551,-0.5785641,-0.6420162,-0.06018473,0.007299219,0.06218174,-0.389435,-0.3208509,-0.5805774,-0.6390031,-0.04211053,-0.04107199,0.04297814,-0.3835272,-0.3307318,-0.5837188,-0.6346619,-0.009051814,-0.08461922,-0.02136984,-0.3849652,-0.3371572,-0.5853262,-0.6289037,-0.009184253,0.07420603,0.001213797,-0.3874379,-0.3319516,-0.5844153,-0.6309983,-0.01676644,0.002840606,-0.05039323,-0.389195,-0.3288448,-0.5836437,-0.6322565,0.02844617,0.05108325,-0.02634163,-0.3872155,-0.3265035,-0.5822823,-0.6359299,0.02131678,0.03659208,-0.05960755,-0.3906744,-0.3226174,-0.5781615,-0.6395473,0.08917478,0.02710984,-0.0774349,-0.3923126,-0.315541,-0.5753173,-0.6446198,0.08255661,-0.1009048,-0.02020273,-0.3938551,-0.3182754,-0.5699325,-0.6471134,0.04725764,0.08216275,-0.0202674,-0.3902747,-0.3156469,-0.5630901,-0.6564924,0.02404618,-0.01108789,-0.0002117569,-0.3897675,-0.3165923,-0.5579791,-0.6606889,0.06198706,-0.02948803,0.0250692,-0.3920571,-0.3113193,-0.5501957,-0.6683234,0.082765,-0.0217972,0.06462961,-0.3979423,-0.2974546,-0.5372153,-0.6815881,0.09436817,-0.06650674,0.100699,-0.3988663,-0.2865147,-0.5244378,-0.6955429,-0.02061854,-0.156348,-0.06221782,-0.412012,-0.2741879,-0.5000621,-0.710637,0.03436307,0.1082902,0.05342702,-0.413003,-0.2606604,-0.4850299,-0.7254176,0.01787864,0.01469646,0.02429744,-0.4196702,-0.2514308,-0.4636972,-0.7386774,-0.01970592,-0.001662547,-0.05640825,-0.4304136,-0.2374116,-0.4380202,-0.7526739,-0.00897468,0.01732351,0.01006913,-0.4386591,-0.2212423,-0.4089218,-0.7690338,-0.02752704,0.02196583,-0.02444822,-0.450207,-0.2018236,-0.3655065,-0.7892945,-0.05846596,-0.008740916,-0.0111917,-0.4596925,-0.177977,-0.3250031,-0.8070811,-0.1031535,0.03465636,-0.03714347,-0.4661408,-0.1495067,-0.2823605,-0.8250049,-0.06616177,-0.02934508,-0.009086438,-0.4728803,-0.1259292,-0.2481622,-0.8360271
1,0,0,0.01678654,0.05217043,0.2638831,0.008671016,-0.9959023,-0.08315881,-0.03446682,0.004323512,-0.1090056,-0.1507407,0.00970462,-0.9974511,-0.06339093,-0.03128465,-0.007059041,-0.04558597,-0.3879462,0.002814531,-0.9958391,-0.08426085,-0.03459175,-0.01862947,0.1608737,-0.5583932,0.0007817447,-0.9935908,-0.1061343,-0.03888568,-0.02910397,-0.006020788,-0.2246374,0.006167203,-0.996135,-0.07708645,-0.04165027,-0.02473639,-0.1565559,-0.05764485,0.009995788,-0.9990796,-0.02050763,-0.03632315,0.02260808,-0.130774,0.3392558,0.01268032,-0.9987156,-0.009290209,-0.04816641,0.01779171,0.1074994,0.4014881,0.01466548,-0.9956863,-0.07616615,-0.05091602,0.04076198,0.1459608,0.4381696,0.01393342,-0.9943032,-0.09701742,-0.04188722,0.004334331,0.03673618,0.2934355,0.01458541,-0.9956197,-0.0860471,-0.03353496,0.04221851,-0.03107526,0.03286525,0.01392496,-0.996761,-0.07142598,-0.03423361,0.02686267,0.01146689,-0.1771192,0.01132825,-0.9951268,-0.08729807,-0.04442208,-0.0530592,0.003724709,-0.4756111,0.006234646,-0.9939549,-0.1006414,-0.04342845,-0.08091617,0.1279281,-0.4600497,0.006726563,-0.9941452,-0.1055105,-0.02230737,-0.02121152,-0.0879183,-0.07278719,0.009835005,-0.9984279,-0.0521571,-0.01802049,0.1208979,-0.1603028,0.09929906,0.01573125,-0.9990954,-0.007454865,-0.03879802,-0.02399866,-0.007690681,0.422195,0.01334277,-0.9984511,-0.02511984,-0.04781653,-0.1427947,0.09836479,0.5293291,0.01447329,-0.9969655,-0.07532632,-0.01327217,0.1885453,0.1557983,0.3762601,0.01435605,-0.9940754,-0.1001857,-0.03963377,0.08703815,0.07119644,0.07467943,0.01955312,-0.9944552,-0.09093879,-0.0490592,-0.1078953,-0.07879559,-0.2272083,0.0165157,-0.9966327,-0.076198,-0.02538269,-0.1000062,-0.09854242,-0.4112827,0.003501058,-0.9972569,-0.07245641,-0.01471512,0.01533743,0.001328841,-0.4642757,0.00243637,-0.9962341,-0.08329842,-0.02394241,0.0301219,0.04984872,-0.3013923,0.007728189,-0.9967091,-0.07189314,-0.03663938,-0.02873781,-0.1614834,0.04831257,0.01347494,-0.9994068,-0.01318773,-0.02881865,-0.04356422,-0.08206974,0.1985255,0.01110828,-0.9993408,-0.006162087,-0.03400925,0.07362961,0.05357026,0.4709946,0.01158628,-0.9972295,-0.05310391,-0.05078474,0.1057977,0.2883632,0.433777,0.008359134,-0.9927728,-0.09971339,-0.06625339,0.007406592,0.08940222,0.2143103,0.008508027,-0.9941667,-0.09338527,-0.05328616,-0.03719004,-0.095205,-0.1932762,0.008380175,-0.9971522,-0.06446178,-0.03823527
0,0,1,0.00009410084,-0.005699482,0.005457833,-0.3358148,0.9410191,0.04118079,-0.003942315,-0.001219271,0.004538095,-0.009701821,-0.3360091,0.9409636,0.0408161,-0.00440201,0.002029531,-0.0002877499,-0.009147995,-0.3359132,0.9410151,0.04038658,-0.004667787,-0.00127438,0.0005178137,0.005076817,-0.3356055,0.9411416,0.03991246,-0.005324105,0.004076007,-0.004809586,-0.008622663,-0.3354268,0.9412099,0.03981083,-0.005273953,-0.0008641736,0.0002452344,0.002608767,-0.335628,0.9411277,0.04006609,-0.005209981,0.001177729,0.0003279315,-0.01361312,-0.3358205,0.9410529,0.04024577,-0.004934102,-0.003473275,0.0003569174,0.01425428,-0.3355294,0.9411638,0.03988096,-0.006339701,0.001000665,-0.005436275,-0.004815512,-0.3350163,0.9413662,0.03941764,-0.006319482,0.002569434,0.0004821481,-0.005505679,-0.3349064,0.9414083,0.03938035,-0.006101944,-0.0006570694,-0.003127395,0.001732371,-0.3351462,0.9413206,0.03943693,-0.006099062,0.002546141,-0.0004895997,-0.004596705,-0.3349765,0.9413695,0.03973352,-0.005952748,-0.0009655422,-0.006352786,0.0004847799,-0.3351121,0.9413027,0.0402092,-0.005689232,0.001101317,0.003074456,-0.006248263,-0.3351289,0.9413154,0.03974622,-0.005839488,0.0005889899,-0.000443328,0.001214138,-0.3350044,0.9413599,0.03969131,-0.006191535,0.001646823,0.002650189,-0.01112076,-0.3349939,0.9413661,0.03970259,-0.00571676,-0.0003208627,-0.001165897,0.006995709,-0.33487,0.9414172,0.03956198,-0.005522802,0.0004120568,-0.0006616005,-0.002070501,-0.3348951,0.9414105,0.03954488,-0.005257424,0.001397602,-0.002544973,0.004988322,-0.3347163,0.941467,0.03972138,-0.005189873,-0.001529365,-0.001153814,-0.01010715,-0.3347749,0.9414601,0.03943609,-0.004829509,-0.00312769,0.0007883021,0.01118154,-0.3347248,0.9415028,0.03879373,-0.005174639,0.001474683,0.0008854039,-0.007329852,-0.3347046,0.9415053,0.03893689,-0.004944624,-0.0002695114,0.001908213,0.006175619,-0.3347111,0.9415174,0.03844775,-0.005926782,-0.000929562,-0.0002225089,-0.004377314,-0.3346378,0.9415603,0.03805266,-0.00581119,-0.00139549,-0.001822987,0.0005879597,-0.3341798,0.9417194,0.03819136,-0.005470928,0.004999774,0.003974587,-0.004070206,-0.334455,0.9416429,0.03775119,-0.004831586,0.0001831797,0.0003858728,-0.0005070496,-0.3346966,0.9415871,0.03690184,-0.00548452,0.0003231207,0.003466845,-0.0005438092,-0.3349397,0.9415067,0.03684708,-0.004770128,-0.0007921586,-0.001511351,0.00263162,-0.3346924,0.9415959,0.03682593,-0.004677983,-0.0008898196,0.0002058673,-0.008361067,-0.3346542,0.9415981,0.03712677,-0.00460057
0,0,1,0.03677936,-0.002777443,0.05192644,-0.3845544,-0.08545658,-0.139259,-0.9085274,0.04458134,0.04689241,0.009535771,-0.4188265,-0.09252986,-0.1374046,-0.8928285,-0.003064993,-0.01607203,-0.01103358,-0.4498975,-0.09607032,-0.1376621,-0.8771613,0.008273656,-0.006253417,-0.005818866,-0.4731545,-0.1000967,-0.1341138,-0.8649386,-0.01201186,0.001238644,-0.008289007,-0.4898838,-0.09994985,-0.1322902,-0.8558757,-0.0176281,-0.001775646,0.005933229,-0.5052639,-0.1005471,-0.1310654,-0.8470068,-0.001312644,0.003774184,-0.0300972,-0.5165486,-0.1011944,-0.1320394,-0.8399422,0.009232877,-0.02595901,-0.01189641,-0.5243714,-0.1002216,-0.1284619,-0.8357558,-0.02690755,0.01353571,-0.03314343,-0.5294968,-0.09840848,-0.1252192,-0.8332281,-0.006925967,-0.01329863,-0.00525867,-0.5306543,-0.1000325,-0.1250448,-0.832324,-0.01686216,0.01131399,-0.03846162,-0.5279526,-0.1002437,-0.1252672,-0.8339816,-0.01244323,0.02333741,-0.001499997,-0.5247005,-0.1005083,-0.1259309,-0.8358999,-0.01035311,-0.007063102,0.0155963,-0.5207906,-0.1005602,-0.125277,-0.8384333,-0.01699726,0.01346929,0.02977487,-0.5156527,-0.1022654,-0.12694,-0.8411482,-0.002003625,0.01066807,0.008253511,-0.5117596,-0.1050582,-0.1291567,-0.8428425,-0.01102775,-0.0004307101,0.004276079,-0.5100427,-0.1075691,-0.1319102,-0.84314,0.001349096,0.0003029266,-0.009103456,-0.5102231,-0.109996,-0.1344081,-0.8423228,0.0004571797,0.005586492,0.003902551,-0.5106034,-0.1102483,-0.1335729,-0.8421922,0.004235651,-0.002116597,-0.006185733,-0.5109318,-0.1093933,-0.1319382,-0.8423622,0.005842053,-0.00442409,-0.01112348,-0.5118868,-0.1090812,-0.1317117,-0.8418582,0.0015814,0.002862875,-0.01278268,-0.511827,-0.1101395,-0.1330731,-0.8415426,0.001367187,0.002883395,-0.004126172,-0.5120441,-0.1098138,-0.1325267,-0.8415394,0.0009864322,0.0008301065,-0.003902064,-0.5113799,-0.1099571,-0.1340007,-0.8416911,-0.0001273915,0.009071656,-0.01253197,-0.5106621,-0.1100687,-0.1356807,-0.8418431,0.00340536,-0.004631617,-0.002227556,-0.5097422,-0.1104305,-0.1383559,-0.8419178,0.002247981,0.0005763872,-0.007050702,-0.5080236,-0.1094623,-0.1373509,-0.8432465,-0.01859836,0.0238147,0.006998869,-0.5061582,-0.1067364,-0.1377211,-0.8446562,-0.05570914,0.002602835,-0.02134111,-0.5049518,-0.104458,-0.1430652,-0.8447748,-0.05988777,-0.006090333,-0.01760864,-0.5034298,-0.1009785,-0.1491486,-0.8450541,-0.04590637,0.0007472514,-0.009833251,-0.5016292,-0.09750868,-0.1613032,-0.8442994
0,1,0,-0.06772961,0.1973491,-0.1347469,-0.486494,0.3863937,0.5218036,-0.5845891,0.08688396,0.07712755,-0.2260301,-0.4732185,0.3790079,0.5286821,-0.5940644,-0.01783297,-0.06429932,-0.1028493,-0.4676516,0.3739053,0.5327197,-0.5980856,-0.08512768,-0.06478225,-0.1621795,-0.4735936,0.3739061,0.5280535,-0.5975474,0.03467805,-0.01274266,-0.06646232,-0.4727058,0.3816316,0.5271695,-0.5941371,-0.07798089,-0.235534,0.04443535,-0.4783659,0.3900892,0.5216257,-0.5889847,-0.02904728,-0.1500661,-0.1039352,-0.4859828,0.3975592,0.5159925,-0.5826827,0.13206,-0.1980766,0.009444844,-0.5031072,0.4028108,0.5031648,-0.5757185,-0.03724973,-0.4913078,0.09181251,-0.5116978,0.4099182,0.496435,-0.5689329,0.01707667,-0.5278972,0.1927916,-0.5145858,0.4038073,0.4970307,-0.5701768,-0.007284109,-0.3497768,0.09672386,-0.4976656,0.3843448,0.511606,-0.5855488,0.09716174,-0.1186008,-0.00392713,-0.467681,0.3641564,0.53132,-0.6052797,0.12217,0.07323997,-0.05599436,-0.4380486,0.3543357,0.5482104,-0.6180816,0.06935262,0.1335978,-0.02380454,-0.4298269,0.3628358,0.552757,-0.6148648,-0.004084209,0.2446743,0.01537209,-0.4379091,0.3782254,0.5465723,-0.6053428,-0.07029478,0.1822594,-0.05014928,-0.4625628,0.3981112,0.5314193,-0.5874834,-0.05417114,0.263615,0.1820357,-0.489481,0.4070776,0.5148648,-0.5741171,0.01660997,0.2827327,0.2693234,-0.5085399,0.4073398,0.4988197,-0.5715245,0.02855038,0.1401307,0.1730209,-0.5113035,0.3964349,0.4950871,-0.5799111,0.04475683,0.1044642,0.0008085539,-0.4993059,0.3825841,0.50219,-0.5934039,-0.03233778,0.06605356,-0.1498083,-0.4822017,0.3749632,0.5119387,-0.6039891,-0.0725198,0.1351228,-0.3565006,-0.4665175,0.3670423,0.5216919,-0.6127633,0.05712066,0.01131662,-0.2788887,-0.4708917,0.3592876,0.5224259,-0.6133879,-0.02066698,-0.07874079,-0.04966659,-0.4766223,0.3652196,0.5230438,-0.6048727,-0.0192383,-0.1492921,-0.02278555,-0.4844589,0.3762507,0.5177537,-0.5963776,0.03536383,-0.1332463,0.01212274,-0.506433,0.3906236,0.502653,-0.5816174,0.0003486239,-0.3825843,0.1472489,-0.5323805,0.412586,0.4814958,-0.5608081,0.1052981,-0.5503265,0.1949173,-0.5491262,0.4129739,0.468993,-0.5549402,-0.01823907,-0.339579,0.2334767,-0.5401396,0.3969371,0.4782846,-0.5673922,0.001360812,-0.2032171,0.1659903,-0.5105385,0.3724189,0.5011966,-0.5911485
0,1,0,-0.05548244,-0.3385999,-0.01493107,-0.6345562,-0.2233668,-0.2551073,-0.6945257,-0.05783244,-0.3861779,0.139515,-0.6423907,-0.2151416,-0.2411275,-0.6949143,-0.009054814,-0.3686621,0.1550601,-0.6282941,-0.1985968,-0.2262675,-0.7173625,-0.004711189,-0.2287844,0.01688422,-0.6005644,-0.1801696,-0.2202639,-0.7472249,0.009972124,-0.06543575,0.03830386,-0.5654173,-0.1647185,-0.2249758,-0.7762454,0.04087934,0.08480195,-0.02459616,-0.5378035,-0.1555351,-0.2267604,-0.7969667,0.07598219,0.1765479,-0.03084362,-0.5292245,-0.1580843,-0.2328031,-0.8004583,-0.01851069,0.1847388,0.04343817,-0.5334642,-0.1685573,-0.2396535,-0.7934548,0.05368374,0.2942175,0.126921,-0.5575919,-0.1899637,-0.2408378,-0.7713639,-0.02868701,0.5137837,0.1859897,-0.5819479,-0.2150071,-0.2389271,-0.7470089,-0.003515085,0.4106958,0.1780973,-0.593743,-0.2219482,-0.2360945,-0.736524,0.01555726,0.004858496,0.02996184,-0.5917184,-0.22,-0.239899,-0.7375078,-0.05110189,0.07136903,0.05914599,-0.5785872,-0.2138503,-0.2523875,-0.7455236,-0.1095613,0.09271441,0.03027574,-0.5635998,-0.2078428,-0.262464,-0.7551618,0.1288378,-0.02084223,-0.1021522,-0.553576,-0.20965,-0.2755086,-0.7574269,-0.2124019,-0.03707287,-0.07537656,-0.5585161,-0.2005368,-0.2783149,-0.7552388,0.008093918,-0.2906726,-0.3609021,-0.5586181,-0.2076852,-0.2850323,-0.7507125,0.04026568,-0.1469032,-0.3450818,-0.5612866,-0.2193179,-0.2901722,-0.7434091,-0.01416611,-0.1200221,-0.2289571,-0.5756434,-0.2295445,-0.290608,-0.7290343,0.01448407,-0.06151988,-0.1237111,-0.5947642,-0.2412739,-0.2870099,-0.7111032,-0.1524933,-0.3341161,0.1844369,-0.6222159,-0.2420613,-0.2672992,-0.6948416,0.01656591,-0.4323913,0.1634701,-0.6248261,-0.2350269,-0.2515163,-0.7007812,0.05928497,-0.3227068,0.1136436,-0.6132256,-0.2170383,-0.235384,-0.7221102,-0.103275,-0.1680489,0.05655825,-0.5908425,-0.194259,-0.2229019,-0.7506552,-0.01194909,0.01652773,-0.01572532,-0.5647913,-0.1823274,-0.2245777,-0.7728727,0.003227676,-0.02151693,-0.05756909,-0.5500734,-0.1762054,-0.2253685,-0.7845891,-0.03584062,0.2515095,0.05737299,-0.5453772,-0.1634746,-0.2233185,-0.7911817,-0.007186219,0.2627762,0.01812381,-0.5630939,-0.1673501,-0.2190076,-0.7790731,-0.02775196,0.3098569,0.002030824,-0.5886601,-0.1799842,-0.2140552,-0.7584625,-0.09658552,0.5655296,-0.006952956,-0.6174427,-0.1982702,-0.2091566,-0.73192
0,0,1,-0.1297348,-0.05666323,-0.09272213,-0.1794709,-0.7341533,-0.6489075,-0.08790943,0.02090088,-0.2914434,0.01871589,-0.1533447,-0.7582653,-0.6269749,-0.09176943,-0.0001880163,0.01196176,-0.002061335,-0.1496297,-0.7605834,-0.6257713,-0.08679909,-0.02564069,0.02704789,-0.02622168,-0.1467432,-0.7631234,-0.6236407,-0.08474243,-0.01038519,-0.02679048,-0.06024788,-0.1460319,-0.7651523,-0.6209211,-0.08759826,-0.06862596,-0.02358675,-0.07764017,-0.1483246,-0.7620383,-0.6225425,-0.09868309,-0.0225836,-0.0173771,0.02648222,-0.1517968,-0.7600503,-0.6241568,-0.09853664,-0.006745405,-0.02621195,0.06940813,-0.1494666,-0.7606347,-0.6240966,-0.09796914,0.04949198,0.075384,0.07032745,-0.137534,-0.7568738,-0.63146,-0.09738955,0.1265771,0.0287507,0.06914174,-0.1245369,-0.755574,-0.6347932,-0.1031309,0.05606837,-0.009915863,0.06377639,-0.1118179,-0.7534204,-0.6391426,-0.1065418,-0.003250474,0.06939656,0.003699595,-0.09165519,-0.7522609,-0.6431599,-0.1097642,0.02472434,0.009784287,-0.02779047,-0.0688405,-0.755149,-0.6435494,-0.1041881,0.005074155,0.01416462,-0.06058727,-0.05847144,-0.7572821,-0.6435568,-0.0945487,0.0673076,-0.004451222,-0.08955032,-0.04541454,-0.7636497,-0.6399499,-0.07239306,0.02352415,-0.06723989,-0.1284744,-0.02735806,-0.76536,-0.6409816,-0.0511688,0.1148069,-0.1239779,0.1208294,0.01015365,-0.7640883,-0.6439486,-0.0373652,-0.005966779,0.1209068,0.1881136,0.02023041,-0.7636104,-0.644552,-0.03228882,-0.07659575,0.05897889,0.1481033,0.01913029,-0.7651159,-0.6434284,-0.01521534,-0.06243879,-0.003580855,0.07917989,0.008297235,-0.7664981,-0.6421644,-0.006057024,-0.06501297,0.07755709,0.02455298,-0.003728747,-0.768008,-0.6404263,0.001969337,-0.01734611,-0.004021874,0.04825816,-0.002721369,-0.7717545,-0.6358846,0.006178111,-0.06160235,-0.006382076,-0.008095616,-0.004134178,-0.7731162,-0.6342236,0.005891562,-0.03974914,0.06916899,0.004846729,-0.008438706,-0.7732161,-0.6340716,0.004344732,-0.04741104,0.01144051,-0.02719594,-0.01006797,-0.7747649,-0.632138,-0.006288946,-0.08668178,-0.1188068,0.03518235,-0.009848952,-0.7762411,-0.6300757,-0.01890498,-0.08383427,-0.03715864,0.03715942,-0.01949471,-0.7781506,-0.6273803,-0.02226296,-0.02749689,-0.002917529,0.04370582,-0.01987362,-0.7778416,-0.6278087,-0.02058432,0.01873907,0.06085334,0.06593547,-0.008780122,-0.7742174,-0.6326857,-0.0148007,0.08947051,0.03540711,0.0745342,0.006661862,-0.7679275,-0.6403815,-0.01242921
1,0,0,0.02193219,0.134912,0.2358101,0.5807353,-0.8083454,-0.09645599,-0.004535038,0.05352593,0.09877954,0.4235878,0.5852061,-0.8044898,-0.1009106,-0.01212357,-0.02275543,-0.1095344,0.5486416,0.5878013,-0.805997,-0.06140845,-0.03297583,-0.00073436,-0.09614732,0.3757928,0.584849,-0.8095587,-0.04390558,-0.02526769,0.1056155,0.08566982,0.1956024,0.5849401,-0.8068672,-0.08252443,-0.0000008717179,-0.02222508,0.130528,0.01390195,0.5849437,-0.8026212,-0.1156276,0.01644276,-0.1083747,0.06076245,-0.2887876,0.5818312,-0.8072694,-0.09801245,0.01349676,-0.07733385,-0.07093316,-0.3470664,0.5750772,-0.8151304,-0.06755523,-0.01688214,0.002471988,-0.1491793,-0.3622443,0.5742993,-0.816685,-0.02873337,-0.04878887,0.007889889,-0.2104794,-0.3187598,0.575129,-0.8149263,-0.003269821,-0.07149144,0.002132448,-0.0822401,-0.1148041,0.5748757,-0.8155973,-0.01893678,-0.06293155,-0.099164,0.0757129,0.150532,0.5775845,-0.8132162,-0.06815244,-0.02075497,-0.03818234,0.123283,0.2254777,0.5822544,-0.8082286,-0.08750568,0.009442508,0.1582002,0.06418545,0.3643426,0.5838334,-0.807487,-0.08293824,-0.01498924,-0.01249364,-0.05959416,0.4299591,0.5874681,-0.8069729,-0.05632145,-0.02244484,-0.05909113,-0.02141858,0.2471554,0.5875303,-0.8067304,-0.06240197,-0.009998798,0.01820246,0.07983011,0.03376732,0.5859702,-0.8048938,-0.09361927,0.004509617,-0.007845131,0.09375336,-0.1037328,0.5846354,-0.8038197,-0.1092848,0.01150293,-0.05220547,0.03183215,-0.3220918,0.5779209,-0.8099557,-0.0998951,0.0003809147,-0.05720563,-0.06871613,-0.3443937,0.5714316,-0.8170139,-0.0693663,-0.03379922,-0.03945361,-0.1631898,-0.4151309,0.5704015,-0.8184707,-0.01879431,-0.06629141,-0.007662439,-0.2069972,-0.2248141,0.5702964,-0.816384,-0.002194628,-0.09096413,-0.04911208,-0.1524722,0.09051885,0.5721511,-0.8166369,-0.01975863,-0.07319068,-0.07735385,0.03059459,0.2514196,0.5792924,-0.8107722,-0.08047096,-0.02435552,0.133094,0.1460793,0.5135547,0.5843877,-0.8018384,-0.1246778,-0.001268461,0.0923757,0.03886211,0.512437,0.5874813,-0.8032069,-0.09766826,-0.0136122,-0.01642699,-0.05380591,0.2009806,0.5858613,-0.8075609,-0.06184549,-0.02805331,0.02054789,-0.01416561,0.09372093,0.5836568,-0.8081185,-0.07553883,-0.02414711,-0.0385193,0.1113023,-0.1523119,0.5788416,-0.8073214,-0.1147188,0.003766116,-0.07464919,0.0954408,-0.2076984,0.5758444,-0.808903,-0.1182879,0.009339876
0,0,1,0.01301908,-0.01380232,-0.02686692,-0.3355477,0.9413182,0.03641166,-0.001394683,0.0104258,-0.009886428,-0.006261878,-0.3385412,0.9403244,0.03405711,-0.004480008,-0.03103179,0.02270464,0.01375472,-0.3449803,0.9377207,0.01678913,-0.03723715,-0.002906406,-0.0008693459,-0.01021578,-0.3408129,0.9392169,0.0203818,-0.03609443,0.01861514,-0.01585578,-0.003173874,-0.3364367,0.9409385,0.03656594,-0.01039291,-0.01687189,-0.006548114,-0.03409145,-0.3416373,0.9391421,0.02794193,-0.02270299,-0.02241936,0.01498469,0.04792455,-0.3433498,0.9382237,0.01791218,-0.03906734,0.009025278,-0.008975399,0.01381764,-0.3372958,0.9407105,0.03165705,-0.01711856,0.02745731,-0.01967222,-0.03877811,-0.3372871,0.940688,0.0351508,-0.01038911,-0.04148467,0.03165084,0.008912947,-0.3455094,0.9373236,0.01527808,-0.04259509,0.01030904,-0.01265432,0.01917122,-0.339239,0.9399164,0.02552978,-0.02867603,0.007677365,-0.007993878,-0.003620241,-0.3377809,0.9404931,0.03194785,-0.01886508,-0.024207,0.01817636,0.004804426,-0.3415649,0.9389395,0.02474254,-0.03337524,0.003945938,0.0007003112,-0.007592421,-0.3380422,0.9402564,0.02986231,-0.02745098,0.01727027,-0.001998574,-0.00826693,-0.3328221,0.9418693,0.04594956,-0.0005616304,-0.002521838,-0.01454389,-0.006106184,-0.33735,0.9403486,0.04396562,-0.002526352,-0.03097741,0.02674172,0.003922195,-0.3416403,0.9389627,0.02778841,-0.02930606,0.01168388,-0.01214998,0.02779009,-0.3350815,0.9412037,0.04195624,-0.009784292,0.02277161,-0.02140685,0.000958668,-0.3344975,0.9410864,0.0496763,-0.0001044441,-0.0191584,0.01483488,-0.0499051,-0.3405943,0.9391437,0.03972915,-0.02064718,-0.02404552,0.02530021,0.06087658,-0.3415481,0.9386969,0.03069028,-0.03537311,0.02772775,-0.01648216,-0.02592653,-0.3346715,0.9411836,0.04587285,-0.008009816,-0.01254596,0.005759806,0.01173722,-0.3389981,0.9397965,0.03989239,-0.01647185,-0.02275948,0.0133434,0.0001877853,-0.3398379,0.9395381,0.03393043,-0.02503951,0.03257398,-0.02682144,-0.001002818,-0.3344367,0.9413519,0.04405452,-0.008241752,-0.007361924,0.006112967,-0.004892143,-0.3380477,0.9401549,0.03988412,-0.01554387,-0.02331962,0.008645358,0.005105797,-0.3396669,0.9396368,0.03388708,-0.02368043,0.0160429,-0.01061909,0.02126603,-0.3339364,0.9416242,0.04210833,-0.007562133,0.006076037,-0.005302845,-0.05947515,-0.3337143,0.9417394,0.04191404,-0.002181569,-0.007186647,-0.002020254,-0.01051073,-0.3358988,0.9410232,0.04011922,-0.006128514
1,0,0,0.01017433,0.0356442,-0.00908138,-0.5434691,-0.8351955,-0.05008133,-0.06768812,0.03932724,-0.05710364,-0.1067008,-0.5436965,-0.8358791,-0.02845704,-0.06993012,-0.02683244,-0.1000319,-0.1806469,-0.5449948,-0.8345132,-0.03067951,-0.07501449,-0.04018646,0.06985372,-0.5417368,-0.5445973,-0.8329237,-0.05692344,-0.08007143,-0.06522532,0.06146064,-0.2796243,-0.5460176,-0.832448,-0.04191747,-0.08448608,-0.008497475,-0.1367784,-0.157182,-0.5424848,-0.83868,-0.001301987,-0.04821103,0.04317118,-0.2147211,0.1355522,-0.5333974,-0.8442137,0.02819228,-0.04467132,-0.01534875,0.02045012,0.3731588,-0.5343902,-0.8431045,-0.01241577,-0.05871761,-0.063664,0.08837185,0.5316722,-0.5330518,-0.8410574,-0.06075033,-0.06919121,0.09191992,0.1175236,0.3901968,-0.5393434,-0.8358247,-0.06761447,-0.07703263,0.0350456,0.037211,0.1568518,-0.5398383,-0.8369324,-0.04899501,-0.07561863,-0.03729176,-0.06580289,-0.1874448,-0.5408595,-0.8375167,-0.03402627,-0.0698486,-0.04870628,-0.1209437,-0.3286619,-0.5425073,-0.8359982,-0.02883129,-0.07721122,-0.03792927,0.04566345,-0.4838417,-0.538234,-0.8374021,-0.05488889,-0.07777543,0.02149813,0.1172296,-0.3582927,-0.5376412,-0.8375353,-0.05825626,-0.0779917,0.03838976,-0.07964457,-0.07515595,-0.5348969,-0.8422152,-0.005804949,-0.06726859,-0.06152032,-0.1170715,0.1526435,-0.5339785,-0.8442011,0.01177507,-0.04530866,-0.0301365,0.01225733,0.2573805,-0.5323135,-0.8450024,-0.0170993,-0.04817443,0.1766142,0.1623957,0.5713802,-0.5337589,-0.8408484,-0.03618594,-0.08225523,0.01549172,-0.01315134,0.3178134,-0.5346492,-0.8410828,-0.03152309,-0.07573831,-0.01906946,0.01668364,0.1658201,-0.5382214,-0.8390588,-0.02780659,-0.07433002,-0.02182884,0.02405951,-0.1289713,-0.5388269,-0.8367723,-0.03652529,-0.09024178,-0.03426125,0.02829387,-0.367049,-0.5421423,-0.8325377,-0.04195633,-0.1058405,-0.01727119,0.05202118,-0.460931,-0.5435525,-0.8314947,-0.03238185,-0.1100842,-0.07760341,-0.008165149,-0.3297568,-0.5422229,-0.8361271,-0.01406052,-0.08178078,-0.08160202,-0.1525478,-0.1557417,-0.5377205,-0.8420928,0.02336064,-0.03450586,0.02300807,-0.1700296,0.1831526,-0.5288712,-0.8474414,0.0301523,-0.03505947,0.1410561,0.04626501,0.4827739,-0.5265966,-0.8458348,-0.01403943,-0.08403827,0.07098638,0.1809752,0.4688898,-0.5287635,-0.8400823,-0.06221822,-0.1039216,-0.0006877237,0.109423,0.2645109,-0.5315754,-0.8374544,-0.06755634,-0.1073952
0,1,0,0.02794074,0.1221692,0.111633,-0.4191396,0.4203304,0.5902407,-0.5470468,-0.01842987,0.01213554,0.2363033,-0.4172164,0.4439971,0.5959333,-0.5231258,-0.02141094,-0.0666742,0.1580925,-0.4431234,0.4659188,0.5649897,-0.5170571,-0.1032934,0.01585867,0.2457222,-0.4475127,0.4936565,0.5529637,-0.5002666,-0.04929985,0.07181335,0.2603668,-0.4823719,0.5053604,0.507758,-0.5040933,0.03871005,0.07688686,0.3688926,-0.5667466,0.478801,0.4243244,-0.5191307,-0.01263779,0.05380492,0.3010512,-0.6295019,0.4493061,0.3582796,-0.52296,0.05843956,0.2020875,0.1787601,-0.6907812,0.4094622,0.2966358,-0.5168843,-0.08334488,0.09762348,0.05956167,-0.7280129,0.3784423,0.2569749,-0.5106296,-0.07927569,0.04420915,-0.07363619,-0.7353758,0.3645023,0.2265917,-0.5244204,0.01541714,0.1248211,-0.1924789,-0.7053393,0.3815311,0.2534226,-0.5410243,0.06262529,-0.01132138,-0.1678826,-0.6715071,0.4055373,0.2944283,-0.5458294,-0.001876847,-0.08141574,-0.03921338,-0.6473038,0.4207592,0.3205285,-0.5488359,-0.04207157,-0.1385823,0.0166011,-0.6495914,0.4161304,0.3051789,-0.5583298,0.002718074,-0.200544,0.05526196,-0.6494034,0.4151465,0.3021141,-0.5609416,0.01734059,-0.1898758,-0.01433005,-0.6380186,0.4233582,0.3182218,-0.5589588,0.02283168,-0.1587808,-0.03194878,-0.6214964,0.4309559,0.3362868,-0.5611866,0.03183969,-0.06084809,-0.06099098,-0.6098074,0.4339537,0.3569456,-0.5589355,0.02356543,-0.05409686,-0.09724462,-0.5915326,0.4404597,0.3818222,-0.5570422,0.03492123,-0.05435807,-0.05712639,-0.5836856,0.4353282,0.3961,-0.5593792,-0.05027348,0.002162108,-0.1102011,-0.5837348,0.4242646,0.3924386,-0.5703027,0.03273419,0.01318611,-0.09158542,-0.5747387,0.4156911,0.3965838,-0.58275,-0.03138499,0.06086637,-0.229621,-0.5513923,0.4090064,0.4100586,-0.6004433,0.03219121,-0.04614803,-0.1023022,-0.5308864,0.4017957,0.4300834,-0.6097114,0.08285605,-0.05557765,-0.1878805,-0.5293633,0.3798043,0.4313353,-0.6240777,0.006082436,0.08415467,-0.1361055,-0.508742,0.3721608,0.4562328,-0.6281159,0.04013274,0.07590087,-0.1441427,-0.4876587,0.3639147,0.4776261,-0.6337415,0.00693703,0.06007925,-0.05161036,-0.4733218,0.3579236,0.488936,-0.6393738,-0.03298742,-0.01016083,-0.01259472,-0.4795652,0.3464104,0.4732561,-0.6527218,0.03674105,0.03983325,0.02050128,-0.4878522,0.3348311,0.4578376,-0.6635308
0,0,1,0.1237842,-0.003588246,0.05046836,0.1224519,0.4775651,0.8305465,0.2590938,0.1353388,0.02610411,0.05245945,0.1069563,0.4873547,0.8283317,0.2547788,0.07567058,-0.01950429,-0.002209371,0.1149634,0.4898991,0.8186812,0.2766648,0.09001633,-0.04764282,0.03217616,0.1301852,0.4883558,0.8086369,0.3011089,0.1371732,-0.01046444,0.0864804,0.1568153,0.4774198,0.7923492,0.3459221,0.03018087,0.00923474,0.03224034,0.20389,0.4559616,0.7620969,0.4119905,-0.04086188,-0.05743207,0.09251175,0.2443992,0.441373,0.7310102,0.4594376,-0.02530937,-0.002700861,-0.0001898275,0.2853472,0.4092201,0.6927661,0.5207601,-0.08469558,0.01687277,0.011593,0.3218966,0.3862906,0.6546625,0.5644282,-0.06334472,0.01990437,0.04948464,0.3499519,0.3670131,0.6242278,0.594285,-0.07425223,-0.0208431,0.0143718,-0.3867275,-0.3329354,-0.5871082,-0.6284105,-0.1116679,-0.06447543,0.03223767,-0.4194092,-0.3091342,-0.5467123,-0.6554675,-0.1356976,-0.001326848,0.01847225,-0.4421596,-0.2899794,-0.5083746,-0.6796779,-0.06998083,0.0262388,0.02203361,-0.4537679,-0.2776189,-0.4861063,-0.6933419,-0.07804386,-0.007386061,0.01081117,-0.4602366,-0.2713744,-0.4741595,-0.6997935,-0.04810687,-0.007890291,-0.007943923,-0.4650838,-0.2645652,-0.4645344,-0.7056274,-0.06997477,0.01241581,0.005852854,-0.4686716,-0.261671,-0.4563968,-0.7096317,0.2142094,-0.237464,-0.2531051,-0.47955,-0.2714396,-0.4523492,-0.7012364,-0.1346867,0.01277524,0.1525073,-0.4957632,-0.3235963,-0.4443121,-0.6723771,-0.02859114,-0.04478461,-0.1051685,-0.5005454,-0.3046847,-0.4192669,-0.6934239,-0.01476814,0.02259794,0.006807389,-0.5021237,-0.2925331,-0.4024758,-0.7073256,-0.007424486,0.007283659,-0.0188142,-0.502038,-0.2834164,-0.3914645,-0.7172089,0.009967239,-0.02640946,-0.04201373,-0.5053256,-0.2771813,-0.3763033,-0.725405,-0.007757672,0.03757798,-0.02050475,-0.5107064,-0.2731517,-0.3616801,-0.7305852,-0.006700322,0.02409973,-0.01345422,-0.5175393,-0.2681312,-0.3532805,-0.7317456,0.03840941,0.0160945,-0.007768901,-0.5171496,-0.2640725,-0.3527549,-0.7337479,0.0740406,-0.04330295,-0.002666387,-0.5161572,-0.2580191,-0.3520406,-0.7369363,0.1053522,0.04090715,0.02163856,-0.5125287,-0.2572176,-0.3527965,-0.7393836,0.0507699,-0.04193886,0.06106935,-0.5141022,-0.2602163,-0.3496907,-0.738717,0.03368937,0.02280255,-0.01097139,-0.5135022,-0.2566401,-0.3448083,-0.7426699
0,0,1,0.01854523,-0.005087417,-0.0002711266,-0.4929068,-0.1747817,-0.3060703,-0.7954968,0.01637422,-0.002497808,-0.002366183,-0.4923576,-0.1797132,-0.3073534,-0.7942424,0.01666379,-0.0064236,0.001389232,-0.4921167,-0.1831123,-0.3069872,-0.7937568,0.003795447,0.008675468,0.003630549,-0.4911545,-0.1871214,-0.3047939,-0.7942629,0.00214344,0.001010501,0.008134966,-0.4898995,-0.1907292,-0.3027017,-0.7949796,-0.005220931,0.01638138,0.01092262,-0.4884061,-0.1927337,-0.2991889,-0.7967429,-0.004778183,0.0006279285,0.004800001,-0.4869471,-0.1956878,-0.297527,-0.7975377,-0.01225416,0.00820868,0.002636386,-0.4850921,-0.1988661,-0.2974429,-0.7979133,-0.02102858,0.01429279,0.01291367,-0.4836699,-0.2009096,-0.2971259,-0.7983828,-0.01870563,0.002490708,0.01427314,-0.4840304,-0.2011715,-0.2961731,-0.7984523,-0.0106104,0.002994063,0.003832727,-0.484856,-0.2003474,-0.2947344,-0.7986909,-0.01044654,0.0009492349,-0.003714863,-0.4861608,-0.1970637,-0.2910239,-0.8000741,-0.004480859,-0.001765143,-0.0007930065,-0.4876174,-0.1925211,-0.2852068,-0.8023852,-0.006717082,-0.006160156,-0.00204687,-0.489678,-0.1873601,-0.2777318,-0.80497,-0.001548235,0.001084895,0.001060243,-0.4908531,-0.1837602,-0.2721919,-0.8069739,-0.009424218,0.006020023,-0.001664395,-0.4924051,-0.178518,-0.265953,-0.8092821,-0.01167955,0.001049595,-0.003978744,-0.4947261,-0.1724329,-0.2586456,-0.8115512,-0.01018112,0.0003752789,0.0001891468,-0.4968018,-0.167187,-0.2525234,-0.813307,-0.01303009,-0.002281917,0.003552508,-0.4994946,-0.1622878,-0.2474166,-0.8142192,-0.01428416,0.0005127872,-0.00300335,-0.5024871,-0.158787,-0.2449073,-0.8138266,-0.01036153,0.0006804423,-0.008972706,-0.5050156,-0.1573654,-0.2457063,-0.8122954,-0.01046443,-0.002224347,-0.01247289,-0.5079307,-0.1554635,-0.2463458,-0.8106487,-0.006245567,0.002559463,-0.01274106,-0.5114182,-0.1530354,-0.2469118,-0.8087435,-0.005348447,0.004914219,-0.01578836,-0.513738,-0.1504502,-0.2467652,-0.8078026,0.003543043,0.00536078,-0.009969398,-0.515304,-0.1483863,-0.2473282,-0.8070142,0.005595969,0.0007073799,-0.01133845,-0.5164797,-0.1472853,-0.2483703,-0.8061439,0.000839424,0.008938426,0.004127144,-0.517361,-0.1450246,-0.2469418,-0.8064274,0.01046154,-0.01251987,0.007588774,-0.5189426,-0.1431933,-0.2448174,-0.8063862,0.01472365,0.007569957,0.006601223,-0.5189275,-0.1416068,-0.2425045,-0.8073744,0.008328993,0.0006037138,0.01443428,-0.5185528,-0.1414798,-0.2425101,-0.8076356
0,1,0,-0.002247747,-0.321896,0.1849095,-0.6358147,-0.1996434,-0.1661788,-0.7268196,0.1129227,-0.2900963,0.2049723,-0.6177806,-0.1832438,-0.1534226,-0.7491531,-0.02016746,-0.1112832,0.02281988,-0.5827302,-0.151383,-0.1428637,-0.7855563,-0.01599962,-0.00632149,-0.04549559,-0.5587265,-0.1389786,-0.1450967,-0.8046468,-0.05214117,0.1538371,-0.01817538,-0.5492246,-0.1378527,-0.1538072,-0.8097482,0.02422968,0.2207492,-0.08486891,-0.5607783,-0.1472174,-0.1588127,-0.7991452,0.01179564,0.2542755,-0.04251252,-0.5761936,-0.1575034,-0.1613998,-0.7855849,0.03674812,0.4995266,-0.04714225,-0.6097659,-0.1817596,-0.1629917,-0.7540442,-0.146038,0.6254366,0.1422566,-0.6330284,-0.2015933,-0.1629374,-0.7294426,0.009486405,0.4631401,0.07132239,-0.6349304,-0.2187291,-0.1709815,-0.720962,-0.0283044,-0.007705034,-0.08255944,-0.6188985,-0.2271913,-0.1888874,-0.7277846,-0.01541829,0.3933932,-0.2329019,-0.5955831,-0.2308726,-0.2052375,-0.7415229,-0.1280906,-0.02750992,-0.3810204,-0.5888671,-0.2364932,-0.2148862,-0.7423816,-0.06358386,-0.1819712,-0.2521622,-0.5889043,-0.2409627,-0.2247773,-0.7379728,0.2329902,-0.2462308,0.01083316,-0.5911282,-0.2443309,-0.2291129,-0.7337418,-0.05119636,-0.2998725,0.001484328,-0.6022649,-0.2472852,-0.2282726,-0.7238913,0.0008497323,-0.09817419,0.09534238,-0.6171414,-0.2443061,-0.2205267,-0.7147161,-0.08083638,-0.2697231,0.07792359,-0.6326824,-0.2441412,-0.2066257,-0.7052758,0.09554124,-0.538745,0.04857042,-0.6363376,-0.2391089,-0.1961988,-0.7066876,-0.02472295,-0.3784667,0.1373545,-0.6257485,-0.2145577,-0.1786163,-0.7283543,0.03553059,-0.2447206,0.1240462,-0.6040587,-0.1861027,-0.161095,-0.7579757,-0.02634345,-0.1267709,0.1042253,-0.5816798,-0.1653665,-0.1568666,-0.7808299,-0.07033731,0.0453398,0.05575241,-0.5488472,-0.1492479,-0.1637394,-0.806028,-0.002419274,0.1662975,-0.0227961,-0.5434717,-0.1503851,-0.1701707,-0.8081242,-0.02639217,0.2276781,0.004370774,-0.5522627,-0.1587221,-0.1792262,-0.7985556,0.07315588,0.1588917,0.002775742,-0.5754617,-0.1722582,-0.1814656,-0.7786149,-0.1174425,0.4426638,0.09901976,-0.5959398,-0.1855951,-0.1804084,-0.760173,-0.1540397,0.5722358,0.1013782,-0.6123645,-0.2123406,-0.186857,-0.7382449,0.08906017,0.2695123,-0.08206125,-0.6033866,-0.2255479,-0.1954669,-0.73949,0.02853172,0.015861,0.1454672,-0.5893141,-0.2286617,-0.2092009,-0.7460948
0,1,0,-0.02398263,-0.4169331,0.16832,-0.6233186,-0.2127425,-0.181811,-0.7301775,-0.02355113,-0.1424453,0.1056933,-0.5986087,-0.1832793,-0.1642652,-0.7622947,0.003128483,-0.09906644,-0.075421,-0.5762544,-0.1598507,-0.1564781,-0.7860619,-0.0376475,0.02984951,-0.09776799,-0.5614241,-0.142273,-0.1545296,-0.8004261,-0.07372346,0.1610156,-0.04116889,-0.5548622,-0.1412513,-0.1618904,-0.803721,0.006472358,0.1752028,-0.01211575,-0.5584208,-0.1531373,-0.1734582,-0.7966351,-0.004597392,0.2147425,-0.03311195,-0.5747917,-0.1706979,-0.182536,-0.7792031,0.01327417,0.1876254,-0.1143973,-0.5955302,-0.1844097,-0.1873281,-0.7591079,-0.04127031,0.3889296,0.03911022,-0.613277,-0.1997363,-0.1928016,-0.7394757,-0.08765791,0.4923317,0.2448643,-0.6287788,-0.2205192,-0.199866,-0.7183747,-0.01909774,0.2307851,0.1053263,-0.6308962,-0.2329874,-0.2061922,-0.7107543,-0.04896221,0.09679629,0.01497954,-0.6082111,-0.2341863,-0.2253469,-0.7241925,0.09397512,-0.06806591,-0.1353428,-0.5885068,-0.2407178,-0.2368896,-0.7345734,-0.08118897,-0.01635716,-0.1109354,-0.5754837,-0.2412983,-0.2502444,-0.7402509,0.03498578,0.007121256,-0.1382908,-0.5603691,-0.2473307,-0.2669896,-0.7439963,-0.05592081,-0.09388771,0.08811046,-0.551182,-0.2498161,-0.2769817,-0.7463721,0.08703633,-0.1867777,-0.06018909,-0.5543523,-0.2499271,-0.2736159,-0.7452276,0.05387776,-0.1339137,-0.2132149,-0.5666586,-0.250819,-0.2706974,-0.736689,-0.03064869,0.0004665945,-0.09780905,-0.588991,-0.2480484,-0.2532867,-0.7262282,-0.04455864,-0.3027811,0.02614463,-0.6148717,-0.2397688,-0.2254155,-0.7166808,-0.02172637,-0.3584275,0.1246061,-0.6228738,-0.2206225,-0.2048166,-0.7220832,0.04173624,-0.3001766,0.2029285,-0.6210151,-0.1991028,-0.1844549,-0.7353059,0.001928161,-0.2439366,0.1046167,-0.6058072,-0.1750543,-0.1642857,-0.7585274,-0.004815439,-0.07783367,0.04381192,-0.5879759,-0.1467003,-0.1503836,-0.7811198,-0.06274357,0.04783401,-0.005289474,-0.5677849,-0.1279972,-0.1463988,-0.7998777,-0.149009,0.1389952,-0.04943359,-0.5600689,-0.1309334,-0.155982,-0.8030248,-0.11188,0.1657519,-0.0535344,-0.5605704,-0.1486343,-0.1680425,-0.7971389,-0.08067144,0.2571211,-0.07253172,-0.5718966,-0.1669874,-0.1758605,-0.7836598,-0.02791637,0.2442632,-0.08226622,-0.590493,-0.1843372,-0.1816396,-0.7644244,-0.07165078,0.01422306,0.0679196,-0.612839,-0.208652,-0.1916358,-0.7376777
0,0,1,-0.03839837,0.0274507,-0.06549679,-0.7751978,0.01557899,-0.006050736,-0.6314974,-0.01131874,-0.046527,-0.05150465,-0.7780645,0.01866549,0.008768767,-0.6278458,-0.06967159,-0.02800258,-0.1074505,-0.7743862,0.02728698,0.02382582,-0.6316754,-0.1011616,-0.05565885,0.06279143,-0.7711623,0.0411303,0.03887209,-0.6341182,-0.09850519,0.1164683,0.01356521,-0.7696717,0.04638821,0.04068801,-0.6354511,0.1565419,0.09574125,0.07094745,-0.7657606,0.04089779,0.05322811,-0.639613,0.01052624,-0.07813465,0.08124006,-0.7650304,0.04648218,0.06305301,-0.6392123,0.06680693,0.08197244,0.0001874936,-0.7620878,0.03270352,0.0709348,-0.6427449,-0.005193648,0.0447639,-0.01532862,-0.762359,0.0222353,0.0784463,-0.6419972,0.01219253,0.01363131,-0.0544361,-0.7645247,0.01799497,0.07207125,-0.6402997,0.08652506,-0.001420011,-0.05296249,-0.7680942,0.01568273,0.05617851,-0.6376749,0.03123241,-0.03807355,-0.1273045,-0.768672,0.009952337,0.03861201,-0.6383991,0.1191109,-0.007311764,-0.002358682,-0.7645174,-0.007885933,0.02111158,-0.644209,0.1558622,0.0440537,0.09751692,-0.7631216,-0.02330497,0.02524516,-0.645341,-0.047235,0.05656471,0.1109065,-0.7651677,-0.01507765,0.01898107,-0.6433746,-0.02601671,-0.08365492,0.1235479,-0.7682065,-0.01602498,0.01471934,-0.6398323,-0.08870059,-0.0189492,0.02190754,-0.7730072,-0.002101153,0.01147044,-0.6342901,-0.003437037,0.09879561,-0.003460268,-0.7758982,0.01263267,0.004540682,-0.6307153,-0.0474594,0.0007366514,-0.007982943,-0.7808679,0.0155254,0.0060049,-0.6244744,-0.0437633,-0.02255884,-0.02379265,-0.7837432,0.0154413,0.009090722,-0.6208265,-0.03993065,0.01597265,-0.03236642,-0.7845282,0.01781112,0.01454571,-0.6196666,-0.04703789,-0.03321447,-0.04457239,-0.7842197,0.02131599,0.02867961,-0.6194534,-0.08206171,-0.04760013,0.03258737,-0.782971,0.0296298,0.04501653,-0.6197192,-0.03320769,-0.02788666,0.01667232,-0.7838396,0.0383715,0.05295032,-0.6175105,-0.02295647,0.04144523,0.004655272,-0.7816311,0.04347369,0.05524945,-0.6197664,-0.01979658,0.01750741,0.02759076,-0.7798999,0.03809285,0.04751825,-0.6229342,0.06327073,0.02730278,0.05555062,-0.7757269,0.02515388,0.04458314,-0.6289891,0.07757489,-0.01147212,0.003094726,-0.7736252,0.01960635,0.04646605,-0.6316332,0.04954934,0.02085934,0.04831241,-0.7707694,0.006436855,0.04671764,-0.6353666,-0.0005885249,0.01234667,-0.003548289,-0.7693568,-0.01268414,0.04390806,-0.6371822
0,1,0,-0.0283296,0.1251106,-0.02992054,-0.04198506,-0.6145426,-0.7395641,-0.2713292,-0.03662398,0.0172744,0.1507397,-0.05578765,-0.6261016,-0.7260923,-0.2787015,0.02809929,-0.1030798,0.02535115,-0.0779615,-0.6446325,-0.7038199,-0.2881122,0.01583691,-0.06450246,-0.004162822,-0.08117571,-0.6476216,-0.6979488,-0.294727,0.05882529,-0.08819658,-0.07828659,-0.07688245,-0.6407675,-0.7054737,-0.2929385,0.03004086,-0.09019132,-0.05637852,-0.07069457,-0.6391155,-0.7084467,-0.2909243,0.02838751,-0.04345145,-0.03553504,-0.06821272,-0.6368071,-0.7111777,-0.2899137,0.01405069,-0.04359712,-0.0001909945,-0.06684947,-0.6377414,-0.7098606,-0.2914017,0.04860711,-0.01294085,0.1199863,-0.06020418,-0.6472358,-0.7050289,-0.2835409,-0.03135476,-0.0434035,0.1706286,-0.07047266,-0.6618761,-0.692526,-0.2781389,0.05913709,-0.1767017,0.2259927,-0.0777587,-0.6855537,-0.6711189,-0.2712364,-0.04098682,-0.07891282,0.1819782,-0.09012797,-0.7127688,-0.6437083,-0.2635853,-0.005902158,-0.1108253,0.1723792,-0.09997609,-0.7376817,-0.6189148,-0.2505491,0.06921424,-0.01436008,0.2382987,-0.09883142,-0.7627664,-0.5919304,-0.2409109,-0.006829659,0.06630592,0.1677629,-0.1006827,-0.7843274,-0.5675054,-0.2294148,0.007786965,0.03453801,0.1423973,-0.1057378,-0.7957777,-0.5528193,-0.2234911,-0.0532235,0.03975477,0.06587191,-0.1102014,-0.805321,-0.538911,-0.2211078,-0.05312448,0.003303991,0.09347727,-0.1312112,-0.812585,-0.5239947,-0.2189034,-0.01232204,0.02371366,0.05587837,-0.1333474,-0.8198783,-0.5143842,-0.2131358,-0.01726108,0.04382488,0.04833819,-0.1330063,-0.8243163,-0.5082548,-0.2109242,0.01168563,0.01760388,0.03329806,-0.1400588,-0.8265908,-0.5017143,-0.2131054,-0.02849399,-0.0263306,0.01530937,-0.1528192,-0.8258138,-0.4976614,-0.2168201,-0.02581312,-0.05927608,0.0180024,-0.1639366,-0.8237652,-0.4959733,-0.2203316,0.03103899,-0.05941971,-0.02172028,-0.1645381,-0.8213122,-0.499456,-0.2211719,-0.001349725,-0.05876582,-0.06269361,-0.1646563,-0.8164192,-0.5051732,-0.226159,0.0731146,-0.04443267,-0.07504108,-0.1704345,-0.8082248,-0.5128307,-0.2339434,0.01467422,0.02244681,-0.1243161,-0.1643327,-0.8017968,-0.5211666,-0.2418722,0.008825424,0.009244271,-0.1358352,-0.1621386,-0.7897216,-0.5335941,-0.2555939,0.02425686,-0.03343464,-0.1358203,-0.1643667,-0.7816806,-0.5406203,-0.263986,0.006384896,0.02436473,-0.1447178,-0.1596435,-0.7678756,-0.5580613,-0.2710142
1,0,0,0.05350103,0.09835075,0.1918213,0.5789723,-0.8141353,-0.0345174,-0.02799118,0.03725018,-0.005621334,0.2175125,0.5810459,-0.8125387,-0.01097238,-0.04523407,0.04107869,0.1335893,0.1074081,0.5817966,-0.8115762,-0.003799953,-0.0533133,0.05824846,0.1006117,0.1110376,0.5823455,-0.8103212,0.001615569,-0.06519628,-0.09208089,0.03671503,0.3231671,0.5825586,-0.8099698,0.0007891245,-0.06762928,0.07353032,0.01966496,0.186606,0.5835943,-0.8105461,-0.01145944,-0.04797363,-0.004521788,0.08234739,0.1861922,0.5844933,-0.8099239,-0.04046656,-0.02744317,0.009898006,0.1048218,0.05624963,0.5831196,-0.8094841,-0.06845912,-0.004528716,-0.04356416,0.06038534,-0.09627602,0.5799689,-0.8105079,-0.08097105,0.01251496,-0.01064467,0.05700961,-0.1824282,0.5779099,-0.8119648,-0.08074564,0.01461192,-0.001926581,-0.02179622,-0.4017903,0.5733787,-0.8168416,-0.06307982,-0.005254265,-0.0700151,-0.1214222,-0.3309658,0.5735171,-0.8177119,-0.04200829,-0.02570014,0.02343324,-0.00644461,-0.2430373,0.5761428,-0.8162493,-0.02829709,-0.03155771,0.04437278,0.06702404,0.0554523,0.5785001,-0.8136985,-0.03501738,-0.04479084,-0.02930973,0.1039408,0.1748107,0.5787468,-0.8134568,-0.02655189,-0.05133472,-0.02276049,0.002345062,0.1267449,0.5787239,-0.812287,-0.006881591,-0.07225764,0.06353623,0.01651937,0.2372097,0.5790045,-0.8125694,0.01126199,-0.06601375,0.02938703,0.1197033,0.2817528,0.5840898,-0.8102626,-0.006615246,-0.04764333,-0.03235095,0.06708145,0.2356996,0.5883245,-0.8074046,-0.02787576,-0.03456794,-0.001132729,0.01589296,0.01019107,0.5869068,-0.8078933,-0.04932765,-0.02038808,-0.02716919,0.04328874,-0.08818666,0.5824773,-0.809191,-0.07698613,-0.001802858,-0.02884305,0.06524896,-0.2569565,0.5774283,-0.8114657,-0.08930357,0.01116941,-0.0009741729,0.06364644,-0.4507721,0.5700573,-0.8167585,-0.08889678,0.006127711,-0.04001554,-0.02048991,-0.4512749,0.5696777,-0.8192477,-0.06189604,-0.02166784,-0.02160628,-0.05395246,-0.1582593,0.5738803,-0.8164723,-0.04392055,-0.04588405,-0.02221854,-0.009033328,0.03733165,0.5743204,-0.8153799,-0.0496107,-0.0533883,0.01443556,0.04408768,0.08205412,0.5753838,-0.8144318,-0.05899056,-0.04641374,0.07763247,0.08935819,0.2307902,0.5748767,-0.8142175,-0.06196828,-0.05221648,0.001086281,-0.00005544639,0.4488022,0.5761104,-0.8151156,-0.04696895,-0.03843562,0.1247796,0.06593665,0.4305735,0.5775629,-0.8132817,-0.06549364,-0.02654381
0,1,0,-0.003593911,-0.5193501,0.07906092,0.3880623,-0.5749913,-0.5711876,0.4387909,0.04215613,-0.06298988,-0.1545937,0.3831896,-0.5271056,-0.5970066,0.4678767,0.02882498,0.3452007,-0.1522049,0.3825212,-0.493966,-0.6113514,0.4857207,-0.04713414,0.3321929,-0.06580114,0.3964414,-0.4782792,-0.6103861,0.4914387,0.04216618,0.413245,-0.07644558,0.4214709,-0.4726979,-0.5993872,0.4895446,0.03766477,0.4886576,0.06037946,0.4455336,-0.4833127,-0.5811875,0.4797183,0.0474004,0.644236,0.3453412,0.4617008,-0.4754843,-0.5683125,0.4876145,-0.0341871,0.3167913,0.2355787,0.4546864,-0.4639035,-0.5694937,0.5037169,-0.03078705,0.2343436,-0.03275468,0.4339164,-0.4522232,-0.5780929,0.5225124,-0.02906391,-0.08568243,-0.0618812,0.4175154,-0.4317351,-0.5873855,0.542461,0.04204911,-0.04257018,-0.1421219,0.413178,-0.4215033,-0.5906243,0.5502561,0.1056409,-0.1996457,-0.2311646,0.4130456,-0.4177149,-0.5927698,0.5509369,-0.1461909,-0.03191709,-0.06332684,0.4083321,-0.4296252,-0.5884579,0.549913,0.0008147942,-0.02988228,-0.06787504,0.4107041,-0.4365404,-0.5803352,0.5513307,0.05890568,0.05706642,-0.05957178,0.4259368,-0.4361941,-0.5647231,0.5562376,0.06988599,-0.1675525,-0.03986242,0.432944,-0.4502598,-0.5538244,0.5505489,-0.07853834,-0.4979049,0.05800032,-0.4382654,0.4622088,0.5430767,-0.5471327,-0.042257,-0.6745799,0.1025634,0.4460402,-0.4660484,-0.5411958,0.5394017,0.01944589,-0.4524921,0.09991606,0.438147,-0.4618437,-0.5527308,0.5377883,-0.07191582,0.0006627432,-0.05452959,0.4318668,-0.4510601,-0.5649614,0.5393093,0.01842549,0.1272734,-0.1191944,0.4339977,-0.4497149,-0.5692661,0.5341709,0.05369562,0.2901223,-0.0690567,0.437203,-0.4533458,-0.5682101,0.5295926,-0.007149754,0.3495078,-0.06573004,0.4453888,-0.470155,-0.5624058,0.5140844,-0.0382774,0.4623868,0.07234338,0.4680421,-0.4966695,-0.5407545,0.4917728,-0.02822797,0.7318405,0.2583616,0.4910274,-0.495953,-0.5210412,0.4913642,0.0538065,0.2652149,0.1035619,0.4885665,-0.4837835,-0.5224897,0.5042427,0.1171429,-0.04902938,0.08734058,0.4740556,-0.4728499,-0.5328476,0.5174531,-0.1245873,-0.01923851,-0.1167615,0.4535322,-0.4607667,-0.5484288,0.5303097,-0.0516336,0.0377008,-0.1742331,0.4425772,-0.4516563,-0.5581327,0.5372334,0.02041299,-0.1248467,-0.2767751,0.440387,-0.4506862,-0.5620621,0.5357493
0,1,0,-0.02118252,0.3006147,-0.007964782,-0.6020845,-0.2766848,-0.2818512,-0.6939017,0.005515972,0.1476015,0.003787725,-0.5818078,-0.2747546,-0.3054529,-0.7019317,0.05953331,0.2025777,-0.06305906,-0.558596,-0.2747687,-0.3199902,-0.7141981,0.09850406,-0.090701,-0.2395561,-0.5442331,-0.2795249,-0.329027,-0.7193173,0.01305035,-0.02226662,-0.06188956,-0.5442113,-0.2789196,-0.3360893,-0.7162973,0.09622925,0.02608242,-0.01859104,-0.5406226,-0.2826668,-0.3444483,-0.7135699,-0.0606692,-0.2423294,-0.2618847,-0.5469375,-0.2886318,-0.3386226,-0.7091443,-0.05272572,-0.05935991,-0.03016549,-0.5536627,-0.282339,-0.3286231,-0.7111604,0.01260194,-0.1378766,0.1098033,-0.5671245,-0.2780611,-0.3117635,-0.7098275,0.06034567,-0.3988385,0.005448267,-0.576282,-0.2755599,-0.2981585,-0.7092723,0.06091728,-0.483535,0.1288642,-0.5822039,-0.2686788,-0.2835298,-0.7130646,-0.02032777,-0.3223369,0.0971897,-0.5738255,-0.2466019,-0.2701313,-0.7327625,-0.1258917,-0.1384528,0.1018909,-0.5512127,-0.2186099,-0.2604081,-0.7619461,0.003188686,0.01793296,-0.03293821,-0.5317173,-0.2075289,-0.2604411,-0.7787033,-0.003628546,0.08366882,-0.07011691,-0.5213624,-0.2089726,-0.2700113,-0.7820522,0.004960475,0.2200893,-0.01363824,-0.5207291,-0.2157277,-0.2787331,-0.7775671,-0.01643564,0.1617999,-0.04292441,-0.5373099,-0.2351127,-0.2869958,-0.7573991,-0.006337731,0.2260772,0.03800767,-0.5564655,-0.2520279,-0.2883317,-0.7373552,-0.08671346,0.2417675,0.1877005,-0.5778767,-0.2768341,-0.2883177,-0.7115436,-0.04504168,0.4637791,0.2344824,-0.5813806,-0.2886611,-0.2900974,-0.7032175,0.1000782,0.1734016,-0.0664886,-0.5756905,-0.2902778,-0.2999999,-0.7030784,-0.03038676,0.07532886,0.01889009,-0.5689676,-0.2823166,-0.3089741,-0.7078899,-0.02802297,-0.0392061,-0.0197169,-0.5571942,-0.2812378,-0.3196658,-0.7129191,-0.07794645,-0.08093684,-0.1512199,-0.547729,-0.2981834,-0.3318346,-0.7077892,-0.01780267,-0.06461887,-0.1990351,-0.5480612,-0.3061461,-0.3324808,-0.7038181,-0.1229377,-0.07754046,-0.07327148,-0.5574981,-0.3120889,-0.329,-0.6953815,-0.005509016,-0.1166352,-0.02128258,-0.5665331,-0.3183268,-0.3249151,-0.6871233,-0.1224689,-0.1019416,-0.08513723,-0.582051,-0.3153298,-0.3167143,-0.67932,-0.007186552,-0.2260614,0.01937677,-0.5938944,-0.316447,-0.3074566,-0.6727713,0.05226741,-0.4310035,0.09311105,-0.5993766,-0.3063329,-0.2947556,-0.6782529
1,0,0,0.07618894,-0.003343231,0.1946336,-0.7963261,-0.601821,0.01774739,-0.05797655,0.04656182,0.1579866,0.2382989,-0.7946948,-0.5984734,-0.0149411,-0.1003321,-0.0005040288,0.09697506,0.290375,-0.797123,-0.5954065,-0.02424011,-0.09746,0.04075585,-0.04883604,0.321896,-0.7993774,-0.5961591,0.007825274,-0.07435617,-0.03036456,-0.1098629,0.1636811,-0.7992285,-0.5971432,0.01262326,-0.06704088,-0.05167954,0.06660723,0.007169296,-0.7978265,-0.5928656,-0.01535606,-0.1083854,-0.04041497,0.0937615,-0.2355829,-0.7995126,-0.5866345,-0.03092661,-0.1252322,0.0103439,0.07642081,-0.4192748,-0.8062121,-0.581452,-0.01130268,-0.1086641,0.05260237,-0.1022667,-0.3062609,-0.8056962,-0.5887395,0.02270405,-0.06102402,-0.04784788,-0.1788898,-0.2136788,0.802728,0.594219,-0.04780996,0.0156723,-0.0759709,-0.0920951,0.03147558,0.7997762,0.5989203,-0.03248119,0.02444307,0.03554581,0.0697984,0.2994117,-0.793702,-0.6020919,-0.001484126,-0.08671925,0.005110416,0.1937168,0.2659607,-0.7949414,-0.5957793,-0.02511596,-0.1117331,0.002255029,0.1068567,0.26948,-0.8046297,-0.5814053,-0.02080037,-0.1187691,0.0495774,-0.2206139,0.2574236,-0.7984742,-0.5989759,0.02659834,-0.05440037,-0.1156987,-0.1520636,0.1513183,-0.7993753,-0.5986438,0.01377285,-0.04934708,0.001251973,0.02811278,0.1408588,-0.7986923,-0.59496,-0.01154291,-0.08933002,0.0874316,0.1263051,0.1250381,-0.8010927,-0.5834007,-0.02838619,-0.1307216,-0.004633914,0.0890182,0.0542014,-0.8044902,-0.578426,-0.04339963,-0.1278096,-0.05213546,0.07649702,0.03238835,-0.8102635,-0.5750774,-0.04057354,-0.1054181,0.0889321,0.06018809,-0.2687544,-0.8110694,-0.5797406,-0.05520042,-0.05495435,0.05145062,-0.1192,-0.282907,-0.8053919,-0.5923425,-0.0193417,-0.01000803,-0.1759865,-0.3694072,-0.217849,-0.8105556,-0.5855063,-0.01348514,0.0002024556,-0.1599883,0.1328696,-0.09631657,-0.8059565,-0.590093,-0.01515163,-0.04466233,-0.1798878,0.03496576,1.040396,-0.8152826,-0.5699457,-0.009890866,-0.1018744,0.2967502,0.2168411,-0.2442299,-0.8269917,-0.5469944,-0.005401973,-0.1298175,-0.3974303,-0.04022776,-0.1173917,-0.8305812,-0.52134,0.05015108,-0.1892731,0.1497499,-0.1146559,0.05285968,-0.8214026,-0.5256252,0.007712178,-0.2212611,0.08205401,-0.08094039,-0.05982329,-0.7950635,-0.5492334,-0.07072817,-0.2474149,0.04503782,-0.03688878,0.04837845,-0.7653066,-0.5652201,-0.1479111,-0.2701007
1,0,0,-0.09728442,0.05247742,0.08059998,-0.05025492,-0.08161258,-0.9322994,-0.3487574,0.07720964,0.1070295,0.08206725,-0.0491673,-0.07269154,-0.9306241,-0.3552989,0.04415365,0.06476841,0.1018898,-0.02927283,-0.06724346,-0.9440209,-0.3216302,-0.03231296,0.0741095,0.09008688,-0.03193278,-0.05500475,-0.9432703,-0.3258768,-0.006641458,0.0480424,0.0522793,-0.02549986,-0.0491759,-0.9461548,-0.3189396,-0.02394596,0.09365273,-0.04326395,-0.02090218,-0.03661897,-0.9487739,-0.3131297,-0.008805299,0.2143937,0.3470117,-0.01510437,-0.01960806,-0.9522297,-0.3043779,0.04801447,0.3474333,0.2501853,0.01023288,0.04525987,-0.9746773,-0.2187482,0.01480024,-0.2130124,-0.03779883,0.01083614,0.04304397,-0.9739463,-0.2223926,-0.03794325,-0.09071902,-0.1113864,0.003181448,0.02010805,-0.9673417,-0.2526569,0.02212098,-0.05949538,-0.1651986,-0.001533425,0.00333566,-0.9611391,-0.27604,-0.04623116,-0.1364479,-0.06530009,-0.006779492,-0.01725027,-0.9568089,-0.2901258,-0.03051718,-0.07576666,-0.08095843,-0.01500102,-0.02820384,-0.9517851,-0.3050977,0.02475707,-0.05429135,-0.04736362,-0.02028226,-0.033865,-0.9498289,-0.310269,-0.003750357,-0.06258586,-0.02890387,-0.02025571,-0.04804908,-0.9493398,-0.3098951,0.0124228,-0.06018232,-0.02201056,-0.02204886,-0.05710189,-0.9496211,-0.3073643,-0.03770978,-0.05910946,0.000169989,-0.03276024,-0.06353153,-0.9447852,-0.3197989,0.02216567,-0.03206397,0.009394518,-0.03176483,-0.07102881,-0.9451421,-0.3172575,-0.007146678,-0.05113251,-0.005720402,-0.03496679,-0.07584672,-0.9449393,-0.3164085,0.01048351,-0.009104574,0.03680252,-0.03465024,-0.08060768,-0.9457827,-0.3127248,0.02313505,-0.02429295,-0.003069138,-0.03599661,-0.0818404,-0.946941,-0.3087216,0.01951302,-0.0253445,-0.004052507,-0.03401357,-0.08735061,-0.9464177,-0.3090413,-0.007107266,-0.004839326,0.03896667,-0.03521675,-0.09008911,-0.9461333,-0.3089912,-0.009404914,-0.04979391,-0.09952953,-0.03658652,-0.09007633,-0.9459645,-0.3093523,0.01347129,-0.05450547,-0.01850303,-0.03837674,-0.09517226,-0.9399105,-0.3256341,-0.01926045,0.04101773,0.01548475,-0.03941476,-0.09283132,-0.940311,-0.3250294,0.04774158,0.04763836,0.001571718,-0.0386309,-0.08595872,-0.9414839,-0.3236153,0.01883404,0.05961153,0.08131164,-0.03075678,-0.08295012,-0.9478806,-0.3060976,-0.1225447,0.09250247,0.095199,-0.03665332,-0.0724701,-0.9502959,-0.3005701,-0.04173104,0.06297977,-0.01791653,-0.04519432,-0.05601723,-0.9500393,-0.3037185
0,1,0,0.01140863,-0.007568595,0.003126247,-0.1267938,-0.7446833,-0.6515175,-0.06996456,-0.09868568,-0.04042947,0.02413996,-0.1408788,-0.7398976,-0.6535187,-0.07495394,-0.1808998,-0.004813081,-0.04527621,-0.1910563,-0.7281932,-0.6528629,-0.08367893,-0.1767085,-0.0006005046,0.02892413,-0.2420708,-0.7127767,-0.6510972,-0.09707507,0.04243504,0.144349,-0.02024835,-0.2692845,-0.7051792,-0.6467747,-0.109044,-0.04877374,0.1146517,-0.02403666,-0.2767943,-0.6992092,-0.648837,-0.1161984,-0.03447667,-0.05876708,0.0135711,-0.3163627,-0.6883926,-0.6384276,-0.135795,0.06488958,-0.01758812,-0.05233833,-0.3133026,-0.6858434,-0.6408275,-0.1442236,0.04953738,-0.04165732,-0.02827932,-0.2959332,-0.6879923,-0.6460137,-0.1475,0.05652809,-0.06847591,-0.01428252,-0.2826262,-0.6907657,-0.646692,-0.1573358,0.1117917,-0.03553315,-0.08064859,-0.264388,-0.6912968,-0.6516058,-0.1661856,0.02261308,-0.03467951,-0.05488552,-0.2496702,-0.681533,-0.6662091,-0.1712981,0.07859866,-0.05909277,-0.03848625,-0.2369933,-0.6782995,-0.673067,-0.1752846,-0.009190037,0.113893,0.02299753,-0.2370239,-0.6847628,-0.6651371,-0.1803113,-0.1023715,0.05401333,0.02413235,-0.2622621,-0.6775047,-0.662092,-0.183957,0.06899722,0.07728529,0.08255177,-0.2649457,-0.6805503,-0.6576094,-0.1849457,0.03518752,-0.07463227,0.08271743,-0.2578132,-0.688383,-0.6534925,-0.1805794,0.06703274,-0.02062945,0.02225468,-0.2294178,-0.7006986,-0.6527108,-0.1742347,0.07801932,0.03343279,-0.004706249,-0.2170637,-0.707252,-0.6502477,-0.1727884,0.04283999,0.03062078,0.08603435,-0.2046263,-0.7166568,-0.6423977,-0.1784835,-0.01921704,-0.01179352,-0.006491382,-0.214615,-0.717374,-0.6365492,-0.184716,0.1444942,-0.02976208,0.02633528,-0.1904784,-0.7266129,-0.6315399,-0.1921171,0.013363,-0.03612325,0.1026299,-0.1914878,-0.7326947,-0.6225784,-0.1971978,0.04283157,0.0328037,0.02676348,-0.2007606,-0.7394938,-0.6100828,-0.2016013,0.1277536,-0.09903707,-0.08625844,-0.1606317,-0.7425363,-0.6200966,-0.1957484,-0.1015057,-0.002119125,0.0464268,-0.1621039,-0.7421356,-0.6203664,-0.1951985,-0.1345217,0.02008778,0.04643225,-0.2000719,-0.7373279,-0.614377,-0.1971287,-0.1905339,0.06943769,-0.08119607,-0.2475403,-0.7218244,-0.6147212,-0.1995269,-0.01480097,-0.0545088,-0.06486619,-0.2514366,-0.7116721,-0.6274922,-0.1911963,-0.01091191,0.003030336,-0.04653993,-0.2425718,-0.7103975,-0.6342641,-0.1849415
0,1,0,-0.0599002,0.04055395,-0.06576769,0.5208209,-0.5262794,-0.5340849,0.4080795,-0.1026263,-0.02507824,-0.02379694,0.497887,-0.541753,-0.5385802,0.4105406,-0.05177816,0.01123172,0.002830948,0.4821081,-0.5523376,-0.5387152,0.4150673,-0.01832476,0.008308553,-0.007860806,0.4752557,-0.5568755,-0.5399656,0.4152817,0.08298277,-0.004306907,0.03406441,0.4787565,-0.5556366,-0.5414239,0.4109993,0.06436016,-0.03339496,0.06210653,0.4856751,-0.5548969,-0.5440574,0.4002634,0.04171461,0.02689104,0.1128034,0.5099437,-0.5482353,-0.530181,0.3978739,-0.006276805,0.04250308,0.1206574,0.5334845,-0.5470535,-0.5078982,0.3977013,-0.02392312,0.03716535,0.1161383,0.5500975,-0.5482317,-0.4884959,0.3977517,-0.03025382,0.0564665,0.08323797,0.5555511,-0.5549552,-0.4789831,0.392381,-0.004825924,-0.06606455,0.01738383,0.553951,-0.5655811,-0.4743266,0.3850592,0.009365581,0.03802133,0.04438889,0.5511332,-0.5711982,-0.4772244,0.3771494,0.05401156,0.03052188,0.02518461,0.5560594,-0.5774621,-0.4710032,0.3680916,-0.002035346,-0.02914825,0.02143101,0.5518575,-0.5836451,-0.4760645,0.3580145,-0.01951079,0.03309038,0.04962407,0.5385704,-0.6000932,-0.4771093,0.3495665,0.03696849,0.05429758,0.07109131,0.5434967,-0.604059,-0.4730968,0.340446,-0.01145074,0.003776518,0.03064609,0.5455503,-0.6075411,-0.4698962,0.3353599,-0.006533029,-0.05620996,0.01608074,0.5386852,-0.6155459,-0.4719031,0.3289818,-0.01422936,0.01955924,0.04986398,0.5365533,-0.6211921,-0.4696859,0.3250017,-0.02454158,-0.02678951,0.03139895,0.536688,-0.6250622,-0.4629671,0.3269933,0.03019779,-0.06726722,0.0276236,0.5373697,-0.6271266,-0.4631073,0.3216793,0.02926283,-0.04730333,0.009668294,0.5288252,-0.6309767,-0.4693367,0.319273,-0.06694879,-0.09724684,-0.04482222,0.5179716,-0.63697,-0.4724772,0.3205307,-0.0555918,-0.06562246,-0.05692281,0.4979296,-0.6440336,-0.4828366,0.3227317,-0.06870399,-0.01948971,-0.001109305,0.4885072,-0.6459498,-0.4835427,0.3321085,-0.03897749,0.04694283,-0.09235407,0.4953056,-0.6388957,-0.4749684,0.3476918,0.05429451,-0.108094,-0.09592461,0.5010098,-0.6194215,-0.4833281,0.3629051,0.02263285,-0.03234449,-0.1447081,0.5194387,-0.5914346,-0.480172,0.3870702,0.07252413,0.04404281,-0.2279539,0.5319483,-0.5513068,-0.4886969,0.417453,0.04734566,0.0682253,-0.3627328,0.5280173,-0.5113291,-0.5106546,0.446063
0,0,1,-0.0006151586,-0.002671297,0.00006302867,-0.7525289,-0.0976541,-0.1288355,-0.6384084,-0.004323822,-0.005499456,0.00587031,-0.7525187,-0.09722346,-0.1279855,-0.6386571,-0.002122067,-0.001625885,0.003513402,-0.7524797,-0.0981186,-0.1289037,-0.6383814,0.009565163,-0.001917433,0.003742967,-0.7526624,-0.09817407,-0.1288948,-0.6381592,0.0103251,0.00007702019,-0.003630962,-0.7531127,-0.09729639,-0.1271108,-0.6381203,0.001653387,-0.007111433,-0.00501549,-0.7535577,-0.09399629,-0.1235656,-0.6387856,-0.002264225,-0.0003868514,-0.002886823,-0.7540644,-0.09073347,-0.1206038,-0.6392254,-0.009963266,0.002904789,-0.009653185,-0.7539797,-0.08779308,-0.1179833,-0.6402241,0.0008080495,-0.0006529212,0.002040938,-0.7536618,-0.08436444,-0.1141257,-0.6417569,-0.0109409,-0.003535052,0.001724348,-0.7536931,-0.07873163,-0.1077457,-0.6435362,-0.006822401,-0.008153735,0.00006907019,-0.7543846,-0.07438543,-0.1023825,-0.6441183,-0.02245011,0.007921507,0.01609674,-0.7552109,-0.07240546,-0.1003431,-0.6436965,0.01865379,0.004649607,-0.001105974,-0.7549309,-0.07258672,-0.09874061,-0.6442521,0.002585002,-0.005428757,0.005403533,-0.7560426,-0.07137588,-0.09495467,-0.6436526,-0.02822253,0.001158026,-0.00776224,-0.7566168,-0.07026938,-0.09337988,-0.6433299,-0.02455921,0.00006068257,0.000494456,-0.7569467,-0.07180345,-0.09551358,-0.6424586,0.01831656,-0.002277444,-0.0007299656,-0.7557961,-0.07684284,-0.09958267,-0.6426123,0.02114733,0.008500131,0.004028304,-0.7543021,-0.07926482,-0.1011044,-0.6438348,0.006727606,0.001924046,0.008749329,-0.7546036,-0.07700422,-0.09803957,-0.6442297,-0.001848752,-0.002312064,0.01098848,-0.7553684,-0.07561031,-0.09587693,-0.643824,-0.001209862,0.001110569,-0.004872281,-0.7549585,-0.07593226,-0.09508473,-0.6443841,0.02603571,-0.005697744,0.00326384,-0.7546749,-0.0734745,-0.08986357,-0.6457491,-0.02219635,0.008865101,0.0096584,-0.7549638,-0.07043037,-0.08747828,-0.6460781,-0.009271971,0.004693077,0.0009742276,-0.7560635,-0.07135817,-0.08800673,-0.6446167,0.01376573,0.007297274,0.005509898,-0.757449,-0.07313758,-0.08859557,-0.6427073,0.005044631,-0.01647892,-0.01784579,-0.7593371,-0.07331169,-0.08660853,-0.6407273,0.007738663,0.01573711,0.003228357,-0.7607176,-0.07204688,-0.08448029,-0.6395162,-0.006881151,0.02070258,0.02633348,-0.7622924,-0.07245412,-0.08431515,-0.637614,-0.01947994,0.02030114,0.02528957,-0.7647307,-0.07636362,-0.08667794,-0.6339104,-0.03220778,0.01192471,0.002418563,-0.7708483,-0.08623031,-0.09316936,-0.6242409
0,1,0,0.07235355,0.09945543,-0.02346862,-0.5689977,-0.2640345,-0.3009396,-0.7183055,0.06660944,0.07625514,0.128485,-0.5525793,-0.2650261,-0.3161115,-0.7242174,-0.0367503,-0.1441363,-0.07546444,-0.5369025,-0.2746033,-0.3397142,-0.72175,-0.07505333,-0.2018416,0.02104951,-0.5327487,-0.2789574,-0.3540766,-0.7162341,0.1761062,-0.2470933,-0.1391937,-0.5309728,-0.2899961,-0.3581677,-0.7111159,0.1054183,-0.1728716,-0.07072026,-0.5387813,-0.303449,-0.3571099,-0.7000756,0.09350589,-0.3354521,0.1557215,-0.555783,-0.3051551,-0.3441765,-0.6924796,-0.03774068,-0.1382318,0.2265585,-0.5621421,-0.2928928,-0.3349022,-0.6971734,0.0003698239,-0.443212,0.06485032,-0.5716167,-0.2862918,-0.3198116,-0.6992939,0.008941101,-0.5499592,0.07278026,-0.5683213,-0.270996,-0.3072933,-0.7135425,-0.04573208,-0.2092899,0.06802366,-0.5473984,-0.2418582,-0.2970434,-0.7440596,-0.1304746,-0.09995402,0.03091916,-0.5302184,-0.2220124,-0.2918757,-0.7644524,-0.02256564,0.07240161,-0.01845365,-0.5148149,-0.2124615,-0.2944888,-0.7765964,0.03696634,0.1785985,-0.003722132,-0.5129763,-0.2116144,-0.2941102,-0.7781863,0.01755843,0.2516195,0.0525621,-0.518971,-0.2213328,-0.2966497,-0.7705063,0.006692889,0.3884954,0.0004499409,-0.5370466,-0.239352,-0.2976704,-0.7521196,-0.01970546,0.4618573,0.01087385,-0.5695642,-0.2625778,-0.2947126,-0.7209674,0.101067,0.6745686,0.106646,-0.5744458,-0.2675632,-0.2916238,-0.7165036,-0.06761599,0.05096801,-0.03916617,-0.5744082,-0.2668684,-0.2927416,-0.7163371,0.05923169,0.1470106,0.09042649,-0.5612794,-0.2595593,-0.300044,-0.7263387,-0.000430157,0.01657694,-0.02487774,-0.5535012,-0.2581477,-0.3079919,-0.7294773,-0.08821426,-0.1323998,0.002213577,-0.5458533,-0.2628905,-0.3198401,-0.7284471,-0.1078257,-0.08252859,-0.05421874,-0.5384643,-0.2720275,-0.3354816,-0.7235394,-0.04345068,-0.02621759,-0.1128407,-0.535186,-0.2715726,-0.3392317,-0.7243935,-0.02767476,-0.2000241,-0.04473835,-0.5456843,-0.2798307,-0.3390236,-0.7134328,-0.03190196,-0.1439272,-0.0472012,-0.5546124,-0.2807102,-0.3346982,-0.708226,0.002405653,-0.255998,0.1149263,-0.5709178,-0.2791097,-0.3189684,-0.7031428,0.01919011,-0.3959429,0.1011286,-0.5833278,-0.2690818,-0.3032328,-0.7038277,-0.04186078,-0.4779935,0.1364486,-0.585027,-0.2587461,-0.2913176,-0.7112861,-0.01269982,-0.2614138,0.0596887,-0.5656104,-0.2387936,-0.2836634,-0.7366122
1,0,0,0.00568436,-0.05284531,0.0870652,0.5825269,-0.8090463,-0.06917781,-0.03634349,-0.1511568,0.07109642,-0.1233243,0.5795596,-0.8079682,-0.1057758,0.01046083,-0.04848022,0.1373202,-0.3161544,0.5745634,-0.8076138,-0.1296313,0.02885471,0.03272317,0.08933932,-0.3760898,0.5719973,-0.8108724,-0.1237117,-0.0005944967,-0.01709908,-0.0965782,-0.3274308,0.5721225,-0.8164307,-0.0680213,-0.03859969,-0.1000794,-0.2374488,-0.247833,0.5678663,-0.81973,-0.006810334,-0.07432593,-0.03023626,-0.2102813,0.006835834,0.5671912,-0.8195281,-0.0007941574,-0.08165311,0.04869211,0.0138066,0.2574494,0.5740235,-0.814646,-0.07311674,-0.03876521,-0.04374227,0.2359262,0.3248324,0.5779884,-0.8053449,-0.1311812,0.01185412,0.008014197,0.1608941,0.3807467,0.5855305,-0.8021106,-0.1152636,0.02206707,0.1091337,-0.1313114,0.2375321,0.5873236,-0.8068194,-0.05601858,-0.0309092,0.00559026,-0.1156887,0.175505,0.5855224,-0.8078769,-0.05412555,-0.03960665,-0.1125116,0.02523396,0.03194422,0.5835583,-0.8078614,-0.08229998,-0.006799631,-0.02361703,0.1403043,-0.1898836,0.5784089,-0.806052,-0.1233397,0.02259688,-0.005441314,0.07966865,-0.3869941,0.5742018,-0.8097388,-0.1208565,-0.003024619,-0.03814745,-0.06465533,-0.3340762,0.5731127,-0.8163151,-0.06807128,-0.02319096,-0.09959064,-0.1678691,-0.2712065,0.5737286,-0.8170991,-0.0250871,-0.05055001,-0.02418707,-0.1632665,-0.1554804,0.5708973,-0.8177468,-0.01145452,-0.07235437,0.02193014,-0.05609753,0.2420802,0.5727956,-0.8156565,-0.05379448,-0.06095628,-0.08481511,0.1133996,0.1780393,0.5764141,-0.811977,-0.09176844,-0.004313223,0.07862525,0.0985006,0.3080109,0.5857514,-0.8039746,-0.1012776,0.01621428,0.1284205,-0.04950251,0.4151645,0.5886226,-0.8055078,-0.06677451,-0.01489262,-0.002469624,-0.08438569,0.1985296,0.5854202,-0.808986,-0.04756961,-0.02370524,-0.03988507,0.00973373,0.05447768,0.5824354,-0.8078227,-0.08885027,-0.01723774,-0.0965744,0.1498485,-0.1602961,0.5762594,-0.8057924,-0.1359712,0.01164295,-0.06380326,0.1133638,-0.2382888,0.5738527,-0.8070869,-0.1380862,0.01536183,0.02178039,0.01196961,-0.3796958,0.5673362,-0.8179471,-0.09262215,-0.02265308,-0.03571711,-0.1683255,-0.2674868,0.5693451,-0.818639,-0.04465792,-0.06067793,-0.1001163,-0.1904864,-0.1559636,0.5664599,-0.8206793,-0.01019883,-0.07419264,-0.02948444,-0.08515878,0.0206913,0.57027,-0.8191039,-0.02677215,-0.05607251
0,1,0,-0.03275687,-0.001879312,-0.1771464,0.4360165,-0.4556691,-0.5627018,0.5344362,-0.05651531,-0.2398488,-0.006641521,0.4453393,-0.4535118,-0.5539562,0.5377102,0.0001219046,-0.1749773,0.04199788,0.4560854,-0.4569878,-0.5426438,0.537295,-0.0914753,-0.4304138,0.04135553,0.4586662,-0.4682036,-0.5366805,0.5313989,-0.02323563,-0.6774746,0.132838,0.4619151,-0.4711101,-0.5329412,0.5297768,-0.08433099,-0.4190342,0.114485,0.4516636,-0.4520553,-0.5485846,0.5391669,-0.04016573,-0.1630338,0.06424228,0.4365854,-0.4301933,-0.5685493,0.5487062,0.08368511,-0.01719933,-0.06516919,0.4143167,-0.4168155,-0.5914371,0.5520948,-0.08447321,0.2757604,-0.05482583,0.4037185,-0.4238979,-0.5983588,0.5470729,0.06028583,0.2030588,-0.06276652,0.4084055,-0.4347038,-0.5988759,0.5344016,0.1068715,0.2256605,0.07686946,0.4232851,-0.4688545,-0.5864213,0.5070654,-0.01762806,0.5689369,0.3108086,0.4385478,-0.483245,-0.5711013,0.4979894,0.01606444,0.5211917,0.1998959,0.4517261,-0.4755109,-0.5613167,0.504734,0.03297399,0.3690825,-0.08025267,0.4484766,-0.467023,-0.559911,0.51697,0.03640672,0.1255948,-0.1876641,0.4368115,-0.4616615,-0.5627269,0.5285856,-0.007128003,0.0924251,-0.1744085,0.4287004,-0.4530028,-0.5660347,0.5390818,0.05710788,-0.05970271,-0.1884522,0.4205604,-0.4497043,-0.5712534,0.542738,-0.02636796,-0.2409325,0.02834445,0.4177597,-0.4486452,-0.5736903,0.5432069,0.00699109,-0.1426001,-0.07215491,0.4249831,-0.4541748,-0.5688415,0.5380837,0.06965385,0.0009164624,-0.05144354,0.4353901,-0.4573562,-0.5624248,0.5337968,0.09348749,-0.02781032,0.1536285,0.4621213,-0.4727862,-0.5395637,0.521333,-0.04068641,-0.5328372,0.1707991,0.4722956,-0.4908654,-0.5289473,0.5061648,-0.04355537,-0.5953478,0.107734,0.4750457,-0.486972,-0.5292972,0.5069854,-0.0411383,-0.432483,0.1487484,0.4662436,-0.4708779,-0.5428112,0.5159912,0.001136941,-0.187817,0.05044682,0.4424011,-0.438961,-0.5685273,0.537002,-0.01549795,0.06261449,-0.04308935,0.427071,-0.420497,-0.5830824,0.5484592,-0.01614858,0.1565707,-0.02414989,0.4152582,-0.4217864,-0.5911508,0.5479028,-0.01032149,0.237912,-0.04444221,0.4136986,-0.4375056,-0.5910843,0.5367138,0.01827759,0.3597403,-0.009330748,0.4226881,-0.4610271,-0.5838918,0.5175511,-0.008949394,0.6077248,0.1554547,0.437748,-0.4817121,-0.5690476,0.5025086
0,0,1,0.005704934,0.007139441,-0.000494845,-0.5242135,-0.06149226,-0.1179045,-0.8411406,0.007716251,-0.01452044,0.003498584,-0.5223149,-0.06453627,-0.1255626,-0.8409853,-0.02094506,0.01008498,-0.008646586,-0.5184321,-0.06881995,-0.1366313,-0.8413227,-0.002385295,0.0005270826,-0.001235338,-0.5147456,-0.07232113,-0.1480288,-0.8413644,-0.001923921,0.006268199,0.006310988,-0.5118939,-0.0723103,-0.1552404,-0.8418053,-0.004513032,-0.002494015,0.003234799,-0.5094887,-0.07070304,-0.1645092,-0.8416407,0.004591229,0.001936786,0.007408477,-0.508544,-0.06729379,-0.1710769,-0.8411821,0.008238686,-0.0007336367,-0.00231965,-0.5083323,-0.06502147,-0.1749047,-0.8407013,0.001517952,-0.01050732,-0.007569373,-0.5081836,-0.06479765,-0.1776799,-0.8402265,-0.003034907,0.004003105,-0.0002407367,-0.5090226,-0.0645984,-0.1795945,-0.8393264,0.002147412,-0.002701055,-0.002052024,-0.5092604,-0.06449929,-0.1807908,-0.8389329,0.0002292068,0.01119778,-0.01766257,-0.5089887,-0.06491481,-0.1825142,-0.8386924,-0.001702826,-0.004967413,-0.01080407,-0.508926,-0.06781977,-0.1848554,-0.8379877,0.001568557,0.003050077,-0.01428457,-0.5081342,-0.07206669,-0.1892441,-0.8371336,0.006805742,0.004898659,-0.01019822,-0.5080861,-0.07687502,-0.191269,-0.8362743,0.009031304,0.007715634,0.007651839,-0.5092549,-0.08252005,-0.1920813,-0.8348381,0.01864131,-0.003272191,0.002131718,-0.5106375,-0.08680972,-0.1888843,-0.8342878,0.01252411,-0.001305259,-0.008020019,-0.5119709,-0.09151739,-0.185126,-0.8338098,0.005989186,-0.001767769,0.002077746,-0.5118552,-0.09862125,-0.1858008,-0.8329202,0.006550124,-0.001207136,0.00172498,-0.510833,-0.1045173,-0.1846014,-0.8330955,0.008261211,-0.008714562,-0.001864336,-0.5093501,-0.1117561,-0.184278,-0.8331354,0.006965195,0.001671299,0.008312978,-0.50824,-0.1178056,-0.182989,-0.833264,0.0002142762,0.01093969,0.007651304,-0.5067233,-0.124001,-0.1829026,-0.8333077,-0.008667941,0.01082814,0.008720445,-0.5057527,-0.1306691,-0.1839743,-0.8326423,-0.01525062,0.003104731,0.007747726,-0.5053903,-0.1369433,-0.1873519,-0.8310996,-0.008363848,-0.0009941633,-0.003811575,-0.5052012,-0.1405361,-0.1886322,-0.8303248,-0.01086782,0.005861217,0.006549828,-0.505568,-0.1441286,-0.1901166,-0.8291463,-0.01475044,-0.005741991,-0.005163416,-0.5065776,-0.1463052,-0.1935131,-0.8273612,-0.01967661,0.00296693,0.001215062,-0.5067327,-0.1472584,-0.196375,-0.8264222,-0.00964216,-0.0005499358,-0.004238396,-0.506342,-0.1485851,-0.2003159,-0.825478
0,1,0,-0.08114941,0.04344231,-0.03035668,-0.4526597,0.396556,0.5326694,-0.5950679,-0.02081661,-0.01351772,0.02630354,-0.4602029,0.3897469,0.5074794,-0.6154472,0.04043445,-0.002099092,-0.000002431193,-0.4684529,0.3775131,0.4949919,-0.6269121,0.03509614,0.01158376,-0.01491012,-0.4779308,0.3656267,0.4863518,-0.6335307,0.001106855,-0.03045857,-0.02315047,-0.4792108,0.3557675,0.4871901,-0.6375204,0.01459386,0.004652039,-0.03078323,-0.4778196,0.35248,0.4881551,-0.6396491,0.01085003,-0.01613291,-0.04481464,-0.4740183,0.3468725,0.4919741,-0.64261,-0.02246037,0.006297276,-0.01310051,-0.4720759,0.3442904,0.4857936,-0.650087,-0.0234648,-0.01934977,0.0002795629,-0.4800693,0.3361321,0.4705648,-0.6596344,-0.03282849,-0.01568353,0.00375347,-0.4818039,0.3347518,0.4619557,-0.6651339,-0.0512331,-0.05345717,-0.006982021,-0.4788794,0.3400374,0.4568052,-0.6681153,0.09669,0.006655245,0.00347629,-0.4783499,0.3393882,0.470773,-0.6590673,-0.05300734,-0.1043822,-0.0803396,-0.4707008,0.3485742,0.4808915,-0.6524416,0.1563905,-0.059756,-0.004643384,-0.4693836,0.3483204,0.5010884,-0.638171,-0.01174571,-0.1054997,-0.04173043,-0.4628128,0.3555738,0.5199237,-0.6237395,0.05096161,0.009435848,0.003522142,-0.4548327,0.3671863,0.5367569,-0.6084353,0.02661828,0.06214498,0.005492332,-0.440363,0.3843684,0.567143,-0.5802501,-0.05545025,0.08742268,0.1188998,-0.4323293,0.4091538,0.5802649,-0.5558572,0.05007957,0.03122644,0.2956685,-0.4405555,0.4334868,0.5802205,-0.5304189,-0.1623481,-0.001140716,0.2560037,-0.4443849,0.4654129,0.5668288,-0.5144101,-0.1005074,0.1048392,0.3029081,-0.4735222,0.4871212,0.5150504,-0.5226974,0.03609106,0.007409984,0.3248397,-0.5497131,0.4686209,0.4317104,-0.5402185,-0.01241842,0.1136765,0.239916,-0.6173396,0.438067,0.3688687,-0.5393746,-0.0633919,0.01074412,0.2071719,-0.6586016,0.4186088,0.3214313,-0.5363697,0.0009063153,-0.01181871,0.1240445,-0.6943503,0.3926631,0.2736724,-0.5373981,-0.1133052,0.2433362,0.08877467,-0.7158898,0.3752828,0.2389444,-0.5381173,0.100953,0.1604576,-0.06981251,-0.7262042,0.3655583,0.230063,-0.534851,-0.003209858,0.3117229,-0.1212106,-0.716556,0.3695908,0.2520183,-0.535198,-0.1114537,0.1351581,-0.04477628,-0.7417192,0.336726,0.2107412,-0.5404224,0.04420815,0.3265168,-0.2639451,-0.7222209,0.3396238,0.2043676,-0.5668214
1,0,0,-0.03903734,-0.1950794,-0.1868489,0.8393758,0.541833,-0.03562286,0.02441896,0.06471484,-0.1348538,-0.05069727,0.8348228,0.547834,-0.04452587,0.0310826,0.03224675,0.01939095,0.2379628,-0.8334544,-0.5456654,0.01294222,-0.08622997,-0.05836237,0.1289085,0.1460793,-0.8301263,-0.543317,-0.02246185,-0.123258,0.1209861,-0.06640606,0.7763382,-0.8297344,-0.5406278,-0.02734374,-0.1360682,0.009600854,-0.03435691,0.5674813,-0.8345059,-0.5367811,-0.0116211,-0.1238178,0.02175732,0.001170717,0.1323725,-0.8379245,-0.5362638,0.01053761,-0.1009587,-0.0250209,-0.03469031,-0.05201897,-0.8379496,-0.5372195,0.01235685,-0.09530503,-0.05863054,0.00905702,-0.09700255,-0.8364451,-0.5365431,-0.009302936,-0.1113307,0.031958,0.07003865,-0.2044076,-0.8345023,-0.5342732,-0.03202606,-0.1308906,0.004924053,0.08678237,-0.4252163,-0.8352793,-0.5340071,-0.02618288,-0.1282935,-0.04290878,-0.00926073,-0.2609041,-0.8376732,-0.5366934,-0.008455772,-0.1009563,-0.03709228,-0.1006633,-0.115826,-0.8385011,-0.541405,0.01980821,-0.05834532,0.1204923,-0.07269148,0.1513264,-0.8354039,-0.5439786,0.04352862,-0.06552026,0.02274494,0.0167096,0.1934176,-0.8335644,-0.5428307,0.03496403,-0.09634683,-0.1331048,0.09548774,0.1481843,-0.8318241,-0.5427001,-0.00008596107,-0.1163847,0.06421991,0.0101575,-0.03555882,-0.823254,-0.5600024,0.009017557,-0.09256789,-0.06506789,0.02561966,0.6311829,-0.8326275,-0.5452845,-0.001941938,-0.09691483,0.003682722,-0.09357817,0.2710861,-0.8328472,-0.5464336,0.0127638,-0.0872519,0.1144819,-0.02459712,0.03814308,-0.8340842,-0.5432494,0.002261605,-0.09580474,0.056263,0.0561598,0.02506443,-0.8337523,-0.5373862,-0.009287655,-0.1264383,-0.03158137,0.1071672,0.09283685,-0.8382116,-0.5260536,-0.03584273,-0.139227,-0.0196532,0.1229903,-0.05835972,-0.8384283,-0.5262008,-0.04263358,-0.1354,0.01507263,0.2637182,-0.4797461,-0.8418981,-0.528469,-0.06166208,-0.09014432,-0.03477707,-0.9863746,-0.4670543,-0.8517956,-0.5228938,-0.00912418,-0.03070742,-0.1133383,0.1212431,0.04940398,-0.8574693,-0.5086734,-0.006335214,-0.07718515,0.03751024,-0.1020209,-0.2099542,-0.8663407,-0.4788547,0.01585289,-0.1410697,0.02792153,0.2876579,-0.1200855,-0.8640965,-0.4681747,-0.01769479,-0.1839471,0.2195845,0.04649197,0.2254136,-0.8696657,-0.4290966,0.03172362,-0.2419736,0.1205715,-0.2033626,-0.09477645,-0.8637434,-0.405169,0.04103288,-0.2968193
1,0,0,0.02233631,-0.1063951,-0.1194501,0.001339823,-0.06431386,-0.950325,-0.3045397,-0.04362145,-0.1624599,-0.2063558,-0.007956292,-0.08142948,-0.9450641,-0.3164804,-0.05198388,-0.06583777,-0.0406758,-0.02118383,-0.089931,-0.9373987,-0.3357787,-0.03047023,-0.01151678,0.1160357,-0.02779041,-0.0942921,-0.9334071,-0.345091,-0.04630665,0.08829278,0.1490867,-0.0323696,-0.08843717,-0.9332788,-0.3465856,0.0667207,0.1195758,0.2032607,-0.02417398,-0.07466342,-0.9393831,-0.333767,0.003214214,0.07987092,0.004274426,-0.01890151,-0.05963327,-0.9398913,-0.3356947,0.0246544,0.1842508,0.2895438,-0.01058816,-0.04319017,-0.941783,-0.3332677,-0.02647709,0.368831,0.436032,0.01081781,0.01282501,-0.9655517,-0.2596695,0.02551455,0.03031577,-0.1038291,0.01316316,0.04946218,-0.9693756,-0.2401898,0.03800245,-0.1547007,-0.07588764,0.02548361,0.01214832,-0.9708589,-0.2379827,-0.03656843,-0.06078879,-0.1919528,0.01548595,-0.001938527,-0.9639502,-0.2656246,-0.05856408,-0.08856263,-0.1842891,0.003611707,-0.01789911,-0.9571406,-0.2890473,-0.0375291,-0.1535778,-0.1101273,-0.01510864,-0.03866828,-0.9464502,-0.3201692,0.09918678,-0.08115645,-0.09208843,-0.01048878,-0.05555274,-0.9510036,-0.3039669,-0.0355397,-0.1041157,-0.04795722,-0.01188194,-0.06617594,-0.9508955,-0.3021212,-0.004863915,-0.1125227,-0.1693877,-0.02316023,-0.08045991,-0.9430122,-0.3220524,0.0088864,-0.02247886,-0.04889469,-0.02849746,-0.08535985,-0.9417521,-0.3240439,0.02040866,-0.007601854,0.0736135,-0.02846076,-0.08698458,-0.9412307,-0.3251283,0.04460878,0.02118568,0.09535664,-0.02624238,-0.09343512,-0.9374639,-0.3342791,0.0009272387,0.1132588,0.0719035,-0.01865653,-0.08441415,-0.9400664,-0.3298505,-0.04431229,0.1382543,0.0683774,-0.01328173,-0.0659577,-0.9473311,-0.3131086,-0.02384327,0.08402424,0.0802457,-0.01099529,-0.0508934,-0.950883,-0.3051401,-0.0238499,0.1387604,0.3184414,-0.008239675,-0.03604357,-0.9531523,-0.3002228,-0.01465771,0.3846412,0.4055507,0.002725673,0.01959738,-0.9681232,-0.2496916,-0.03756035,-0.05103567,-0.1039885,0.004072245,0.06003087,-0.9716374,-0.2286927,0.02164127,-0.1161039,-0.1187217,0.002112691,0.02936291,-0.9674562,-0.2513201,0.02587124,-0.1238321,-0.1071446,-0.000278305,0.007919426,-0.9623859,-0.2715704,0.03549953,-0.0925291,-0.2365346,-0.004768909,-0.007170402,-0.9584951,-0.2849787,0.008006664,-0.1911173,-0.1436266,-0.004211072,-0.03809962,-0.9551739,-0.2935534
0,0,1,-0.0009758174,0.003286408,0.02271852,-0.3365252,0.940788,0.03930327,-0.01112698,-0.006346269,-0.002247917,-0.02868555,-0.3362031,0.9408674,0.04017647,-0.01103257,-0.0006789227,0.01198387,0.03355163,-0.3363449,0.9406743,0.04372255,-0.009609748,-0.00314065,0.007032317,0.02657372,-0.3359184,0.9408536,0.04262937,-0.01165885,-0.004343695,-0.0008034302,-0.09955764,-0.3352619,0.941061,0.04323543,-0.01158597,0.003360048,0.003706809,0.09474582,-0.3363589,0.9406903,0.04278828,-0.01155591,0.0007171741,-0.002788141,-0.01132498,-0.3358231,0.940858,0.04292324,-0.01290334,-0.006291931,-0.001677736,-0.07029376,-0.3350698,0.9410051,0.04515901,-0.0140832,0.004063824,-0.004890345,0.1206996,-0.3359903,0.9406834,0.04548921,-0.01249303,-0.008272115,0.003737558,-0.09599118,-0.3355061,0.9408902,0.04368395,-0.01590437,0.001815695,-0.002537971,0.06365018,-0.3351502,0.9410069,0.04415601,-0.01518974,0.001387676,0.001540872,-0.009191562,-0.3353428,0.9409071,0.04431557,-0.01658761,-0.008622241,0.0002540718,-0.003522215,-0.3358622,0.940603,0.04735409,-0.01483903,0.004435027,0.004760555,0.04761365,-0.3356723,0.9406434,0.04824269,-0.01366032,-0.005112356,0.003552526,-0.1023612,-0.3348425,0.9409934,0.04763447,-0.01194484,-0.005336761,0.0001178825,0.1027182,-0.3358118,0.9407398,0.04527316,-0.01376446,0.003076878,-0.001528266,-0.04599992,-0.3355784,0.9408553,0.04454095,-0.01394487,-0.01404359,0.007354626,-0.03767775,-0.3358144,0.9407434,0.04571087,-0.01187631,0.0171676,-0.01609244,0.1287672,-0.3340051,0.9412645,0.047123,-0.01552559,-0.008331603,0.005224214,-0.1241754,-0.3357481,0.9406844,0.04631295,-0.01552743,-0.001771685,-0.003805972,0.09345632,-0.3364488,0.9403982,0.04743459,-0.01426299,0.006636195,0.000866623,-0.05247545,-0.3355546,0.9407227,0.04649592,-0.01679539,-0.0155273,0.009742063,0.01225166,-0.3365276,0.9403968,0.04518688,-0.019004,-0.001874122,0.00588114,-0.002698138,-0.3357112,0.9405784,0.04861424,-0.01571114,-0.00248226,0.007813076,-0.06217494,-0.3343852,0.9409326,0.04921368,-0.0202528,0.002071588,-0.01534252,0.09837209,-0.3346367,0.9408166,0.04994195,-0.01969935,-0.003032175,0.009046298,-0.1078633,-0.3343458,0.940972,0.04929994,-0.0188166,0.001720824,-0.008935922,0.1119545,-0.3346934,0.9408008,0.05084905,-0.01698339,-0.002299606,0.001820781,-0.08807862,-0.3340561,0.9410683,0.04987936,-0.01757594,-0.004913943,-0.0002080493,0.07850195,-0.334781,0.9408056,0.05017176,-0.01700641
1,0,0,-0.03846437,-0.06771053,-0.29451,-0.8624861,-0.4970724,0.03048331,-0.09004162,-0.07376959,-0.1745769,-0.2273663,0.8628895,0.5027681,-0.03711727,0.03561229,0.05637882,-0.1543849,0.1101184,0.859152,0.5078542,-0.05535915,0.02961881,0.03403854,0.0206661,0.2294727,-0.8584116,-0.507273,0.02559159,-0.07175547,-0.01952954,0.1258897,0.3173229,-0.8539094,-0.506332,-0.01329576,-0.1195396,-0.02751127,0.005653156,0.1511639,-0.8543617,-0.5028431,-0.01087257,-0.1307542,0.01756682,-0.03377322,0.2777382,-0.8600482,-0.5011554,0.00519849,-0.09556812,-0.001080908,-0.06084299,0.06546959,-0.8625467,-0.4992251,0.01593987,-0.08082893,-0.02329447,-0.0274418,-0.133731,-0.8623998,-0.4976666,0.01188264,-0.09194142,-0.0433226,0.03173897,-0.3763955,-0.8618447,-0.4964334,-0.009383276,-0.1033901,-0.001875228,0.0746352,-0.4521806,-0.862142,-0.4951152,0.009492543,-0.1071537,0.002179722,-0.02297001,-0.2987784,-0.8625207,-0.4976407,0.02758819,-0.08746788,-0.0803536,-0.1317131,-0.144634,-0.8627952,-0.503136,0.03351017,-0.03627231,0.05810449,-0.04404828,0.20202,-0.8571249,-0.5097283,0.04163504,-0.06148414,0.03478396,0.04998282,0.2360437,-0.8542516,-0.5100846,0.01733653,-0.09882978,-0.01247141,-0.00637308,0.51179,-0.8516616,-0.507185,-0.007604606,-0.1318256,0.1772544,0.1121069,0.6231757,-0.8535018,-0.5034146,0.02102733,-0.1329146,0.008769058,-0.03685505,0.2256874,-0.8557099,-0.5038258,0.04916077,-0.1072539,-0.09967659,-0.05292506,-0.007361166,-0.8577586,-0.5025864,0.04087453,-0.09993134,0.01344182,0.05725697,-0.2739042,-0.8576387,-0.4978431,0.02489127,-0.1264455,0.03958815,0.09496059,-0.4129303,-0.8583071,-0.4927389,0.02911486,-0.1402485,-0.05148193,0.06442948,-0.4484625,-0.8589353,-0.4957963,0.03462476,-0.1233584,-0.1323487,-0.08011387,-0.1162449,-0.8603007,-0.5028542,0.03003735,-0.07821786,-0.07797459,-0.1065948,-0.04926832,-0.8600191,-0.5063113,0.03781474,-0.05085286,0.1239906,-0.02895058,0.2371836,-0.857331,-0.5081488,0.05108943,-0.06448384,-0.01174592,-0.1050349,0.3318875,-0.8535188,-0.511622,0.0199807,-0.09669215,-0.0117315,-0.01964195,0.4853593,-0.8523082,-0.5137275,0.01327822,-0.09735693,0.017263,-0.04877632,0.2233467,-0.8565655,-0.5073195,0.01602203,-0.09309007,-0.001946279,0.009327369,0.01044829,-0.8562405,-0.5062728,0.012619,-0.1018864,-0.03324542,0.0398021,-0.08624987,-0.8565816,-0.5019723,0.001162183,-0.1195424
0,1,0,-0.1015569,-0.2430408,0.1043083,0.4774343,-0.5139222,-0.5453669,0.4588198,0.03151008,-0.3611139,0.1547401,0.494389,-0.5180739,-0.5327969,0.4508951,0.09446658,-0.3331092,0.2301639,0.4990258,-0.5133651,-0.5301497,0.4542805,-0.02293545,-0.3101698,0.1781756,0.4783341,-0.4926287,-0.5488322,0.4767565,-0.03173555,-0.22544,0.1109353,0.4520782,-0.4646088,-0.5774739,0.4962738,-0.04286594,0.01035348,-0.1171428,0.4341828,-0.4413636,-0.5934369,0.5143113,0.02529289,0.1118544,0.05240596,0.4171002,-0.420816,-0.609011,0.5273015,-0.01669879,0.1552386,-0.07688061,0.4094861,-0.4164138,-0.6131017,0.5320029,0.02075173,0.2067453,-0.05572522,0.4107743,-0.4280508,-0.6085899,0.5269301,0.0730335,0.238566,0.01820555,0.416477,-0.4495961,-0.5987905,0.5156163,0.05687128,0.2185742,-0.02602028,0.4286259,-0.4763931,-0.5825644,0.4999481,-0.03394066,0.1400634,0.08851931,0.4415786,-0.5052093,-0.5635521,0.4818514,0.01285171,0.4436752,0.2853271,0.4499956,-0.51193,-0.5548939,0.4769951,-0.02172675,0.3004429,0.100984,0.4450017,-0.5007055,-0.5616377,0.485624,0.1364598,0.2249839,0.03060787,0.4282748,-0.4833554,-0.5788627,0.4978617,0.1425407,0.1742555,-0.2197285,0.415127,-0.470641,-0.591121,0.5066977,0.01687626,-0.1032122,0.002360615,0.4144171,-0.4680024,-0.5950028,0.505177,-0.02882314,-0.1588787,-0.06467034,0.4187554,-0.4652364,-0.5972657,0.5014704,0.09886239,-0.1236009,-0.1442413,0.4282601,-0.4769036,-0.5847633,0.4972001,0.129825,-0.1770403,-0.1433192,0.445407,-0.4841023,-0.5692984,0.4931093,-0.06295822,-0.06985644,0.03028694,0.462817,-0.4927251,-0.5559279,0.483701,-0.04034458,-0.2678021,0.1082726,0.4826652,-0.5062286,-0.5414129,0.4665179,-0.0411659,-0.4119584,0.2255854,0.490624,-0.5102903,-0.5345738,0.4616522,-0.0441651,-0.3835417,0.2277192,0.4856327,-0.5031501,-0.5388961,0.469672,0.001664121,-0.1817502,0.07841936,0.4622534,-0.4793951,-0.5637975,0.4885024,0.02332647,-0.1065899,0.01035766,0.4388541,-0.4598696,-0.5857004,0.5028738,0.02650093,-0.004232804,-0.05956559,0.4172924,-0.4433842,-0.6027768,0.5156914,0.04033237,0.05625625,-0.03293505,0.3974804,-0.4376498,-0.6149428,0.5218403,0.02016125,0.1661376,-0.09637227,0.3910485,-0.4364415,-0.6172456,0.5249836,0.03234809,0.2265664,-0.02612803,0.3985086,-0.4434926,-0.6099698,0.5219598
0,0,1,0.04034789,-0.02041881,-0.02989584,-0.5158607,-0.08836213,-0.1426807,-0.8400727,0.01683479,0.03085719,0.0005542147,-0.5140349,-0.08697654,-0.1351779,-0.8425735,0.008761377,0.007988997,0.01480057,-0.5131665,-0.08786026,-0.1341245,-0.8431792,0.03984633,0.001553338,-0.0008847597,-0.5141023,-0.08537051,-0.132457,-0.8431286,0.05837113,0.002862973,-0.0191226,-0.5143743,-0.08103628,-0.1311837,-0.8435894,0.03756788,-0.02939011,-0.06277257,-0.5128934,-0.07696842,-0.1292667,-0.8451664,0.04694434,0.04222321,-0.01785716,-0.5048659,-0.07373147,-0.1249413,-0.8509193,0.006722701,0.01056655,-0.0003267523,-0.4984821,-0.07197459,-0.1180153,-0.8558081,-0.01691582,-0.01307612,0.008156992,-0.4925487,-0.06234631,-0.1078288,-0.8613255,-0.04308688,0.03452158,-0.03490648,-0.4878191,-0.05143225,-0.09864548,-0.865827,-0.06743927,-0.0005359321,0.08594495,-0.479822,-0.02910084,-0.08602804,-0.8726529,-0.04483398,-0.04333183,0.06771796,-0.4776576,-0.007223755,-0.07537648,-0.8752768,-0.04624176,-0.02754707,0.04360661,-0.4790632,0.004314005,-0.06992081,-0.8749804,-0.04654141,0.005572294,0.03945447,-0.4798225,0.01963577,-0.06220061,-0.8749377,-0.02929965,-0.01466019,0.01788415,-0.48397,0.03173248,-0.05877584,-0.8725316,-0.0307595,-0.025956,0.02491579,-0.4871206,0.03718331,-0.05716041,-0.8706685,-0.04177621,-0.01999646,0.01964919,-0.4919777,0.03976701,-0.06119165,-0.8675437,-0.05204299,0.00719565,0.01323658,-0.4972486,0.04122064,-0.0630886,-0.8643289,-0.05654348,-0.01244158,0.0183593,-0.5016457,0.03362203,-0.07441747,-0.8612103,-0.06542812,-0.001072642,0.04285882,-0.5056388,0.02181561,-0.07995874,-0.8587549,-0.1084424,0.02285409,0.04415445,-0.5108927,0.004647851,-0.08636311,-0.8552827,-0.04940736,-0.0006360001,-0.005064078,-0.5188564,-0.01783112,-0.1000739,-0.8487964,0.01290979,-0.02488297,-0.05439916,-0.5233819,-0.02685298,-0.1047412,-0.8452097,0.07073089,0.02489726,-0.02265619,-0.5210965,-0.02962655,-0.105168,-0.8464752,0.08099251,-0.01222754,-0.08130351,-0.5128971,-0.03801906,-0.1087499,-0.8506848,0.1120529,0.05440903,0.02549388,-0.501651,-0.04845384,-0.1156222,-0.8559381,0.08819445,0.006733821,0.002579155,-0.4963455,-0.05803075,-0.1236957,-0.8573056,0.03040988,-0.01867992,0.002298255,-0.4942384,-0.06651717,-0.1323178,-0.8566188,0.07086366,0.008284241,-0.005696674,-0.4898371,-0.07851447,-0.1481391,-0.8555406,0.04991242,-0.01968342,-0.001221285,-0.4869452,-0.08838788,-0.1594865,-0.8541873
0,1,0,0.04282197,-0.1694161,0.1023813,-0.6201605,-0.3106759,-0.2882681,-0.6601386,-0.05900504,-0.5322905,0.1413258,-0.6217992,-0.302039,-0.2734425,-0.6688553,-0.0350995,-0.3468138,0.1284796,-0.6078848,-0.2899056,-0.2621532,-0.6911631,-0.01535208,-0.1075617,0.08892819,-0.5846121,-0.2570421,-0.249723,-0.7278712,-0.004537888,0.03380836,-0.02672367,-0.5620184,-0.2403219,-0.2534774,-0.7497532,-0.01299566,0.1091198,0.02047572,-0.5498796,-0.2304962,-0.2585691,-0.7600302,-0.001828916,0.2052692,0.06463885,-0.5453142,-0.2171606,-0.2605959,-0.7665269,-0.09690473,0.2612042,0.09926699,-0.5506343,-0.2190766,-0.2626472,-0.7614616,0.02813033,0.4832208,0.08085056,-0.5685194,-0.2353085,-0.2613994,-0.7436975,-0.05040563,0.5446872,0.1803353,-0.5870624,-0.250409,-0.2575027,-0.7254967,-0.02854506,0.2965558,-0.04020275,-0.5837243,-0.2572014,-0.2656472,-0.7228727,-0.0009354257,0.05192979,-0.004690598,-0.5739975,-0.2578965,-0.2804203,-0.7248315,0.03068568,-0.05983992,0.01888796,-0.5635611,-0.2542177,-0.2970501,-0.7276905,-0.05675182,0.07658783,-0.03945814,-0.5431638,-0.2489951,-0.3197119,-0.735363,0.01922995,-0.109915,-0.2385603,-0.5281286,-0.2627757,-0.3427085,-0.7311498,-0.08166937,-0.0884539,-0.1229933,-0.5253689,-0.2766208,-0.3569999,-0.7211238,0.02246751,-0.03861006,-0.01108716,-0.5287538,-0.2873785,-0.3638533,-0.7109457,0.02265607,-0.2039012,-0.01157148,-0.5398388,-0.29583,-0.3609358,-0.7005597,-0.04675952,-0.1549347,0.04755371,-0.559228,-0.3033673,-0.3485712,-0.6882808,-0.01959853,-0.1771056,0.1230564,-0.5674008,-0.2955491,-0.3366863,-0.6909049,-0.01519363,-0.3557863,0.07953345,-0.5740567,-0.2849636,-0.3235866,-0.6960935,-0.02435505,-0.4125248,0.0286724,-0.5768661,-0.2639381,-0.298409,-0.7131018,-0.02674944,-0.2443466,0.06976903,-0.5646875,-0.2402136,-0.2855536,-0.736128,-0.05850407,-0.01284788,0.05933893,-0.5472613,-0.2164781,-0.2773678,-0.7594138,0.07609665,0.08002903,-0.04614287,-0.5340076,-0.2109996,-0.2781048,-0.7700472,-0.03244993,0.108441,-0.01956298,-0.5332967,-0.2075237,-0.2786135,-0.7712995,-0.02943812,0.2014183,-0.03354599,-0.5410711,-0.2147813,-0.2803798,-0.7632157,0.07591905,0.2070777,0.008947082,-0.5629336,-0.2261447,-0.2759159,-0.7455432,-0.06086837,0.1129632,0.04248124,-0.5955849,-0.2388594,-0.2670168,-0.7189763,-0.1270164,0.472993,0.06775121,-0.6061772,-0.2594187,-0.2708651,-0.7013439
0,1,0,0.0781151,-0.06349158,-0.0999758,0.4121982,-0.4587926,-0.5816374,0.5303771,-0.02539036,0.07603847,-0.2098198,0.4198678,-0.4605298,-0.5727146,0.5325611,0.05295759,-0.08828974,-0.05683419,0.4317038,-0.4676383,-0.5614921,0.528841,0.02225244,-0.14257,0.08704248,0.4466051,-0.474432,-0.5459903,0.526643,-0.1092392,-0.09703396,-0.119023,0.4570581,-0.4763832,-0.5348597,0.5273347,0.004832632,-0.3198907,0.1963601,0.4857952,-0.4983698,-0.5135403,0.5019032,-0.02311059,-0.4034729,0.3238522,0.4850553,-0.5008715,-0.5135082,0.5001584,-0.07411963,-0.3615337,0.2465762,0.4767038,-0.4852298,-0.5241435,0.5124247,0.02800751,-0.2355168,0.07915021,0.4525875,-0.4521121,-0.5547127,0.5320272,0.01446413,-0.07088581,-0.004315683,0.4341973,-0.4322474,-0.5740586,0.5432233,0.007848562,0.1265847,-0.07620851,0.4201646,-0.4203099,-0.5875114,0.5492101,0.07768026,0.2722305,-0.05222594,0.4160905,-0.4224753,-0.5908733,0.5470393,0.0008902102,0.289125,-0.04763529,0.4240604,-0.4432881,-0.5822229,0.5335586,0.06946719,0.2196307,-0.01439298,0.4404167,-0.4714538,-0.5663707,0.5128242,-0.04412651,0.4888929,0.1582914,0.4617529,-0.5003165,-0.544406,0.4899895,-0.07128987,0.633522,0.2053734,0.4748148,-0.4982214,-0.5334445,0.4916943,0.009442679,0.3622242,-0.06748189,0.4690962,-0.482673,-0.5405524,0.504756,0.1013105,0.08717781,-0.09070292,0.4494656,-0.4777444,-0.5465062,0.5206457,0.0323878,-0.09158654,-0.07686971,0.4348874,-0.4689774,-0.5551794,0.5317038,0.08557772,-0.002433332,-0.136499,0.4324376,-0.4621097,-0.5580684,0.5366675,-0.0423579,-0.1456427,-0.09809318,0.4301073,-0.4680748,-0.5581095,0.5333175,-0.03728587,-0.1482462,-0.1537726,0.4339144,-0.4764302,-0.5533011,0.5278168,0.001695711,-0.07808953,-0.09983373,0.449152,-0.4826785,-0.5430094,0.5200238,0.05057732,-0.2087442,-0.06774126,0.4645579,-0.4938319,-0.530162,0.5091602,0.01936897,-0.6514444,0.0942797,0.4819364,-0.5064225,-0.5162957,0.4946841,-0.003653017,-0.5357218,0.1814231,0.4818853,-0.5026317,-0.5183849,0.4964122,-0.05290606,-0.2659296,0.172329,0.4649612,-0.4753498,-0.5394521,0.5165705,0.03049327,-0.1164727,0.06328901,0.4478828,-0.4456548,-0.5625131,0.5332651,-0.04427857,-0.03541402,-0.04229595,0.4277683,-0.4248644,-0.582715,0.5449291,-0.07367726,0.1745117,-0.02452821,0.4102363,-0.4117093,-0.5984004,0.5514694
0,1,0,-0.06180248,0.113491,0.2648878,-0.5608127,0.4448777,0.4363597,-0.5451267,-0.02610883,0.1293279,0.2299397,-0.6003011,0.4422005,0.3925594,-0.5385112,0.05758506,-0.009057166,0.165749,-0.6393384,0.4274641,0.3509448,-0.5341897,-0.001630399,-0.091881,0.1619946,-0.6583459,0.4247733,0.3358606,-0.5228249,-0.1071975,0.03484852,0.141892,-0.6816456,0.4153833,0.2999495,-0.522347,0.05099481,0.8086149,-0.133665,-0.7080333,0.3943242,0.2527335,-0.5285102,0.0791434,0.2575129,-0.09834623,-0.6833715,0.4137048,0.3187364,-0.5101556,-0.3676997,-0.8536268,0.1399977,-0.7012423,0.3814238,0.2149511,-0.5626466,0.1352485,-0.3629165,-0.1809897,-0.6065638,0.4543472,0.3183469,-0.5694771,-0.03187543,-0.2099427,-0.1294987,-0.5902681,0.4583467,0.3438649,-0.5685585,0.02160392,-0.2587249,-0.06223739,-0.5376078,0.4789857,0.4121719,-0.5582696,0.03254503,-0.07765337,-0.0663088,-0.5185947,0.4748703,0.4377697,-0.5602815,0.1117561,0.009811224,-0.03875259,-0.5154201,0.4552254,0.4488947,-0.5706185,0.01854163,-0.02664821,-0.1149736,-0.5199739,0.4298979,0.4477714,-0.5867842,0.02623999,-0.01419058,-0.1079642,-0.5213779,0.4019274,0.4437939,-0.6080021,-0.0031403,-0.001584749,-0.1548528,-0.51755,0.3748821,0.4371485,-0.632856,0.02230851,0.02738719,-0.08153018,-0.5170084,0.3488449,0.4283114,-0.6538798,-0.00111338,0.03366288,-0.1059692,-0.5075455,0.3318028,0.4182172,-0.6763127,0.06746462,-0.03233875,-0.08598546,-0.5117033,0.3072524,0.4076783,-0.691053,-0.02445343,0.04429351,-0.080608,-0.4995641,0.2964872,0.4092343,-0.7036037,-0.02123322,0.02391312,-0.05005726,-0.4940569,0.2905969,0.4045514,-0.7126005,0.02509969,0.08258218,-0.01143711,-0.4835803,0.293989,0.420938,-0.7088948,-0.02227202,0.04847166,-0.03176665,-0.4732812,0.3040777,0.436294,-0.7022743,0.01557645,0.04033329,-0.05976927,-0.452148,0.3175387,0.4696569,-0.6885881,0.03172027,0.03181245,-0.01616748,-0.4368212,0.3297912,0.5037115,-0.6683559,-0.01918458,-0.0283339,0.01108116,-0.4313232,0.3397876,0.5179507,-0.6559206,0.01228848,-0.09991045,0.08670356,-0.436655,0.3515317,0.5295149,-0.6366881,0.01042305,-0.1119564,0.05872563,-0.4390025,0.366575,0.5320446,-0.6243621,0.04908081,-0.04808763,-0.06418505,-0.4278294,0.381386,0.5621084,-0.5962725,-0.02047586,-0.036443,0.08821715,-0.4256859,0.3978394,0.5704188,-0.5789108
1,0,0,-0.2050608,0.1629263,0.2791649,-0.8432431,-0.5226947,0.04699474,-0.1162877,0.02255206,-0.1898402,-0.2783974,-0.8383373,-0.5376657,0.03651419,-0.08229691,-0.07487587,-0.06916288,-0.3252196,-0.8299574,-0.5526638,0.03455034,-0.06737795,0.138574,0.04758301,-0.4427266,-0.8276869,-0.5575087,0.02491799,-0.05913951,-0.0854769,0.03136333,-0.1183879,-0.8255734,-0.5627379,0.02056753,-0.03649104,0.1604572,-0.01373912,0.01731408,0.8252462,0.5631703,-0.03568037,0.0231267,0.01361152,0.04448206,0.2056793,-0.8221266,-0.5648193,0.04090901,-0.05842599,-0.1377647,-0.006239097,0.3108161,-0.8185419,-0.5686707,0.01374346,-0.08008684,0.1794667,0.1713489,0.3714944,-0.822464,-0.5615032,0.003682874,-0.09084825,0.03671864,-0.02037423,0.3101302,-0.8236529,-0.5603104,0.001312952,-0.08744374,-0.01818501,0.04858481,0.21733,-0.8237717,-0.5573112,-0.00695423,-0.1037107,0.01505217,0.08739147,0.09292,-0.8247076,-0.5531085,-0.01184806,-0.1174225,-0.02394423,0.04640232,-0.01994006,-0.8274871,-0.5508384,-0.01455865,-0.1078437,-0.04320323,-0.008012337,-0.2700425,-0.8270712,-0.5547179,-0.02279786,-0.08787192,0.07116845,-0.03096624,-0.4224055,-0.8226458,-0.5629606,0.004573382,-0.07942548,0.0122701,-0.0765323,-0.4070075,-0.8212339,-0.5667571,0.02761156,-0.05999127,-0.0303069,-0.1531479,-0.2438206,-0.8198609,-0.5708264,0.03014188,-0.03281631,0.04671696,-0.1060771,0.05086366,-0.8169137,-0.574361,0.03118041,-0.04229886,-0.0252947,0.2419319,0.3503449,-0.8183056,-0.5662977,0.01307603,-0.09752893,-0.06220993,0.0782762,0.2038732,-0.8246277,-0.5601956,0.01142426,-0.07771372,0.09154969,-0.04574713,0.3220745,-0.8256549,-0.5601245,0.02502419,-0.06267729,0.0725231,0.04274404,0.3263121,-0.8254113,-0.5580379,0.01467313,-0.08411043,-0.03604088,0.07534339,0.1422031,-0.8251467,-0.555407,-0.005455784,-0.1030833,-0.0654961,0.1037577,-0.005330633,-0.8251808,-0.5528267,-0.02948604,-0.1122043,0.03482116,0.06139416,-0.1768252,-0.8258962,-0.5522147,-0.03291154,-0.108955,0.02557915,-0.01837261,-0.3970843,-0.8294134,-0.5504342,0.005068511,-0.09523675,-0.1065702,-0.1023878,-0.3322664,-0.8316237,-0.5524546,0.01123046,-0.0554071,-0.07820991,-0.1608579,-0.2461872,0.8291407,0.5588107,-0.0154225,0.004282626,0.1155239,-0.115603,-0.07581169,0.8245164,0.5648519,-0.03028681,0.01405926,0.03453229,0.05740579,0.2915775,-0.8222049,-0.5623844,0.003781073,-0.0876845
1,0,0,-0.05205348,-0.01958887,0.009352702,-0.8304243,-0.5516396,0.04540849,-0.0634617,0.01241348,0.3847382,0.3317171,-0.827826,-0.5572844,0.02866238,-0.05759072,-0.02653189,-0.1446932,-0.1504779,-0.8189546,-0.5735263,0.002285779,-0.0193826,-0.004497369,-0.2980488,-0.2792557,-0.8133954,-0.581122,-0.01401152,-0.02210645,0.01037123,0.1368078,0.2250387,-0.8156428,-0.5771983,-0.002189096,-0.03954824,0.04471792,0.1168726,0.07509673,-0.8210838,-0.568379,0.0005378257,-0.05259534,0.07113469,0.03336756,-0.05366907,-0.8215567,-0.5674455,-0.004126443,-0.05507351,-0.009698831,-0.04552611,-0.2574507,-0.8201011,-0.5693218,-0.007244134,-0.05704696,0.01534748,-0.006768836,-0.2239223,-0.8147765,-0.5771477,-0.00478562,-0.05492661,-0.02727854,-0.02916353,-0.1466108,-0.8124081,-0.5820404,0.01188217,-0.03287542,0.0172018,-0.01810301,0.02024863,0.8104997,0.5847377,-0.03266203,0.01025955,-0.00161447,0.1982789,0.1176312,0.8109557,0.5840786,-0.03447969,0.003770334,0.0446897,0.155463,0.1918906,0.8132173,0.5803655,-0.04267764,-0.005663436,-0.001522656,0.1049661,0.2242581,0.8120943,0.5812227,-0.04980584,-0.01422699,0.07716797,0.0565214,0.2915497,0.8144521,0.5788785,-0.03957758,-0.001017354,0.02922426,0.03481241,0.2483448,0.8152511,0.5782987,-0.02927136,0.008912311,0.01908505,0.1124884,0.1698727,-0.8169122,-0.575079,0.01470653,-0.04149978,0.02580492,0.01912983,0.009361454,-0.8200741,-0.5688427,0.007762475,-0.06193639,-0.0563915,0.01629029,-0.1735995,-0.8206131,-0.5671542,-0.007948279,-0.06976364,-0.02633162,0.03355621,-0.2031763,-0.819513,-0.5663899,-0.02018989,-0.08481328,-0.02129702,0.04894482,-0.4871001,-0.8206214,-0.5654116,-0.01416357,-0.0817896,-0.02644125,-0.064386,-0.321292,-0.8197544,-0.5705851,0.007972997,-0.04869987,-0.008049916,-0.09538907,-0.1109382,0.8168046,0.5759435,-0.02501673,0.02221177,0.03060376,-0.0411721,0.05576028,-0.8148501,-0.5787133,0.02290631,-0.02419818,0.024734,0.1600316,0.1003839,-0.8154567,-0.5765975,0.02588172,-0.04354104,-0.02137714,0.03116248,0.2678305,0.8190806,0.57122,-0.03836751,0.03664118,0.06443923,-0.04874343,0.3135142,0.8182029,0.5706837,-0.05369201,0.04451154,-0.02713491,0.1103718,0.3208812,-0.8203386,-0.565145,0.03916709,-0.07824028,-0.04980488,0.1117335,0.1385503,-0.8216772,-0.5619259,0.01292571,-0.09443943,0.055896,0.04130374,-0.0876589,-0.8238955,-0.5585891,0.003989931,-0.09570041
0,1,0,-0.05185596,0.1262326,-0.08050061,-0.5474322,-0.2038114,-0.2668412,-0.7665341,0.03158156,0.2754901,0.08046446,-0.5367317,-0.211385,-0.2804632,-0.767187,0.03927961,0.2673408,0.1425141,-0.5416731,-0.2182329,-0.2814769,-0.7614036,-0.03945157,0.4095269,0.2527613,-0.5609166,-0.2167005,-0.2688748,-0.7524092,-0.06331987,0.4500767,0.2958572,-0.5665039,-0.2228055,-0.2681694,-0.7466701,0.02924477,0.1979282,0.1980709,-0.5600134,-0.2273484,-0.2739566,-0.7480945,-0.09307429,0.1687168,0.1019889,-0.5510213,-0.2218061,-0.2810986,-0.7537646,0.04607489,0.007836026,-0.01382622,-0.5428926,-0.2226196,-0.2901315,-0.7559972,-0.03808648,-0.01664706,-0.06128962,-0.5349641,-0.223506,-0.3040615,-0.7559133,-0.06860565,0.05745132,-0.1028913,-0.5319655,-0.22724,-0.3171525,-0.7515244,-0.08524278,-0.2523015,-0.2672937,-0.5344044,-0.2384892,-0.3289568,-0.7411628,-0.04783466,0.01833878,-0.06127403,-0.5436051,-0.2403285,-0.3360644,-0.7306138,-0.04001588,-0.1114291,-0.05125519,-0.5606514,-0.2455834,-0.3338757,-0.7168583,-0.0691149,-0.1150548,0.04419221,-0.579392,-0.2404055,-0.3186311,-0.7106224,0.0549027,-0.4177714,-0.006269341,-0.5982462,-0.2368314,-0.3027143,-0.703119,-0.2105368,-0.5582971,0.040821,-0.6043349,-0.2186201,-0.2829652,-0.7119799,-0.03986826,-0.3389838,0.02383024,-0.5840661,-0.2081317,-0.2745472,-0.7349638,0.03832253,-0.08947013,-0.04536319,-0.5526381,-0.2000963,-0.278201,-0.7597083,0.03408602,0.1220281,-0.0458822,-0.5273555,-0.1993433,-0.2899316,-0.773368,0.03455558,0.1685926,0.01050791,-0.5187645,-0.1989901,-0.2968117,-0.7766525,0.05813603,0.2799001,0.08118697,-0.515267,-0.2005425,-0.3015777,-0.7767454,-0.006805394,0.2440228,0.1402965,-0.5259934,-0.2043844,-0.2979514,-0.769924,-0.08597536,0.3926577,0.2964832,-0.5458888,-0.209349,-0.28645,-0.7590288,0.06636935,0.3303755,0.2326851,-0.5447705,-0.2196552,-0.2908522,-0.7552361,0.01909585,0.1783966,0.1018823,-0.5368865,-0.2230371,-0.2982543,-0.7570018,-0.03772168,0.05711718,-0.04450374,-0.531623,-0.2279578,-0.306761,-0.7558504,0.04891429,-0.04127426,-0.07129408,-0.5188046,-0.2276735,-0.3188079,-0.7598475,0.03483269,0.01043264,0.1074119,-0.5144095,-0.2278728,-0.3359134,-0.7553933,-0.02473561,-0.1883679,0.1021825,-0.5193627,-0.2489606,-0.349904,-0.7388154,0.1283222,0.08989763,-0.08825031,-0.5116765,-0.2442724,-0.3593017,-0.7412289
0,1,0,-0.006089469,-0.007380032,0.03782962,-0.4842378,0.5544139,0.4484036,-0.5070238,0.02333094,0.02215993,-0.03339029,-0.4937755,0.5518259,0.4424478,-0.5058792,-0.008573808,-0.06542807,0.01289571,-0.4828839,0.5559377,0.4466429,-0.5081993,-0.1159839,-0.1180163,-0.03158763,-0.5002427,0.5521469,0.4358963,-0.5048617,0.08483886,-0.1091608,-0.0453821,-0.5031856,0.5552312,0.4389684,-0.4958118,-0.2046914,-0.01747561,0.02911364,-0.5140519,0.5421251,0.4471267,-0.4918624,-0.04010716,-0.03670207,-0.1426346,-0.5593297,0.5038167,0.4289757,-0.4992984,-0.02172448,0.05298085,0.01955382,-0.6454077,0.4305294,0.3979786,-0.4895981,0.04905402,0.05498104,0.02778049,-0.7065535,0.3463623,0.3792271,-0.4868287,-0.0172464,0.2587113,-0.1100694,-0.727698,0.2667688,0.3796423,-0.5051354,-0.1026153,-0.2822299,0.1659531,-0.7302501,0.2833514,0.3753168,-0.4955644,0.1775513,-0.1459858,0.05472292,-0.6982108,0.3238198,0.3910823,-0.5046751,0.09068728,0.02471025,0.06198449,-0.6458038,0.4082812,0.4222399,-0.4878088,0.1702656,0.3341553,-0.008984619,0.5688233,-0.4951299,-0.4751799,0.4533106,0.02219834,0.349934,0.3615588,0.5306169,-0.5509505,-0.4875747,0.4209158,0.175624,-0.4975226,-0.1968915,0.5047039,-0.5490465,-0.5187905,0.4179454,0.06962994,-0.4716948,-0.0576029,0.4846211,-0.5171874,-0.558912,0.430438,0.08313248,-0.1509318,0.001633069,0.4646222,-0.5029583,-0.5816827,0.4390949,-0.3212673,0.03870517,-0.1797146,0.4376619,-0.4886133,-0.6033023,0.4535806,-0.08544304,0.2476434,-0.1201426,0.446472,-0.4630297,-0.6054879,0.4686689,-0.06583579,0.2991168,-0.08939786,0.4620211,-0.4528012,-0.5937669,0.4784855,0.03697389,0.434779,-0.04002988,0.4846926,-0.4527304,-0.5766827,0.477017,0.06185257,0.4637249,0.2333901,0.4995108,-0.4668183,-0.5592886,0.4687918,-0.1127839,0.4147852,0.184485,0.4869382,-0.4607219,-0.5707638,0.474189,0.05396079,0.09752817,0.1997564,0.465526,-0.4487312,-0.5872951,0.4868372,0.01848765,0.1221849,0.1096054,0.4473924,-0.4342265,-0.6018613,0.4990494,0.09868678,-0.06971581,-0.1110758,0.4340091,-0.4114707,-0.6175189,0.51088,-0.1268756,-0.0668155,-0.3372642,0.4167931,-0.4101749,-0.6288776,0.5123993,0.05199405,-0.09873094,-0.08174285,0.4132442,-0.4153349,-0.6280825,0.5120924,0.1300277,-0.01745879,0.03967228,0.4186352,-0.4172106,-0.6221654,0.5134102
0,0,1,-0.03752169,-0.03414669,0.05791787,0.1052936,-0.7584179,-0.6381841,0.08022854,-0.026365,0.07055788,0.01625139,0.09353667,-0.7616088,-0.6350075,0.0892655,-0.01748346,0.009456951,-0.002672343,0.08905154,-0.7658197,-0.6301955,0.09188905,0.003436196,0.02013533,-0.06414893,0.08171281,-0.7700585,-0.6271305,0.08390629,-0.04346811,-0.0282172,-0.0379195,0.07100454,-0.7724948,-0.6273825,0.0678328,-0.006903358,-0.003320815,-0.07696318,0.0576174,-0.772117,-0.6309857,0.04870906,-0.1453291,-0.02948317,0.05876559,0.03663781,-0.7720284,-0.6340615,0.02440763,-0.0535867,0.01346297,0.03329978,0.01924676,-0.7731558,-0.6338221,0.0113683,-0.0009919768,-0.02346967,0.03658685,0.006650567,-0.774666,-0.6323355,0.0003225505,0.08984289,0.08200219,0.1138077,0.002551168,-0.7713053,-0.6363589,-0.01135263,0.06845471,-0.05024274,0.02180142,-0.001982212,-0.7729629,-0.6337099,-0.03059754,0.07265547,0.003431386,0.01270778,-0.006023645,-0.7700173,-0.6362038,-0.04776931,0.04251744,0.01215013,-0.01365541,-0.007704496,-0.7686051,-0.6367087,-0.06155437,-0.00810381,-0.009400839,0.002028344,-0.01325291,-0.7664568,-0.6379279,-0.07359442,0.00252635,0.03045896,-0.004317227,-0.01194653,-0.764743,-0.6400266,-0.07342583,0.05726954,0.008065045,-0.005357109,-0.00653702,-0.7668344,-0.638796,-0.06214431,0.07186308,0.01351053,-0.05716605,-0.004550576,-0.7675924,-0.6391163,-0.04807743,0.0730656,-0.05611738,-0.09819159,-0.00556764,-0.7667395,-0.64112,-0.03232121,0.0608933,-0.08020642,-0.03272017,-0.001524687,-0.7630681,-0.6457337,-0.02743542,0.1186418,0.07444186,0.01116172,0.009080529,-0.7572963,-0.6522138,-0.03220272,0.05796626,-0.07172564,-0.001007863,0.001242757,-0.7602502,-0.6483932,-0.04005608,-0.04107673,0.0133278,0.1329411,-0.02844763,-0.7595394,-0.6477861,-0.05161184,-0.07562346,0.04905622,0.049229,-0.04734239,-0.7594351,-0.6466331,-0.0536904,0.01754199,-0.0496505,0.0476609,-0.06336084,-0.7609456,-0.6431086,-0.0579524,-0.08309828,0.06481093,0.05065805,-0.0935117,-0.7602985,-0.6390083,-0.06978723,0.02678178,0.01856352,0.01601258,-0.1157572,-0.7600375,-0.6343759,-0.08068779,0.01863932,-0.03341898,0.01146974,-0.1389743,-0.758941,-0.6287169,-0.09700373,-0.02629977,0.04329488,0.002004142,-0.1772737,-0.7518513,-0.6216252,-0.1299064,-0.05593524,-0.02229268,0.002039601,-0.2024482,-0.7475857,-0.6129023,-0.1564648,-0.004234166,-0.00284294,-0.04178248,-0.2220644,-0.7422899,-0.6051559,-0.1829737
0,1,0,-0.03606353,-0.1009787,-0.1263864,0.4313778,-0.4918925,-0.5951173,0.4666803,0.02552738,-0.2094036,0.1246573,0.4556081,-0.5125857,-0.5804633,0.439021,0.01416892,-0.4030728,0.262549,0.4700852,-0.5319619,-0.5668511,0.4179906,0.04491094,-0.3833298,0.2436522,0.4694633,-0.5259353,-0.5692845,0.4229792,0.00597352,-0.2497574,0.1939274,0.4523912,-0.506222,-0.5877373,0.4400526,0.04475175,-0.1011387,0.04225278,0.4238906,-0.4880303,-0.609733,0.4586599,-0.04824079,-0.07338098,-0.07760937,0.395082,-0.477257,-0.6263037,0.4731592,-0.07420023,0.07012387,-0.02453766,0.3796615,-0.4658799,-0.6360144,0.484044,0.07532153,0.08599946,-0.0452735,0.3815974,-0.4616676,-0.6362537,0.4862384,0.04557214,0.273362,-0.08866135,0.3894446,-0.4749719,-0.6267928,0.4794427,0.03480388,0.2993036,-0.01974983,0.3984503,-0.4991077,-0.6145323,0.4631186,-0.1690714,0.1880819,-0.01400659,0.411099,-0.5204931,-0.6014302,0.4453832,0.04236778,0.3969109,0.1982998,0.4232219,-0.5302958,-0.5911348,0.4361526,0.04491881,0.7610421,0.08017463,0.4198627,-0.526124,-0.5916893,0.4436358,0.08456745,0.2016247,-0.2231389,0.4093253,-0.5099717,-0.6039702,0.4556331,0.08449575,-0.00191296,0.006218724,0.3978411,-0.4965878,-0.6154866,0.4650798,-0.02911229,0.08977325,0.002809024,0.3940879,-0.4794077,-0.6228758,0.4763284,0.1460895,-0.06887423,-0.27479,0.3980113,-0.4625127,-0.6260794,0.4854828,0.03276791,-0.227754,-0.2679301,0.4061633,-0.4659405,-0.6164427,0.4877799,-0.08162215,-0.06136049,-0.2152792,0.4081599,-0.4688365,-0.61504,0.4851016,-0.05205083,0.08576169,-0.03559178,0.4193603,-0.4776461,-0.6043686,0.4803433,-0.05584016,-0.1194458,0.02547788,0.4473122,-0.4896308,-0.5870711,0.4642424,0.04881553,-0.08080167,0.1901461,0.4766411,-0.5059355,-0.5684415,0.4401326,0.06226863,-0.241953,0.3259825,0.4903509,-0.5181844,-0.556693,0.4255983,-0.001828944,-0.3671074,0.2316935,0.48584,-0.5156559,-0.5594862,0.4301552,-0.03545114,-0.2512876,0.1470641,0.4747389,-0.4956617,-0.5721794,0.4489467,0.02368469,-0.2010369,0.008864372,0.4496326,-0.4750099,-0.5955271,0.4664156,-0.007479297,-0.06708069,-0.06826413,0.4191029,-0.4683421,-0.6148053,0.4764692,-0.01176548,0.1312918,-0.1350399,0.399206,-0.4695922,-0.6231048,0.4815163,-0.0074303,0.2618644,-0.090427,0.3955825,-0.4704597,-0.6223667,0.4846048
1,0,0,0.02426242,-0.1033375,0.1131964,-0.8339656,-0.5477518,0.04500267,-0.0494377,0.05069893,0.09630229,0.1833697,-0.8290844,-0.548118,0.01573564,-0.1092616,-0.01498812,0.08194034,0.3192139,-0.827449,-0.5478331,0.002055418,-0.1232992,0.0443708,0.07193884,0.3472005,-0.8341482,-0.5411041,0.01737594,-0.1053621,0.07265726,-0.02073243,0.2634009,-0.8345037,-0.5433,0.02870611,-0.08720416,0.0743205,-0.001606763,0.1377793,-0.8326873,-0.5436188,0.02402037,-0.1026329,-0.03823587,0.09888291,-0.05391423,-0.8301699,-0.5371382,0.01270724,-0.1487919,-0.1336145,0.07697055,-0.2430517,-0.838181,-0.5270682,0.00335642,-0.1401449,-0.04704265,0.003491874,-0.510146,-0.8451926,-0.525466,0.02443546,-0.09453996,0.02292619,-0.1811831,-0.2993415,0.8391,0.536047,-0.07168636,0.05852992,-0.02430702,-0.1994321,-0.05228241,0.835844,0.5425545,-0.07526323,0.0365348,-0.08511182,-0.07480331,0.07011142,-0.83176,-0.5499827,0.03396756,-0.06738362,0.04617566,0.1187126,0.2404679,-0.8270669,-0.5477976,0.009590548,-0.1256429,0.02837466,0.111177,0.3528067,-0.8299766,-0.5418828,0.004108161,-0.1322311,0.005701366,0.2268322,0.2224656,-0.8484799,-0.5196399,-0.003058471,-0.1002335,0.03254449,-0.01833292,0.05179073,-0.8367506,-0.5430616,0.02597334,-0.06525192,0.1099036,-0.03116793,0.1360042,-0.8336211,-0.5415553,0.03686182,-0.1021511,-0.05244727,0.1224924,-0.0310616,-0.834962,-0.5325347,-0.001771033,-0.1387157,-0.1212203,0.1312204,-0.1847076,-0.8370385,-0.5259137,-0.01940941,-0.1496812,0.01518042,0.0356178,-0.3521809,-0.8452404,-0.519244,0.001056924,-0.1263065,0.02462445,-0.09705044,-0.3665289,-0.8463576,-0.5260059,0.04678977,-0.06933546,-0.09620777,-0.2189674,-0.2880255,0.8419845,0.5351863,-0.06595898,0.01694079,-0.08184408,-0.1653069,-0.07522742,0.838859,0.5420022,-0.04889772,0.01258226,0.08063715,-0.02252721,0.18224,-0.831759,-0.5478987,0.03521156,-0.08212341,0.0758428,0.1570865,0.304498,-0.8287393,-0.5404385,0.0126432,-0.1447673,-0.0849884,0.1628112,0.1527835,-0.8315699,-0.533126,-0.0004300699,-0.1557814,0.1458811,-0.1201691,0.08216839,-0.8444219,-0.5261263,0.02352938,-0.09792459,0.05777678,-0.1357891,0.2338422,-0.8382494,-0.5357655,0.04309934,-0.09184684,-0.05531223,-0.06860851,0.18814,-0.8394029,-0.5340271,0.0202765,-0.09902841,-0.0266966,0.08087642,0.04816845,-0.8406932,-0.5270804,-0.006599996,-0.1240063
0,0,1,-0.04352029,0.05649567,0.06952175,0.3055357,-0.711332,-0.5635756,0.2881616,-0.09636834,-0.04407052,0.03355069,0.3251815,-0.7014841,-0.5499457,0.3158114,-0.02909931,0.01590068,0.01339952,0.3447368,-0.696173,-0.5282837,0.3426603,-0.06721485,0.05575562,0.03155173,0.3642229,-0.6880454,-0.5105642,0.3650469,0.02531058,-0.03546196,-0.01912999,0.387314,-0.6777039,-0.492989,0.3842748,-0.01765197,0.002521925,-0.02305836,0.3998008,-0.670076,-0.4850922,0.3947694,-0.05883678,0.004532132,-0.02025925,0.4072328,-0.6650867,-0.4817451,0.3996783,-0.0516091,-0.006972855,-0.05429111,0.4148274,-0.6596914,-0.4824221,0.3999929,-0.07625272,-0.1050621,0.007670997,0.4207559,-0.6533724,-0.4910594,0.3936109,-0.06369629,0.05056472,0.01889951,0.4198268,-0.648367,-0.4976597,0.394589,-0.05171953,0.00401633,0.01381745,0.4232523,-0.6427291,-0.5013941,0.3954247,0.002641637,0.07859103,0.04411573,0.4288357,-0.6345777,-0.5015284,0.4023436,0.06655735,0.01047338,0.07019959,0.4422488,-0.623903,-0.4952984,0.412117,0.13298,-0.07105637,0.04048361,0.4607255,-0.6095085,-0.4890727,0.4207605,0.05402388,0.07597643,0.01922114,0.4875771,-0.589943,-0.4857078,0.4222839,-0.01236964,-0.02575285,-0.02402215,0.5095383,-0.578874,-0.4754632,0.4233324,0.01543764,-0.01046006,-0.04355742,0.5320637,-0.5644352,-0.4605574,0.431518,0.02399167,0.03335305,-0.08031569,0.548956,-0.5508057,-0.4445561,0.4445561,0.04895275,-0.03386681,-0.08464395,-0.5665224,0.5326356,0.4207534,-0.4672454,0.1039375,-0.0822883,-0.008186969,-0.5771861,0.5124234,0.407238,-0.4882986,0.1216025,0.08048532,0.0924909,-0.5957451,0.483377,0.3983434,-0.5027494,-0.06739511,-0.06851228,0.06131837,-0.6055474,0.478027,0.3800343,-0.5102709,-0.03013799,0.07552218,0.1450024,-0.6121005,0.4679071,0.3635027,-0.5236999,-0.04668548,-0.01064289,0.03070406,-0.6220641,0.4584741,0.3399621,-0.5359697,-0.0620934,-0.01805199,0.05023361,-0.6288068,0.4514186,0.3205123,-0.5459809,-0.004904604,0.02200793,0.002164126,-0.6359634,0.4438429,0.3015619,-0.5546299,-0.006321418,0.01424086,-0.01951763,-0.6398581,0.4370984,0.2918574,-0.5606655,0.1028057,-0.04674289,-0.01108572,-0.6424386,0.4279397,0.2903869,-0.5655224,-0.02389504,0.004867734,0.02754007,-0.6418295,0.4253657,0.2893736,-0.5686666,0.02863715,0.02004489,0.03025354,-0.6425707,0.4267333,0.2927789,-0.5650504
1,0,0,-0.07985416,0.01077223,-0.09280393,-0.6106936,-0.6060943,-0.3081948,-0.4058558,-0.4962543,0.1510848,-0.1367926,-0.6609384,-0.5912911,-0.2699893,-0.3750212,0.2357353,-0.2152379,-0.08174312,-0.6590753,-0.6105637,-0.2495248,-0.3613433,0.1728459,0.0270761,-0.6943296,-0.6323563,-0.5781546,-0.3542276,-0.3746805,0.2067716,0.5619051,0.2950058,-0.6524323,-0.5852257,-0.3203765,-0.3594465,-0.3240336,0.1838012,-0.2869911,-0.6517414,-0.5668618,-0.3498844,-0.3626041,-0.8481198,-1.495314,0.6516626,-0.6410069,-0.6055639,-0.2609597,-0.3928135,-0.07081119,0.1634425,0.4022698,-0.686316,-0.5901528,-0.2968413,-0.3042621,-0.1831184,-0.09943131,0.09107088,-0.6231121,-0.5911266,-0.3580891,-0.3661597,-0.007830896,0.3315971,0.1163354,-0.6195124,-0.6271935,-0.315814,-0.3508479,0.009071947,-0.07659312,-0.06138762,-0.630256,-0.6470484,-0.2722053,-0.3316776,-0.01967998,0.01718523,-0.1449291,-0.6428572,-0.6603268,-0.2393373,-0.3056481,0.04137172,-0.1137649,-0.08943751,-0.652859,-0.6750056,-0.2084956,-0.2732622,0.1707642,-0.2638812,-0.1054957,-0.6576732,-0.6947185,-0.1816568,-0.2276685,0.08685232,-0.3014039,-0.1388862,-0.6621135,-0.7275441,-0.1175256,-0.1359154,0.3540198,0.2828326,0.4035496,-0.6722151,-0.7366596,-0.03984091,-0.06222563,0.03916778,0.1603853,-0.008091885,-0.6776686,-0.7332178,-0.03323005,-0.04530661,-0.01999172,0.1191223,-0.3220507,-0.6828659,-0.7302272,0.0006467262,-0.02149182,0.06064662,-0.2972724,-0.7356722,0.6772373,0.7331243,-0.06036877,0.01529324,-0.5204172,0.1963011,0.1654097,0.6687526,0.7402195,-0.05042419,0.04798279,0.4656546,-0.05073211,-0.2163917,-0.6726759,-0.7394193,0.01286489,-0.02450709,-0.02954507,-0.2450752,0.1002501,0.6684579,0.7434546,-0.01656801,0.01283337,-0.02147929,-0.02211492,0.001340754,0.6714221,0.7408991,-0.01343564,0.008960469,-0.0231504,0.1144109,0.1899124,0.6672317,0.7442892,-0.02838523,-0.005454449,0.006201143,0.05148446,0.2017955,0.6640348,0.7458319,-0.05003016,-0.01701478,0.06829605,0.1405188,0.36787,0.6613515,0.749497,-0.02757744,-0.01038622,0.03144281,0.0531246,0.2827877,-0.6621592,-0.7490978,0.006701528,-0.01878094,-0.04195605,0.05997791,0.08689006,-0.6636441,-0.7460387,-0.0199476,-0.0510373,0.02903738,-0.01011263,-0.2039004,-0.666558,-0.7399969,-0.04282807,-0.07918852,0.01419091,0.182744,-0.4706088,-0.6702938,-0.73232,-0.06643036,-0.100003
0,0,1,-0.02186034,0.017006,0.03669753,-0.7265615,-0.2112694,-0.125219,-0.6417117,0.003145532,0.04260938,0.03944135,-0.7345233,-0.1894003,-0.1129894,-0.6417449,-0.0440258,-0.004875125,0.0843192,-0.743189,-0.1624267,-0.1044585,-0.640606,-0.07371975,-0.1037123,0.03025059,-0.7491146,-0.1307912,-0.09328425,-0.6426654,-0.04881376,0.0838886,0.01908379,-0.7537321,-0.08239219,-0.07651377,-0.6474915,-0.05587652,0.01937865,0.06453676,-0.7599707,-0.0319126,-0.04715079,-0.6474589,-0.03603987,0.0286802,0.04461606,-0.7619408,0.01683104,-0.014929,-0.6472558,-0.02475095,-0.0008137689,0.0009487366,-0.7623637,0.04714462,0.007769734,-0.6453824,-0.02609635,-0.008627428,-0.004358691,-0.7626424,0.07356331,0.02574125,-0.6421078,-0.00990584,0.03345214,0.01235071,-0.7618879,0.0969646,0.04122072,-0.6390818,-0.04705642,0.01630854,-0.01127294,-0.7600495,0.1144049,0.0601584,-0.6368809,0.01256306,0.01386986,-0.02211574,-0.759044,0.1257268,0.07802287,-0.6340011,0.03494627,0.004130597,-0.05620848,-0.7578205,0.1440166,0.1054529,-0.6275722,-0.06175379,-0.07788064,-0.02195096,-0.7576567,0.1602549,0.1282274,-0.6195421,-0.002128895,-0.02464277,-0.006637254,-0.7554927,0.1751082,0.1431842,-0.614871,-0.04839983,0.08432096,0.01135056,-0.7552025,0.1933135,0.1516554,-0.6077004,-0.009878827,-0.04781806,-0.01952899,-0.7563256,0.2056271,0.1564687,-0.6010046,0.08126753,0.06018175,0.09671735,-0.7501802,0.2077273,0.1630536,-0.6062116,0.07825354,-0.02055136,0.03199273,-0.7469445,0.2075297,0.1845832,-0.604098,0.03732654,0.03235772,0.03673215,-0.7423992,0.2065553,0.2033592,-0.6040061,0.01361218,0.04437656,-0.04674955,-0.7432411,0.2023687,0.219213,-0.5988199,-0.02291996,0.0009179212,-0.05630796,-0.744411,0.206374,0.2260009,-0.5934523,0.02930475,0.02322227,-0.1337437,-0.7452514,0.209425,0.2204875,-0.5934027,0.06937347,-0.04166471,-0.07124983,-0.7435775,0.2140909,0.2102729,-0.5975307,0.1092648,-0.04489236,-0.04712876,-0.7369961,0.2037739,0.2057136,-0.6107331,0.09747139,0.01291644,0.1614162,-0.7374543,0.1809366,0.2132822,-0.6147631,-0.1052031,-0.03294753,0.1180371,-0.7381661,0.1871278,0.2061328,-0.6144943,-0.004358239,-0.07343136,0.08250971,-0.7353638,0.1983606,0.1992874,-0.6165855,-0.08348396,0.1048308,0.03448172,-0.7337689,0.2163897,0.1857595,-0.6166458,-0.0388841,0.04307724,0.0145469,-0.7375634,0.2201903,0.1768091,-0.6133963
0,1,0,-0.03834136,-0.4476633,0.07504893,-0.5818667,-0.2931017,-0.3340526,-0.6811252,0.06021986,-0.5194461,-0.06116767,-0.5675763,-0.2756854,-0.3279061,-0.7030876,-0.131786,-0.2980881,0.0002027129,-0.5493205,-0.249746,-0.3242203,-0.7285295,-0.00517488,0.0773451,0.1083933,-0.5121046,-0.2248657,-0.3269659,-0.7617595,0.06786264,0.1515172,0.0138013,-0.4893875,-0.2177265,-0.3359039,-0.7747668,0.008497792,0.1774471,0.03934132,-0.4799812,-0.217201,-0.3434912,-0.7774674,0.009756191,0.2620881,0.1185028,-0.4842861,-0.2207868,-0.3443411,-0.7734012,0.02822236,0.2955256,0.2144295,-0.5013262,-0.2305728,-0.341754,-0.7607315,-0.01592297,0.342576,0.4038399,-0.5220959,-0.2452172,-0.3360077,-0.7445691,0.003092336,0.3052314,0.03830896,-0.5218855,-0.2495987,-0.3401836,-0.7413577,-0.0460724,0.08000346,-0.01662722,-0.5216894,-0.2461958,-0.3456542,-0.7401019,0.07303791,0.1155651,0.1167099,-0.5118623,-0.2495543,-0.3568865,-0.7405076,0.006881681,0.01813116,-0.04313717,-0.5046283,-0.2532797,-0.3688142,-0.7383602,-0.08862638,0.01472233,-0.021859,-0.5048995,-0.2589445,-0.3824484,-0.7292169,-0.04179171,-0.06567226,-0.08324458,-0.5010502,-0.2696412,-0.3937874,-0.7219237,-0.2166332,-0.151286,-0.1915799,-0.5006556,-0.284664,-0.4083147,-0.7082298,-0.1223858,-0.1919422,-0.09179022,-0.5093,-0.2960238,-0.4122156,-0.6950264,0.04918412,-0.2087018,-0.07407144,-0.5164267,-0.3112513,-0.4128773,-0.6826115,-0.03295005,0.05301926,0.08676604,-0.5384479,-0.3100514,-0.3941681,-0.6771804,-0.1217417,-0.2813129,0.1357293,-0.5661212,-0.3064405,-0.3773566,-0.6657349,-0.02288011,-0.517167,0.04274104,-0.5687498,-0.3012055,-0.372722,-0.6684887,-0.07861889,-0.4933982,0.09476317,-0.5686861,-0.2833127,-0.3548242,-0.6858789,-0.04366519,-0.2475335,0.08227585,-0.5464806,-0.2532216,-0.3391178,-0.7226595,0.01472636,-0.01877153,-0.01948156,-0.5198494,-0.2334078,-0.3384693,-0.7488096,-0.06094221,0.1704529,-0.004285561,-0.5030459,-0.2241969,-0.3470018,-0.7591248,0.02683787,0.1977172,-0.0532353,-0.4956653,-0.2275007,-0.3558872,-0.7588832,0.02928607,0.2423199,0.06270715,-0.4969047,-0.2370854,-0.3631203,-0.751678,0.06655069,0.2408209,0.08812959,-0.513456,-0.250597,-0.3615445,-0.7367833,-0.009668997,0.4011227,0.1427638,-0.544731,-0.2722223,-0.3542129,-0.7097157,0.05312553,0.6354046,0.2378572,-0.5490769,-0.2788584,-0.3521733,-0.7047883
0,1,0,0.007768391,0.002833215,0.02368406,-0.4912747,0.53772,0.4446748,-0.5213162,0.002848386,0.01440793,-0.0156427,-0.4901541,0.5411213,0.4445429,-0.5189589,0.02397458,-0.006638907,0.0468374,-0.4884659,0.5419722,0.4464837,-0.5179957,-0.08262887,0.1823293,-0.02924744,-0.4988395,0.5370741,0.4462189,-0.5134192,-0.06469779,-0.1718197,-0.01780482,-0.49601,0.5439509,0.4510563,-0.5046183,-0.1199707,0.03456894,0.1847806,-0.5065032,0.5321016,0.455892,-0.5024787,0.01904248,-0.1248327,0.07148889,-0.559746,0.5048144,0.4168481,-0.5080201,0.05816711,-0.09878851,-0.001224993,-0.6278906,0.4428362,0.4254768,-0.4781411,0.01427138,0.1776737,-0.02455381,-0.6561473,0.3838933,0.3995655,-0.5122929,-0.04047814,0.4434502,0.02389271,-0.691925,0.3354993,0.3942989,-0.5031981,-0.1649759,-0.3698013,0.1868758,-0.6951146,0.3337459,0.3864948,-0.506015,0.3198344,-0.2454861,0.1375732,-0.6589798,0.373282,0.4111099,-0.507341,0.1666566,0.1182145,0.1240919,-0.59751,0.465989,0.4442771,-0.4779685,-0.002501366,0.08568671,0.1736368,0.5150802,-0.527909,-0.5056137,0.447615,-0.1689117,-0.2697685,-0.01954467,0.4794609,-0.5686129,-0.5038836,0.4392015,0.1599917,-0.6468172,0.2319867,0.4887415,-0.5443988,-0.5356621,0.4216963,0.01660589,-0.2281637,0.05902739,0.473473,-0.509841,-0.5694366,0.4377527,-0.1337415,-0.03400159,-0.03409778,0.4633261,-0.4667881,-0.5959499,0.4607401,-0.06024547,0.2940859,-0.05178428,0.4658644,-0.4142675,-0.6004423,0.5008211,0.100433,0.1630901,-0.1325541,0.4878024,-0.3862839,-0.5872223,0.5176906,-0.01952875,0.3122876,-0.05090534,0.5026678,-0.3778943,-0.5739793,0.5244699,-0.04545367,0.7555025,0.01486454,0.5218251,-0.400124,-0.5567806,0.507538,-0.1258766,0.3902928,-0.01361072,0.5337043,-0.4269757,-0.5422175,0.4887245,-0.05654664,0.175156,0.1139355,0.5266995,-0.4307619,-0.5470636,0.4875994,-0.01765123,0.06873012,0.1715211,0.5027082,-0.4262021,-0.5673246,0.4937398,-0.03653269,0.07719465,-0.04248432,0.4693281,-0.4087403,-0.5962545,0.5070927,0.04952037,-0.08782276,-0.07610297,0.4510093,-0.3922448,-0.6125503,0.5172203,-0.09175987,-0.1514642,-0.2169972,0.4508072,-0.3820113,-0.6185152,0.5179566,0.08987831,0.1473,-0.1874004,0.4421671,-0.3744756,-0.6223209,0.5262821,-0.043268,0.08748861,-0.0496214,0.4480325,-0.373802,-0.6118919,0.5339731
0,1,0,-0.04966745,-0.05847495,-0.01730179,-0.3560995,-0.6843662,-0.6009666,-0.208986,0.09252309,-0.04746214,-0.01965658,-0.3378173,-0.6860496,-0.6076731,-0.2143567,0.05248338,-0.03886057,-0.03249894,-0.3210599,-0.6880915,-0.6130704,-0.2181635,-0.01110966,-0.04743987,-0.01404281,-0.3088027,-0.6866897,-0.6211458,-0.2174306,-0.1625826,-0.01181676,-0.01649993,-0.331725,-0.6735682,-0.6219282,-0.2224177,0.01481553,-0.01870618,0.001488291,-0.3406752,-0.6662372,-0.6295036,-0.2092693,0.1963799,0.008525124,-0.01826104,-0.2803642,-0.6952302,-0.6344725,-0.1884024,0.05261516,0.006553621,-0.01290886,-0.2303683,-0.7117984,-0.6426551,-0.1651299,0.1131079,0.03654783,-0.04059439,-0.1688239,-0.7249783,-0.6533118,-0.1381616,0.1292871,-0.0061374,0.06060092,-0.1390457,-0.7330401,-0.6535714,-0.1271336,0.1170966,0.06648038,0.01988142,-0.100563,-0.7435068,-0.6504014,-0.1185864,-0.1328473,0.003559558,0.05431731,-0.1167923,-0.747008,-0.6427799,-0.1231764,-0.08411971,-0.03737988,0.1287706,-0.1614499,-0.7476188,-0.6306713,-0.1313536,0.170517,-0.00467567,-0.2076561,-0.1505046,-0.7451129,-0.6362814,-0.131534,0.08762073,0.03005859,0.07794935,-0.09083289,-0.7544693,-0.6364074,-0.1323287,0.04018807,-0.02390991,0.0637634,-0.1133028,-0.7556721,-0.627904,-0.1478467,0.07437581,-0.03058304,-0.02572054,-0.09237656,-0.7557631,-0.629747,-0.1539725,0.06641043,-0.05752951,0.009709965,-0.08300728,-0.7532403,-0.6320941,-0.1618515,-0.007920656,-0.121842,-0.08728583,-0.08910856,-0.7483102,-0.6356468,-0.1674651,-0.1393046,-0.06015112,0.06212901,-0.1296675,-0.7427771,-0.6322678,-0.1780616,-0.119683,-0.1794892,-0.04080502,-0.1808961,-0.7427157,-0.6141351,-0.1961831,0.008241185,0.1233578,-0.07895248,-0.2027947,-0.7291452,-0.6199936,-0.2069527,-0.1395521,-0.01218728,-0.1384941,-0.226366,-0.7092924,-0.6292115,-0.2230596,0.09463946,-0.03046654,-0.1641809,-0.2308857,-0.6943545,-0.6397731,-0.2350617,-0.0293881,0.001639888,-0.0625072,-0.2256093,-0.68317,-0.6494329,-0.2462031,0.1155026,0.09098487,-0.2088916,-0.2293491,-0.6647584,-0.6611373,-0.2615199,0.1991888,0.1271258,-0.2648943,-0.1568302,-0.6505213,-0.6979437,-0.2551486,-0.03291592,0.1818175,-0.1980449,-0.1361791,-0.6272901,-0.7221541,-0.2577899,0.02347787,0.3318789,-0.174552,-0.1424216,-0.5949031,-0.7446696,-0.2669709,0.06994072,0.1288493,-0.04141697,-0.08651499,-0.5768092,-0.7749872,-0.2433126
0,0,1,-0.01072718,0.006504997,-0.007916937,-0.4088142,-0.2897174,-0.4937818,-0.7107139,-0.0129261,0.002517452,-0.002308369,-0.4144712,-0.2836795,-0.4898776,-0.7125724,-0.00541712,0.0001368275,-0.006684419,-0.4193999,-0.2779212,-0.4891388,-0.7124654,-0.00538174,-0.004224343,0.01189495,-0.4227139,-0.2732621,-0.4894519,-0.7120938,0.007180592,0.005459778,-0.0003319065,-0.4246728,-0.2692865,-0.4921637,-0.7105721,0.007428193,-0.006702993,-0.005781571,-0.4267937,-0.2668434,-0.4961353,-0.7074541,0.01370065,-0.008691515,-0.007522062,-0.4285755,-0.2657503,-0.4993365,-0.7045302,0.01793608,-0.00003880184,-0.003693322,-0.4300001,-0.2660994,-0.504858,-0.6995781,0.01968541,-0.009555657,0.003583675,-0.4306934,-0.2677854,-0.5083963,-0.6959363,0.02062313,-0.006185441,-0.007788813,-0.4316124,-0.2681956,-0.5091109,-0.6946855,0.01768963,-0.01978252,0.001966349,-0.4320183,-0.2700554,-0.5107602,-0.6924986,0.01240942,0.007749573,0.004299808,-0.4302634,-0.2713739,-0.5122322,-0.6919883,0.004208103,-0.002916848,-0.0003445973,-0.429911,-0.2726933,-0.5132559,-0.6909292,0.0121423,-0.006808313,-0.002110178,-0.4304355,-0.2734648,-0.513239,-0.6903101,-0.003568863,0.0001266165,-0.00212671,-0.4312531,-0.2734149,-0.5110593,-0.6914358,-0.005771166,0.008794403,0.006054788,-0.431251,-0.2733831,-0.508952,-0.6930023,-0.00443074,-0.00805425,-0.0001350771,-0.430744,-0.2733004,-0.5070465,-0.6947448,-0.006143685,0.01606737,-0.00002474954,-0.4307442,-0.272139,-0.5058067,-0.696103,-0.0005220926,-0.01099006,0.004361511,-0.4299714,-0.2733182,-0.5054333,-0.69639,-0.003426408,-0.008254775,0.005258913,-0.4287217,-0.274582,-0.5053067,-0.6967551,-0.003694058,-0.004060481,0.0008978395,-0.4274118,-0.2751933,-0.50555,-0.6971421,-0.006979022,0.004497415,0.003576722,-0.4255946,-0.2769265,-0.507331,-0.6962731,-0.004568415,0.007942707,0.003190211,-0.424882,-0.2780798,-0.5080242,-0.695743,-0.004534008,0.001245062,0.001147085,-0.4242967,-0.2785076,-0.5094568,-0.6948809,0.00585306,0.003630257,0.006752006,-0.4224351,-0.276496,-0.5117924,-0.6951022,0.01068499,-0.002728576,0.01245563,-0.4209762,-0.2727669,-0.5109379,-0.6980828,-0.01007295,0.007061254,-0.01191387,-0.4170435,-0.2694632,-0.512373,-0.7006698,-0.006068674,0.006269755,0.00349907,-0.4112126,-0.2656026,-0.5128958,-0.705193,-0.008368764,-0.01203966,0.00112783,-0.4043337,-0.2632455,-0.5149921,-0.708519,-0.008096829,-0.01932332,0.01419121,-0.3939396,-0.2616805,-0.5197971,-0.7114393
1,0,0,-0.008343814,-0.05843842,-0.02312794,-0.0179976,-0.06410236,-0.9419562,-0.3290675,-0.006098556,-0.03930217,0.02740781,-0.01952141,-0.06912262,-0.9389247,-0.3365434,0.07981864,0.008532624,0.05277779,-0.01465796,-0.07177377,-0.9414951,-0.3289691,0.02250678,0.08844122,0.09929731,0.0009413436,-0.07161684,-0.9527967,-0.2950399,-0.1278459,0.07281367,0.07219904,-0.007226909,-0.05058233,-0.9555011,-0.2905286,-0.06898518,-0.01017034,0.04762182,-0.00856391,-0.04857702,-0.9563517,-0.288025,-0.05199638,0.03173914,-0.008414456,-0.03138953,-0.04008217,-0.9444124,-0.3247972,0.03351739,0.0652672,-0.01071728,-0.03105752,-0.03117242,-0.9471037,-0.3178965,0.04386622,0.05643884,-0.007300872,-0.02705961,-0.01693926,-0.9543889,-0.2968548,-0.1263059,0.02258914,0.07089553,-0.02786463,-0.006804031,-0.9542563,-0.297611,0.09444855,0.01682551,0.01100514,-0.02793595,-0.0060886,-0.9464965,-0.3214449,-0.01119051,0.1701305,-0.01268635,-0.01511758,0.01044449,-0.9524435,-0.3041607,0.06234183,0.09060669,0.1071447,-0.01000725,0.02662802,-0.9539986,-0.2984587,0.03837597,0.02492926,0.2211369,0.005732892,0.03281045,-0.9607649,-0.2753569,-0.09892378,0.07052236,0.1065063,-0.00129592,0.04711578,-0.9536176,-0.2973077,0.03663078,0.09699385,-0.02786409,0.002185173,0.07478092,-0.9587033,-0.2743923,-0.00400467,-0.01459494,0.01343409,0.003964834,0.07890248,-0.9600759,-0.2683524,0.02296071,-0.0641728,-0.06224564,0.002347693,0.06521516,-0.9582487,-0.2783897,0.08950594,-0.1263088,-0.136006,0.008783303,0.04837248,-0.9621454,-0.2680658,-0.1048254,-0.1017007,-0.08848502,-0.002435409,0.02468517,-0.9543276,-0.2977307,-0.007323257,-0.09188279,-0.06362004,-0.009256209,0.01298565,-0.9509431,-0.3089544,0.03879317,-0.08609378,-0.0173592,-0.01369604,-0.004226862,-0.9466456,-0.3219575,-0.01802795,-0.07480766,-0.02310606,-0.01596117,-0.0192653,-0.9452763,-0.3253103,-0.002155577,-0.06860977,-0.005731197,-0.01578889,-0.03235983,-0.9455425,-0.3235013,0.04266791,-0.05471778,0.009264109,-0.01516607,-0.0430296,-0.946061,-0.3207602,-0.02203372,-0.05560185,0.02177221,-0.01825893,-0.05126229,-0.9459481,-0.31972,-0.01791413,-0.04535453,-0.02801658,-0.0232868,-0.0589348,-0.9429468,-0.3268573,-0.007177647,-0.04624739,-0.045757,-0.0264563,-0.06447228,-0.9416466,-0.3293096,0.02494258,-0.06665833,-0.1844618,-0.0303598,-0.06960681,-0.9388241,-0.3359202,0.05396323,-0.05416673,-0.01283825,-0.02765042,-0.07835019,-0.9350957,-0.3445183
0,1,0,-0.293393,0.2784125,0.1045597,0.4773184,-0.5744553,-0.4872169,0.4525351,-0.07616504,-0.9705737,0.2840674,0.4748229,-0.5692444,-0.5079235,0.4387683,0.02410295,-0.4012552,0.1148241,0.4564109,-0.5320477,-0.5454033,0.4595102,0.09788797,-0.1841347,-0.02084256,0.4360032,-0.4991192,-0.5760624,0.4784697,0.1344248,0.2467832,-0.04248763,0.4252811,-0.4731691,-0.5875175,0.5000702,0.0125692,0.311494,-0.0163984,0.4340037,-0.4620637,-0.5810584,0.5104009,0.06722616,0.3566066,-0.03988839,0.4484878,-0.4589038,-0.5702689,0.5128932,0.05840129,0.5369322,0.08096391,0.4787836,-0.4623008,-0.5442454,0.510726,-0.04814423,0.5648037,0.2544309,0.4938205,-0.4573204,-0.5271024,0.5188087,-0.04043047,0.244982,0.2419667,-0.4867609,0.4412,0.5317028,-0.5345078,-0.004423416,0.04312645,-0.02562035,-0.4600816,0.4225007,0.5493523,-0.5550046,-0.01468163,0.03686807,-0.125557,-0.4437037,0.409581,0.5625026,-0.5647666,0.03646945,-0.05444637,-0.04853753,-0.4309995,0.3952628,0.5716547,-0.575515,0.1484864,-0.09279834,-0.04951618,-0.4327216,0.3859333,0.5735213,-0.5786888,0.2032112,-0.00079889,0.06197879,-0.431009,0.3895178,0.5749,-0.5761918,0.1728776,-0.2017249,-0.1728642,-0.4384365,0.3930588,0.5680777,-0.5749485,-0.04565054,-0.07538935,0.0800293,-0.445157,0.4019432,0.5633488,-0.568256,0.1118016,0.007158793,0.06119183,-0.4530944,0.4068781,0.5599915,-0.561752,0.04162101,-0.3031897,0.1024996,0.4581646,-0.4202993,-0.5542429,0.5533972,0.0002683247,-0.6537547,0.1052688,0.4627028,-0.4346047,-0.5475197,0.5452036,0.04145331,-0.5053386,0.06530872,0.4599758,-0.4368526,-0.5476382,0.5455955,-0.08577187,-0.2830999,0.001054019,0.4525544,-0.4367423,-0.5522044,0.5472851,-0.003254609,-0.045997,-0.041317,0.4486204,-0.4316128,-0.5559074,0.550833,-0.03108916,0.1718002,-0.09162276,0.4470816,-0.4350922,-0.5548821,0.5503804,-0.003047388,0.2627428,-0.06043173,0.4556123,-0.4450246,-0.5465046,0.5437859,0.04375518,0.4348604,-0.01662107,-0.4768693,0.4620825,0.5275669,-0.5298572,-0.081995,0.6338607,0.1748343,-0.5015827,0.473176,0.5046706,-0.5194486,0.05751024,0.5185174,0.1573492,-0.5137556,0.4673863,0.4949483,-0.5221412,0.04262698,0.1816318,0.02919734,-0.5022319,0.4607165,0.5056245,-0.5290059,0.008798262,0.03652566,-0.1538344,-0.4845864,0.4502042,0.523533,-0.5370339
1,0,0,0.1012871,-0.09956083,-0.05702606,0.03070762,0.05053405,-0.9531844,-0.2965516,0.007618611,-0.1054639,-0.03332475,0.03605359,0.03224301,-0.9575971,-0.2840213,-0.02919073,-0.08389837,0.01332469,0.01870173,0.01767777,-0.9480467,-0.3170889,0.00743806,-0.06578092,0.005270632,0.01001082,0.0027058,-0.9412442,-0.3375671,0.07536573,-0.1097813,0.02052423,0.01363345,-0.01536616,-0.9453166,-0.3255068,-0.09881498,0.002785566,0.09837686,0.00772961,-0.02230426,-0.9436957,-0.3299714,0.0135791,0.03489155,-0.04886814,0.002832038,-0.01526243,-0.9446858,-0.3276091,-0.02979815,-0.008736628,-0.02254435,0.001662183,-0.01658651,-0.9442267,-0.3288738,0.03937813,-0.02213188,-0.01943194,0.001422077,-0.02019116,-0.9424883,-0.3336257,-0.003561688,0.03535624,0.01640433,0.007059096,-0.01774684,-0.9457758,-0.324258,0.04792162,-0.02739054,0.02067837,0.006628215,-0.01836131,-0.9448048,-0.3270518,0.01021127,-0.0003454664,0.05261986,0.01181204,-0.02461881,-0.9473506,-0.3190316,-0.01683585,0.01498724,-0.07772086,0.008410876,-0.01876797,-0.9458737,-0.3238824,0.02665573,-0.03955806,-0.1394005,0.0101947,-0.02066797,-0.9465821,-0.3216382,-0.05739858,0.01527676,-0.0889908,0.005046927,-0.01739913,-0.9421557,-0.3346856,0.01964638,-0.04062365,0.09847576,0.004245907,-0.01890026,-0.9437574,-0.3300705,-0.005251904,-0.02195772,0.09717147,0.001143275,-0.02372517,-0.9422392,-0.3340974,0.07414186,0.04707053,0.01765133,0.005499688,-0.01968339,-0.9493002,-0.313706,-0.07452364,-0.09015015,0.04518401,0.01842122,-0.02795132,-0.9612049,-0.2737965,-0.07591204,-0.1304529,0.1159283,-0.01209817,-0.03751328,-0.9445493,-0.3259951,0.009501572,-0.0163341,0.07470375,-0.01472597,-0.05322205,-0.9424711,-0.3296947,-0.03266973,0.05987711,0.06892908,-0.01089756,-0.05130002,-0.9474328,-0.3156272,-0.1136718,0.0714673,-0.05420811,-0.01221227,-0.03797166,-0.9521025,-0.3031666,0.02747417,-0.0109106,0.01044314,-0.01305204,-0.03238475,-0.9522196,-0.3034116,-0.0608623,-0.05186559,-0.0465411,-0.01314611,-0.03481056,-0.9502876,-0.3091421,-0.03665426,-0.02102733,-0.09777139,-0.02436294,-0.03644232,-0.939036,-0.341013,-0.06306051,0.04637219,-0.06115238,-0.02055211,-0.03306726,-0.9380391,-0.3443352,0.01997638,0.08845725,-0.03067368,-0.01752253,-0.01811448,-0.943959,-0.329099,-0.06523445,0.07856826,0.05741515,-0.01890121,-0.007244735,-0.9441439,-0.3289112,-0.008673156,0.07439516,0.07566718,-0.02036047,0.00804024,-0.9453827,-0.3252265
1,0,0,-0.03585257,-0.01061724,-0.2019049,-0.8037947,-0.5931869,-0.003134359,-0.04509562,0.006527115,-0.006144281,-0.2854695,-0.8030738,-0.5926121,-0.0149598,-0.06049427,0.02112928,-0.0009144871,-0.3792924,-0.8043625,-0.5912029,-0.005297368,-0.05875407,-0.05951943,-0.1329469,-0.1815962,-0.8042763,-0.5933753,0.02039995,-0.02508339,-0.0100185,-0.07815992,0.01362839,0.8018255,0.5964862,-0.03398513,0.01118444,0.0002581076,0.2283308,0.1747791,0.8040169,0.5937066,-0.0268136,0.01871637,0.02251585,-0.01411438,0.2009504,0.8046118,0.5923934,-0.03980141,-0.00925445,0.6778212,0.1039452,0.367661,0.8117144,0.5789025,-0.07638085,-0.01255338,-0.2021445,0.1191313,0.3999128,0.8046945,0.5930057,-0.02814905,0.004310622,0.09856104,0.1509626,0.2009478,-0.8061108,-0.5897465,0.007278822,-0.04828427,-0.05730617,-0.01028927,-0.1412305,-0.8070537,-0.588004,-0.001389479,-0.05397933,-0.03625423,-0.009045545,-0.1989062,-0.8057842,-0.5883992,-0.01248898,-0.06589498,0.04968699,0.02324603,-0.497304,-0.805934,-0.58838,-0.01274374,-0.06416404,0.0198205,-0.02653013,-0.3785844,-0.8046679,-0.5908076,0.005508155,-0.05852884,-0.07640444,-0.1005714,-0.2120153,-0.8043953,-0.5930546,0.02063039,-0.02844289,0.04345166,-0.0929646,0.05971943,0.8019468,0.5960076,-0.03413358,0.02215824,-0.004497391,0.02109681,0.2598599,-0.8022925,-0.5949769,0.01019496,-0.047174,-0.04075463,0.08979284,0.1512345,-0.8020239,-0.5932353,-0.02893077,-0.06318565,0.08192641,0.04918661,0.5496004,-0.8030978,-0.5903173,-0.0113189,-0.0801951,-0.04407163,-0.006314039,0.3074845,-0.8058712,-0.5886933,-0.01389411,-0.06179578,-0.005881347,0.01062355,0.1013968,-0.8062491,-0.5881381,-0.009799933,-0.06292775,-0.007636474,0.03985459,-0.1102532,-0.8064058,-0.5859136,-0.01636582,-0.07840288,-0.00632924,0.0193061,-0.2383009,-0.8076684,-0.5827198,-0.02395265,-0.08680703,-0.01482912,-0.02151528,-0.2843703,-0.8102035,-0.5819675,-0.01822385,-0.06746846,0.0005927157,-0.04129119,-0.4211507,-0.8099633,-0.5852123,-0.007950491,-0.03771751,0.03251885,-0.1014361,-0.2253431,0.806952,0.5898234,-0.02445511,0.01840554,-0.0685249,-0.08170524,0.07072398,0.8053181,0.5920715,-0.02137649,0.02137649,-0.04451199,0.0517485,0.1441183,-0.8024079,-0.593891,-0.01134622,-0.0574997,0.07872299,0.1601111,0.3140624,-0.8023592,-0.5893734,-0.01498003,-0.09292074,0.008875714,-0.001608623,0.3090732,-0.8055301,-0.5894471,-0.006763766,-0.0602296
0,1,0,-0.03998826,-0.2347091,0.08096766,0.4754149,-0.4229749,-0.5481369,0.5427881,-0.003737667,-0.1256981,-0.04267424,0.4525341,-0.3995743,-0.5688606,0.5585256,0.006007697,0.1165217,-0.06856032,0.436388,-0.379153,-0.5830013,0.5708923,0.01319816,0.296028,-0.05160455,0.437237,-0.3811172,-0.5810233,0.5709512,0.09898344,0.244399,-0.09714108,0.453672,-0.4102427,-0.5618839,0.5569283,0.09552754,0.2668439,-0.07760575,0.4689366,-0.4463249,-0.5411437,0.5367086,0.02041572,0.3547988,0.07019331,-0.4888075,0.4775495,0.5155967,-0.5168886,0.02894666,0.4975258,0.1334314,-0.4956846,0.4776063,0.5070191,-0.5187684,0.01358083,0.1432265,0.07540683,-0.4874914,0.4609646,0.5177476,-0.5308495,0.1632331,0.07203838,0.1026857,-0.4705167,0.4439946,0.5351037,-0.5432742,0.02125137,0.05758037,-0.1982226,0.4486844,-0.4342042,-0.5529576,0.5517127,0.06599526,-0.07776861,-0.2930659,0.442384,-0.4259841,-0.5619096,0.5541584,-0.01644412,-0.1761393,-0.1309737,0.44403,-0.4280264,-0.5626346,0.5505207,-0.134106,-0.1448509,-0.1285667,0.4553528,-0.4343715,-0.5546771,0.5443422,-0.03197449,-0.1642981,0.05164407,0.4634217,-0.4401774,-0.5517307,0.535796,0.009862292,-0.1436695,0.1063279,0.4831347,-0.4435225,-0.5404498,0.5270509,0.05474502,-0.396051,0.1709977,0.5018879,-0.4563656,-0.5250698,0.5139461,-0.06643288,-0.5634903,0.1489239,0.5036567,-0.4649098,-0.5205669,0.5091156,-0.02837255,-0.256074,0.1407384,0.4876632,-0.4458176,-0.5357013,0.5257902,-0.05829703,-0.2123658,0.05590262,0.46992,-0.4242461,-0.5569365,0.5375985,-0.01687715,-0.08337562,-0.003532718,0.4490599,-0.4006123,-0.5770599,0.5521384,-0.1340213,0.1181454,0.002151606,0.4311469,-0.3842008,-0.589186,0.5651211,-0.08306054,0.2384099,-0.04801299,0.4282498,-0.3796126,-0.5904736,0.5690671,0.05487386,0.1935475,-0.009245316,0.4361091,-0.3990399,-0.579558,0.5609712,0.0977814,0.2748193,-0.05314726,0.4500228,-0.4275615,-0.561634,0.5470263,0.05559513,0.3992708,0.04851276,0.4662308,-0.4606771,-0.5391288,0.5289098,-0.005258552,0.4594654,0.185781,0.4850983,-0.4823618,-0.5162117,0.5152982,-0.01193065,0.377938,0.1670125,-0.4908727,0.4792786,0.5112659,-0.5176323,-0.03272557,0.3671877,0.09551214,-0.47856,0.4564439,0.5272552,-0.5335177,-0.01432622,0.1782241,0.0924357,0.4529095,-0.4379764,-0.5500731,0.5481507
0,1,0,-0.03511209,-0.2167169,-0.003497952,0.451414,-0.4842584,-0.5545813,0.5041416,-0.03633581,0.002170958,-0.08823894,0.4380064,-0.4719921,-0.5687936,0.5117106,0.006932767,0.07140044,-0.1926717,0.428129,-0.4645862,-0.5764636,0.5182229,-0.03714767,0.2170214,0.01182649,0.427327,-0.4585161,-0.5807561,0.5194967,-0.00032447,0.1594868,0.08952961,0.4402623,-0.4746214,-0.5657483,0.5107175,0.02838932,0.2608868,0.07894482,0.4528245,-0.4863118,-0.5536571,0.5019109,-0.009171998,0.6573815,0.2341698,0.4747752,-0.5049088,-0.5286507,0.4900858,-0.001223732,0.3795066,0.05751517,0.4799809,-0.4983246,-0.5237781,0.4969381,-0.02485508,0.1279147,-0.05656193,0.4766052,-0.4884988,-0.5282483,0.5051437,-0.03181721,0.07668614,0.04179136,0.4584516,-0.4797484,-0.5435491,0.5140212,0.0761368,0.2222856,-0.1146453,0.4451464,-0.4650159,-0.5571124,0.5246243,-0.01767823,0.09126338,-0.28714,0.4315135,-0.4546769,-0.5696274,0.5315915,0.169386,-0.03105217,-0.170022,0.4279411,-0.4496691,-0.5746834,0.5332946,0.09294861,-0.03021545,-0.1159667,0.4261157,-0.4545794,-0.572349,0.5331038,0.02701933,-0.1769704,-0.1045809,0.4298713,-0.4597982,-0.5679756,0.5302829,-0.01688742,-0.07934898,-0.1312938,0.4338544,-0.46113,-0.5628946,0.5312994,-0.02528977,-0.06430631,-0.009091969,0.4470704,-0.4663001,-0.5493018,0.5300564,-0.0353952,-0.2533904,0.174155,0.4518496,-0.4849661,-0.5399033,0.5187911,-0.150669,-0.4595791,0.1509997,0.4402889,-0.4927746,-0.5423908,0.5187784,-0.09164276,-0.4111407,0.09031972,0.4392813,-0.4804047,-0.5482655,0.525022,0.06132781,-0.2493433,0.04233726,0.438029,-0.4611754,-0.5614397,0.5293707,-0.005772193,-0.1592384,0.06997717,0.4272276,-0.4455437,-0.5760362,0.5358634,-0.03121994,0.06269638,-0.0356648,0.4166123,-0.4302308,-0.5882601,0.543402,-0.03091054,0.2252124,-0.1218006,0.4132086,-0.4324573,-0.5901768,0.5421537,0.07266539,0.2266182,-0.002842891,0.4234303,-0.4495636,-0.58182,0.5292304,0.02762187,0.2777274,-0.02262232,0.4385729,-0.474801,-0.5670522,0.5105581,-0.01929056,0.5509648,0.2175846,0.4632198,-0.4973202,-0.5438379,0.4922808,-0.05826988,0.6291859,0.3932101,0.4818075,-0.5056909,-0.526798,0.484378,-0.01472426,0.2987362,0.04249731,0.4780883,-0.4961209,-0.5311582,0.4931192,0.2378784,-0.2048558,0.0425126,0.4670684,-0.4731799,-0.5471132,0.5085421
1,0,0,-0.07285709,-0.1042049,0.1576726,-0.6773514,-0.7347594,0.02334871,-0.02790309,0.009074865,-0.00884433,0.2790165,-0.6758583,-0.7359134,0.008904997,-0.03959494,0.08868545,0.05836679,0.5442373,-0.6720873,-0.7377675,-0.01106208,-0.06225412,0.03800275,0.03325213,0.4087801,-0.6737339,-0.735743,-0.01795638,-0.06665234,-0.01775873,-0.01780879,0.1397906,-0.6747146,-0.7354504,-0.01474826,-0.06046053,-0.0155346,-0.008716093,-0.1081461,-0.6744296,-0.7329656,-0.03594519,-0.0813262,-0.02159414,0.07502528,-0.3779263,-0.6770065,-0.7276176,-0.05231809,-0.09745575,0.005681807,0.1475553,-0.5253993,-0.6784812,-0.7262102,-0.05754104,-0.09471582,-0.0255682,-0.07032751,-0.3355608,-0.6767082,-0.7314707,-0.03672925,-0.07528261,-0.01667795,-0.04983582,-0.04937373,-0.675244,-0.7356629,-0.01810011,-0.05017987,-0.06714723,-0.06188111,0.3310491,-0.67573,-0.7364216,0.001223532,-0.03272241,0.01270557,0.04264647,0.3674625,-0.6763803,-0.736018,-0.0031357,-0.02787881,0.09912547,0.05023949,0.4456718,-0.6745915,-0.7371764,-0.01173974,-0.03686816,-0.03705357,0.05709309,0.2658096,-0.6719288,-0.7380273,-0.02495703,-0.05660786,-0.05173564,0.05045336,0.100697,-0.6735224,-0.7347345,-0.03749956,-0.07159989,0.04850312,-0.00203599,-0.2066359,-0.6761656,-0.7308362,-0.04185683,-0.08322659,0.004475188,-0.02438157,-0.4976141,-0.6789421,-0.7276365,-0.03990573,-0.08938834,-0.04740746,0.1220141,-0.5512192,-0.6799781,-0.7266825,-0.04179147,-0.08840623,-0.05366997,-0.02513568,-0.2650701,-0.6790958,-0.7310818,-0.0124085,-0.06476233,-0.03061743,-0.09015786,0.2067193,-0.6773012,-0.7344132,0.01487652,-0.0409756,-0.04390188,-0.02654427,0.3296278,-0.6754247,-0.7361221,0.02699365,-0.03459737,0.02076256,0.03806369,0.5206307,-0.675339,-0.7368062,0.005799141,-0.03162733,0.08812538,0.08127974,0.3167521,-0.6764117,-0.7353006,-0.0119506,-0.04071138,-0.0183101,0.08148494,0.1178318,-0.6754405,-0.7339706,-0.02267318,-0.06747721,-0.04229535,0.01653103,-0.1000744,-0.6760678,-0.7311133,-0.03484454,-0.0848033,-0.034274,-0.003943054,-0.2902364,-0.677779,-0.7283201,-0.04102839,-0.09209835,-0.02251619,0.1216842,-0.5597563,-0.6794847,-0.7259544,-0.051918,-0.09271054,0.00141338,-0.03113074,-0.3058127,-0.6788017,-0.7289295,-0.04402187,-0.07715011,-0.007375592,-0.06091771,-0.1537875,-0.6745681,-0.7362162,-0.02074215,-0.05013351,0.008425554,-0.04846549,0.2299381,-0.6740394,-0.7379176,0.004291159,-0.03361651
0,0,1,0.007745853,0.001230621,-0.01487948,-0.3345423,0.9418211,0.03227451,-0.003580099,-0.007296694,0.009954063,-0.007104723,-0.3351611,0.9415604,0.03361912,-0.0008799471,0.002363562,0.006701431,0.01016803,-0.3352701,0.9415281,0.03342315,-0.001282623,-0.004975965,0.01589305,0.009633067,-0.3343622,0.9417125,0.03698218,0.003450373,0.00345763,-0.006986634,-0.03611566,-0.3329945,0.9421417,0.03835823,0.00348969,-0.001312133,0.0001274249,0.03689724,-0.3339886,0.9419352,0.03438954,-0.005195885,-0.003702383,-0.0009082147,-0.01276318,-0.3335444,0.9420055,0.03704387,-0.001221621,-0.00146263,-0.006994335,-0.002165123,-0.3329492,0.9419903,0.04182286,0.007081043,-0.0003787039,0.003655049,-0.01424922,-0.3339513,0.9417498,0.03979222,0.0006961655,-0.008510996,0.01541553,0.0245498,-0.3366194,0.9409479,0.02968772,-0.02057087,0.01014147,-0.0006507513,-0.01354048,-0.3328651,0.9421891,0.03688652,-0.01095383,-0.001328999,-0.006741296,-0.01274285,-0.3336081,0.9418787,0.03915808,-0.006077165,-0.01492514,0.0160911,0.02957186,-0.3359056,0.9411858,0.03327158,-0.01515572,0.01487031,-0.01366369,-0.03718383,-0.3329692,0.9421345,0.03842877,-0.006105321,0.001350819,-0.007391659,-0.02815389,-0.3349245,0.9414344,0.0386225,-0.005939685,-0.02479489,0.02882213,0.05893989,-0.3416485,0.9390988,0.02807022,-0.02412109,0.005709579,0.005787157,-0.01838186,-0.3375155,0.9405433,0.03573681,-0.0135808,0.01860634,-0.02211284,-0.04028263,-0.3382481,0.9400538,0.04343994,-0.0001075249,-0.02382118,0.017125,0.03998855,-0.3446647,0.9380039,0.03542705,-0.009993614,-0.007478836,0.01112393,0.008023131,-0.3406183,0.9395025,0.03433343,-0.01163767,0.01792417,-0.01235605,-0.02951702,-0.3348484,0.9412076,0.04417673,0.007288061,-0.01476951,-0.004649085,-0.02207844,-0.337714,0.9402516,0.04292928,0.005776571,-0.02000303,0.03042275,0.05980083,-0.3406985,0.9395444,0.02623508,-0.02219222,0.02518756,-0.02007577,-0.02493889,-0.3352478,0.9413825,0.03748053,-0.001747936,-0.01260186,0.0002879018,-0.01572175,-0.3384799,0.9403655,0.03240713,-0.009685711,-0.02050856,0.02947776,0.02550351,-0.3404705,0.9396554,0.02545727,-0.02189342,0.01118516,-0.01341854,0.004987446,-0.3372237,0.9408021,0.03358144,-0.006616587,0.001859642,-0.002110828,-0.02576043,-0.3377902,0.9405713,0.03461289,-0.005026706,-0.01117525,0.0140185,0.001915683,-0.3418096,0.9391456,0.0243559,-0.02405172,-0.007154888,0.006690491,0.01422452,-0.3401681,0.9397188,0.02270469,-0.02643494
1,0,0,0.08799462,0.01863325,-0.07261642,0.002848533,0.004000178,0.1413415,0.9899487,0.1182845,-0.009872444,-0.182501,-0.01123062,0.01494633,0.1482156,0.9887784,0.098454,-0.2836145,-0.1778017,0.04610767,0.04610462,0.07345942,0.9951644,0.1585621,0.08631765,-0.1547361,0.03965517,0.06628086,0.04860908,0.995827,0.03490702,-0.1277709,-0.009227836,0.04890969,0.08192224,0.03052718,0.9949697,0.03943969,0.1021153,-0.00295069,0.04496073,0.08674319,0.04639755,0.9941335,0.06284796,0.01767462,-0.007885039,0.03751814,0.09663807,0.04875999,0.9934163,0.01158172,0.04005913,0.005668764,0.02959699,0.1021707,0.05653216,0.9927181,0.02070285,0.02887874,-0.01836435,0.02151018,0.1051986,0.06501556,0.9920905,0.020784,-0.09301283,-0.01794512,0.02073368,0.1075066,0.07108715,0.9914429,0.02040311,0.06707545,0.04121028,0.02406069,0.1124765,0.05830714,0.9916503,0.006469429,0.02128419,-0.01317016,0.00959687,0.1144933,0.06247739,0.991411,0.08883992,0.04175969,-0.2094255,0.01048713,0.1180807,0.06159923,0.9910361,0.05527686,-0.01075327,0.001914321,0.006584134,0.1276951,0.04155357,0.9909208,0.03182799,0.02403439,0.127661,0.006023249,0.1369591,0.02211484,0.9903115,-0.04184693,0.02350786,0.07699559,0.0004652582,0.1371989,0.02054235,0.9903304,-0.1029356,0.08607323,0.06652891,0.001351733,0.1273108,0.0420843,0.9909688,-0.0714017,0.06985165,0.06564084,-0.01200844,0.1129328,0.06800929,0.9911996,-0.08000565,-0.07971612,0.03169614,-0.01070966,0.1012114,0.08726508,0.9909724,-0.06601056,-0.02664402,-0.02373583,-0.005033224,0.08949,0.09503898,0.9914302,0.03668167,-0.06542409,-0.009513744,0.004335527,0.09740566,0.05525516,0.9937003,-0.07583317,0.02425676,-0.04615474,0.01276257,0.08783223,0.04922098,0.9948366,-0.02911685,-0.08165908,-0.01020206,0.02830417,0.08256913,0.0280122,0.9957894,-0.07244311,-0.03350916,-0.008870158,0.03791952,0.07363481,0.02029545,0.9963574,-0.04905675,-0.01179826,0.02912802,0.04669825,0.06222762,0.02095448,0.9967487,-0.1012834,0.00703882,0.05158447,0.04115223,0.05191379,0.03037835,0.9973408,-0.08024089,0.01161854,0.04426249,0.04136498,0.0350122,0.05100146,0.9972271,-0.1363251,0.0779797,0.06956557,0.03523754,0.01892739,0.0799869,0.9959931,-0.07982985,0.04528922,0.1427853,0.03231303,0.00585718,0.1039516,0.9940401,-0.03311216,0.01132925,-0.1005467,0.02245951,-0.007122219,0.1346994,0.9906063
1,0,0,-0.01171654,-0.01594836,-0.01198167,0.121604,0.014377,-0.82605,0.5501338,0.02586,-0.003130529,0.01383755,0.129221,0.019459,-0.827614,0.5458739,-0.02681853,0.03082602,0.00664855,0.125984,0.028325,-0.82971,0.5430534,0.006607761,-0.07404159,-0.06540459,0.127705,0.029944,-0.829568,0.5427815,-0.01016657,-0.03110134,-0.1664177,0.127546,0.030703,-0.830941,0.5406721,0.03416049,-0.0362917,-0.05588045,0.125981,0.032714,-0.831438,0.5401568,0.01576481,-0.1159111,0.001142082,0.1205,0.037494,-0.833625,0.5377204,0.04932367,-0.05894979,-0.03039774,0.113338,0.043097,-0.836461,0.5344437,0.03432365,-0.05376963,-0.05341274,0.112932,0.038132,-0.835988,0.5356458,0.005108778,-0.05993892,-0.02378998,0.10749,0.029018,-0.835841,0.5375627,0.007719251,-0.05823599,-0.03225362,0.099696,0.026299,-0.838025,0.5358015,-0.03307959,-0.03893276,-0.02349426,0.095535,0.024905,-0.840095,0.533379,-0.06244742,0.02848067,-0.05290287,0.091947,0.0224,-0.8404,0.5336402,-0.04161461,-0.1406698,0.001233857,0.08963,0.018684,-0.840477,0.534056,-0.06631214,-0.07532644,0.02272947,0.088138,0.019023,-0.839023,0.5365726,-0.03395655,-0.001539771,0.04301163,0.083749,0.02184,-0.838612,0.5378094,-0.06476218,-0.03841271,0.108304,0.086057,0.02091,-0.838144,0.5382115,0.0008463644,-0.01374577,0.05069009,0.087585,0.021936,-0.835636,0.5418119,-0.07775336,-0.02668597,0.01280763,0.087612,0.020455,-0.837096,0.5396073,-0.05923532,0.0542489,0.09408921,0.083592,0.021576,-0.836884,0.5405294,-0.05980635,-0.06728087,0.1208772,0.080613,0.023703,-0.839637,0.5366092,-0.1362749,-0.07200216,0.2318529,0.080985,0.02267,-0.839131,0.5373887,-0.03975873,0.01064584,0.13085,0.093479,0.028882,-0.838873,0.5354621,-0.03387497,-0.06748481,-0.05227065,0.104242,0.035683,-0.838253,0.5340339,0.0966385,0.01273626,-0.1656121,0.110874,0.038929,-0.838411,0.5322204,0.00783142,0.00919784,-0.1367235,0.115496,0.039061,-0.838414,0.531222,0.0409722,-0.01158398,-0.0571449,0.119719,0.035258,-0.837306,0.5322996,0.01915027,-0.07503071,-0.0183243,0.12698,0.032282,-0.836837,0.5315428,0.05895999,-0.02590079,-0.08276016,0.129478,0.033467,-0.835483,0.5329949,0.02271928,-0.08788934,-0.05367786,0.133034,0.033818,-0.835402,0.5322234
0,1,0,-0.00370281,0.03514124,0.05029508,-0.7743871,-0.1318494,-0.08526078,-0.61292,-0.000121824,0.01645402,0.002608476,-0.7754392,-0.1248754,-0.0804863,-0.6136954,0.009720405,-0.02162721,0.02065738,-0.7763314,-0.1176567,-0.07504702,-0.6146823,0.1693469,-0.3128192,-0.003566536,-0.7733693,-0.1114203,-0.07046109,-0.6200973,0.0397941,-0.02556526,-0.02763327,-0.7555816,-0.1183156,-0.07487246,-0.6399157,-0.03411757,0.09608152,0.04892223,-0.7414716,-0.1083376,-0.07139605,-0.6583201,-0.07945721,0.04132687,0.01074023,-0.7247849,-0.103775,-0.07807261,-0.6766257,0.09708527,-0.00490323,-0.04541468,-0.7132546,-0.119335,-0.09442031,-0.684187,0.077313,-0.1128954,0.07254679,-0.7058014,-0.1200273,-0.08755645,-0.6926556,0.04719567,-0.9699479,-0.166713,-0.7124699,-0.1089262,-0.07014692,-0.6896384,-0.01239321,-0.115374,0.01385354,-0.6980722,-0.0978753,-0.07256123,-0.7055852,-0.03985618,-0.1366388,-0.1056347,-0.6719642,-0.107689,-0.09975621,-0.7258898,0.04719573,0.009962347,-0.004247318,-0.6538005,-0.1226824,-0.1176406,-0.7373294,-0.0470252,0.2002234,-0.07527439,-0.6361049,-0.1337471,-0.1470019,-0.7455688,0.008763637,0.2049608,0.1248786,-0.6141645,-0.1467003,-0.170639,-0.7564148,0.05146626,0.2971065,0.1262858,-0.6030949,-0.1571952,-0.1862907,-0.7595143,-0.007790118,0.2336357,0.1713409,-0.5973081,-0.1601006,-0.1939155,-0.7615691,0.09749104,0.1116661,0.18019,-0.5801597,-0.1611223,-0.2084073,-0.7707274,-0.06821098,0.1441891,0.03466601,-0.5687927,-0.1544845,-0.210544,-0.7799234,-0.07238164,-0.07838856,0.07313582,-0.5747621,-0.1599173,-0.2115505,-0.7741584,0.1333667,0.1053554,0.1968376,-0.5828271,-0.1652441,-0.2125583,-0.7666981,0.1704463,0.2235141,0.2106566,-0.5917251,-0.1706937,-0.213363,-0.7584202,0.004403648,0.1609788,0.07264662,-0.5955121,-0.1705133,-0.2169909,-0.754457,-0.09247062,0.08165492,-0.0331694,-0.5892339,-0.1751117,-0.2267554,-0.755461,0.01794992,-0.08887566,-0.1741239,-0.5833141,-0.1822398,-0.2378196,-0.754967,-0.05272758,-0.03880913,-0.1917071,-0.5742089,-0.2044321,-0.2724087,-0.7445033,0.009472148,-0.0312205,-0.2096074,-0.5683402,-0.2194475,-0.2895037,-0.7382545,-0.01552967,-0.1612646,-0.1063685,-0.5775033,-0.2279169,-0.289806,-0.728393,-0.04502093,-0.04603289,-0.0718485,-0.5911347,-0.2270339,-0.288196,-0.7183024,-0.1482151,-0.1081228,0.1120348,-0.6148173,-0.2236627,-0.2746055,-0.7046747
0,0,1,0.03821202,-0.01204462,-0.04722787,0.1964323,0.06576196,0.3041404,0.9298324,0.03246957,-0.02170272,0.0136068,0.1714127,0.04325168,0.2935197,0.9394643,0.02758035,-0.01621732,-0.03096445,0.1433447,0.02761983,0.2934313,0.9447685,0.005498228,0.001514779,0.003874349,0.1376743,0.0240677,0.298069,0.9442571,-0.02788838,0.008309112,0.008659617,0.1402248,0.02371196,0.3030005,0.9423192,-0.00007752162,-0.008590766,0.03759606,0.1516862,0.0305835,0.3054608,0.9395475,0.01263746,-0.0003762271,0.009257496,0.1569275,0.03614658,0.3066967,0.9380855,-0.00558228,-0.002377925,-0.03676178,0.1599955,0.03809799,0.3070554,0.9373724,0.01507943,0.001135732,-0.06398617,0.1691924,0.04741998,0.3082092,0.9349505,0.01797849,0.0009137882,-0.007673039,0.1898008,0.06320806,0.3087078,0.9298817,-0.003248829,-0.009181643,0.04771615,0.2178861,0.07355113,0.3075188,0.9233353,0.006195189,-0.006859659,0.02770889,0.2225613,0.07551302,0.3065374,0.9223877,0.002969639,-0.003087469,-0.009927338,0.2175406,0.07478766,0.3069113,0.9235196,0.004309506,-0.003932746,-0.01044781,0.2166583,0.07497311,0.3065458,0.9238333,-0.01176523,0.008695599,-0.02523335,0.2184099,0.07589089,0.3067422,0.9232805,-0.01398744,0.006774713,0.009749375,0.2238049,0.07997223,0.3054285,0.9220787,0.0013033,-0.00756699,0.004594857,0.2238726,0.08088382,0.3041598,0.9224021,-0.0002595754,-0.005243646,0.0125008,0.2236736,0.0815718,0.3038584,0.9224892,0.00111854,0.001243361,0.003025474,0.2240293,0.08248939,0.304165,0.9222202,0.001772385,-0.001904499,-0.003165316,0.2237249,0.08200126,0.3040762,0.9223669,-0.001702993,0.00185218,-0.0006680918,0.2238142,0.08117235,0.304656,0.9222272,0.0003640567,-0.002303361,-0.004069331,0.2232894,0.08055676,0.3052491,0.9222122,0.005734514,-0.003568505,-0.01119876,0.2223985,0.08054795,0.3049312,0.9225334,0.004485175,-0.008343708,0.004893019,0.2226669,0.08089278,0.3043435,0.9226326,0.004760449,-0.00582047,0.005664679,0.2221224,0.08093926,0.3048033,0.922608,0.005455781,-0.003710292,-0.004521532,0.2217883,0.08078635,0.3046073,0.9227664,-0.002187852,0.00152533,-0.003999604,0.2218537,0.08087533,0.3047049,0.9227107,0.01188363,-0.00566993,0.006583573,0.222195,0.08064111,0.3046744,0.9226592,0.002081451,-0.003131085,-0.006088582,0.2216574,0.08019816,0.3051361,0.9226745,-0.0005842491,-0.001377806,0.005629184,0.2211232,0.07953554,0.3053669,0.9227837
0,1,0,0.02667197,0.1336343,-0.02880451,-0.5456724,-0.2823344,-0.3576997,-0.7032638,0.01211073,0.03765879,-0.007341084,-0.5371245,-0.2806584,-0.3687793,-0.7047907,-0.07131829,0.08144506,-0.06263835,-0.5205454,-0.2811312,-0.3892752,-0.7060188,0.02569707,-0.06154166,-0.0676018,-0.5113447,-0.2899914,-0.4078636,-0.6986265,-0.04316208,-0.1891096,-0.05266394,-0.5108676,-0.294971,-0.4194506,-0.6899765,-0.06766915,-0.1625473,-0.1291672,-0.5126739,-0.3015538,-0.4278709,-0.6805567,-0.1195752,-0.2033728,-0.05317211,-0.5221203,-0.3084201,-0.4251544,-0.6719458,-0.1324868,-0.0743663,-0.0265063,-0.5304981,-0.315436,-0.418557,-0.6662447,-0.09028659,-0.1074503,0.01800702,-0.5419631,-0.3204315,-0.4058402,-0.6624902,-0.0798027,-0.3629645,0.1588473,-0.560679,-0.3063353,-0.3764313,-0.6708928,0.04649778,-0.4290425,0.08018424,-0.5591748,-0.2900343,-0.3589777,-0.6887226,-0.08289561,-0.3254709,0.09517094,-0.5506374,-0.2685819,-0.3448854,-0.7111372,0.008036925,-0.1836153,0.03379961,-0.5299369,-0.2486798,-0.3408438,-0.7356294,0.06158559,0.005488369,-0.006160278,-0.510621,-0.2354821,-0.3443824,-0.7518079,-0.01150155,0.1752387,-0.0629306,-0.4984723,-0.2333896,-0.3576245,-0.7544265,0.008512323,0.1850864,-0.02065213,-0.4990775,-0.2351847,-0.3616649,-0.7515373,0.003951318,0.2043,0.04854321,-0.5164921,-0.2547039,-0.3626629,-0.7326919,-0.06780191,0.3159478,0.1241584,-0.5400959,-0.2731426,-0.3575908,-0.7112091,-0.02079771,0.4599537,0.2686691,-0.5538669,-0.2879774,-0.3562488,-0.6952605,0.07687139,0.2424739,0.1546871,-0.5472237,-0.2938603,-0.3650612,-0.6934858,0.05045443,0.09405974,0.02742493,-0.5357094,-0.2852984,-0.3765353,-0.6998867,0.02128012,0.07228734,-0.04544767,-0.5230634,-0.2800887,-0.3878934,-0.7053323,-0.03134154,-0.002045508,-0.2648876,-0.5128066,-0.28896,-0.4102797,-0.6965644,-0.01222907,-0.08521506,-0.3308461,-0.5067099,-0.2938718,-0.4241861,-0.690616,-0.08619179,-0.05487941,-0.1143885,-0.5111058,-0.3046719,-0.4302013,-0.678876,-0.1188143,-0.1451744,-0.08483896,-0.5226073,-0.3110017,-0.4240592,-0.6710688,-0.02617347,-0.1763444,0.1047945,-0.5351494,-0.3196214,-0.4171441,-0.6613985,-0.100376,-0.2220699,0.07915801,-0.5444685,-0.3179277,-0.4057642,-0.6616882,-0.06157431,-0.4499964,0.07854765,-0.5543813,-0.3099334,-0.3890619,-0.6672581,-0.006231769,-0.4072059,0.06188074,-0.5521832,-0.2898711,-0.371148,-0.6879808
0,1,0,-0.1436876,-0.841844,0.2863782,0.4190776,-0.6334029,-0.5485564,0.3496575,0.001294318,-0.3211736,0.1022083,0.4091611,-0.5897428,-0.5901979,0.3694009,-0.05548166,-0.09550523,0.03054564,0.4009537,-0.5465072,-0.6177211,0.3987315,-0.1128798,0.1899842,-0.1324532,0.4108848,-0.504109,-0.6302487,0.4240688,-0.01990246,0.2768976,-0.07764693,0.429063,-0.4824224,-0.6292669,0.4326623,-0.08781539,0.3071505,-0.02622895,0.4454227,-0.4749138,-0.6253822,0.4300611,-0.1585885,0.4113505,-0.1158089,0.4589716,-0.4832266,-0.620389,0.4134666,-0.06339698,0.3915102,0.2488456,0.4646417,-0.4995537,-0.6114497,0.4008533,-0.0437538,0.2736537,0.2403427,0.4597919,-0.491588,-0.6136019,0.412826,-0.01164196,0.06750849,-0.07906353,0.447049,-0.4767705,-0.6239398,0.4284113,0.0539591,0.09993671,-0.0707315,0.4254863,-0.4627113,-0.6370993,0.446054,0.1042174,0.0266168,0.01162052,0.4125459,-0.4503187,-0.6464406,0.4573112,0.05889432,-0.04261346,-0.05289182,0.4120568,-0.4348026,-0.6482844,0.4699821,0.01004686,0.1326842,0.08305866,0.4067864,-0.4335971,-0.644549,0.4807024,-0.05346882,-0.1136496,-0.06891948,0.410331,-0.4400178,-0.6360099,0.4832227,-0.002371313,-0.005407459,0.06594839,0.4180315,-0.4357069,-0.629191,0.4894158,0.03221763,-0.2240941,-0.04503544,0.4368159,-0.4288183,-0.6200246,0.4907914,0.01590385,-0.07953794,-0.008846722,0.4427469,-0.4347714,-0.6113335,0.4911419,-0.07507309,-0.4793849,-0.001514499,0.4474412,-0.4517895,-0.6035583,0.4810406,0.08086696,-0.4518627,0.09928859,0.4481853,-0.4554873,-0.6029506,0.4776106,0.0524253,-0.425922,-0.02474772,0.4399214,-0.4487945,-0.6122662,0.4797736,-0.03247301,-0.1652883,-0.05181655,0.4190608,-0.4442636,-0.6255915,0.4854411,-0.008560473,0.1231129,-0.06979106,0.4095234,-0.4440385,-0.6286718,0.4897878,-0.1019204,0.2931265,0.002879432,0.4089542,-0.4534634,-0.6251965,0.4860625,0.07676047,0.2924218,-0.0178955,0.4244135,-0.4673848,-0.6132971,0.4746485,-0.007117633,0.3753933,0.08239068,0.4445582,-0.490844,-0.5938373,0.4569435,-0.07455964,0.4785787,0.2030519,0.4685949,-0.5063977,-0.5715021,0.4442583,-0.04420803,0.4847259,0.1345619,0.4784823,-0.4966802,-0.5635291,0.4547509,0.08647024,0.2420761,0.03316547,0.4711746,-0.4860071,-0.5675702,0.4686743,-0.1529777,0.07859803,-0.08549428,0.4503103,-0.4756301,-0.5822006,0.4817042
1,0,0,0.07967379,-0.08291594,-0.0593459,0.01334075,0.09788672,0.01040296,0.9950538,-0.01294535,0.04751083,0.09663165,0.01753125,0.1002612,-0.002521686,0.9948035,-0.07389608,-0.01853092,0.1364933,0.01517536,0.09653844,-0.01283367,0.9951308,-0.1308628,0.01724924,0.1107685,0.01697468,0.08557408,-0.01565038,0.9960642,-0.1165754,0.01701744,0.05946727,0.01078188,0.06551459,0.0006901433,0.9977931,-0.1743479,0.02800591,0.2268408,0.01050692,0.04160149,0.01770945,0.998922,-0.3115772,0.04757151,0.3597554,0.004245076,-0.005110649,0.1131346,0.9935575,-0.1827681,0.0243805,0.06525827,0.008313266,-0.05432523,0.2329611,0.9709319,0.1954761,0.1147774,-0.08772478,-0.007409927,-0.03855122,0.2123349,0.9764081,0.2021073,-0.09150124,-0.2855661,-0.01928142,-0.00379537,0.1523779,0.9881269,0.1312555,-0.1068811,-0.1449363,0.01337025,0.04109437,0.0603766,0.9972398,0.2338266,0.06390322,-0.1147237,0.00399076,0.065362,0.04082106,0.9970183,0.06631525,-0.05195367,-0.02479185,0.008054737,0.08347996,0.02931816,0.9960455,0.02502546,-0.09001785,-0.01820672,0.02080301,0.08769052,0.06036126,0.9940996,0.1172105,0.0843077,-0.08261232,0.01121489,0.1018568,0.04681871,0.9936334,0.04897794,-0.03309411,-0.08768573,0.00915322,0.1097701,0.04014466,0.9931038,0.04759524,-0.05459654,-0.1454563,0.01601057,0.1127717,0.04297975,0.9925618,0.02533981,0.03090546,0.01067984,0.01229049,0.1156236,0.03425712,0.9926261,-0.06048064,-0.02666025,0.1363326,0.01486959,0.1156909,0.02221517,0.9929255,-0.07747383,0.02411643,0.0884645,0.02004102,0.1064989,0.02317955,0.9938406,-0.1029822,0.04495495,0.05269591,0.01478629,0.09420914,0.01828182,0.9952747,-0.1550143,-0.02809774,0.03228653,0.01574386,0.07781088,0.02727554,0.9964706,-0.06590538,0.002756645,0.02264977,0.01872423,0.05947473,0.04435037,0.9970683,-0.08573603,0.0856853,0.06875938,0.009331292,0.0496088,0.03545335,0.9980957,-0.2954521,-0.03008769,0.3418128,0.006670555,0.01578853,0.08741993,0.9960241,-0.2833647,0.02490941,0.1811496,0.01696232,-0.03760873,0.2150145,0.975739,0.1561606,0.02524969,-0.06677826,0.01613614,-0.03979928,0.2188598,0.9748108,0.2267734,0.06086145,-0.2122722,-0.01578759,-0.001202976,0.1557558,0.9876687,-0.00443714,-0.2628673,-0.2130309,0.02540585,0.01874636,0.1152919,0.9928297,0.1955286,0.02509764,-0.09624266,0.02897323,0.03999358,0.08181165,0.9954235
0,1,0,-0.06129595,0.268582,-0.02031622,-0.536018,-0.2074495,-0.3016609,-0.7606906,-0.00700552,0.4579919,0.009391795,-0.5567626,-0.2218018,-0.2981144,-0.7429315,0.03702276,0.5757385,0.07466913,-0.5750561,-0.2412971,-0.2963556,-0.7233669,-0.04811245,0.2422196,0.04505186,-0.5775899,-0.2510617,-0.3004891,-0.716285,0.0496156,0.08862855,-0.04992401,-0.5664513,-0.2514272,-0.3110278,-0.7205407,0.01923988,0.2086985,-0.04659483,-0.5518576,-0.2463747,-0.3224248,-0.7285568,0.002063021,0.01705754,-0.1328834,-0.5422276,-0.2504084,-0.3366549,-0.7279755,0.07558796,-0.002570549,-0.1198609,-0.532461,-0.2548905,-0.3554077,-0.7247079,-0.01125584,-0.1461891,0.01786958,-0.534031,-0.2584938,-0.3631746,-0.7183982,0.04829236,-0.2560433,-0.04128231,-0.5377347,-0.2647795,-0.3688023,-0.710435,0.0694816,-0.209968,-0.004595198,-0.5516312,-0.2731814,-0.365339,-0.6982853,0.03568341,-0.1188277,-0.002739906,-0.5555551,-0.2739578,-0.3604482,-0.6974114,-0.03761282,-0.3504728,0.01661756,-0.573314,-0.2735544,-0.3435603,-0.6916975,0.04370002,-0.4082843,0.03827364,-0.5769128,-0.2657223,-0.3313481,-0.6976904,0.05077414,-0.3438455,0.08869201,-0.5677881,-0.2518582,-0.3212364,-0.7148365,-0.02054246,-0.1521997,0.1214472,-0.5513994,-0.2258453,-0.3105609,-0.740611,-0.02625471,-0.01282843,-0.005970913,-0.5294118,-0.2056207,-0.3104386,-0.7622801,-0.01132736,0.1278466,-0.02620938,-0.5156258,-0.1972732,-0.3136173,-0.7725654,-0.008259669,0.1826811,-0.02766255,-0.5149478,-0.1977798,-0.3153139,-0.7721975,0.04419027,0.2444986,-0.03467997,-0.5266232,-0.2041461,-0.3126179,-0.7637161,0.01003195,0.1507419,-0.01338311,-0.547338,-0.214228,-0.3064318,-0.7487503,-0.1011679,0.2883276,0.03030744,-0.5764804,-0.2210591,-0.2911841,-0.7307633,-0.05553276,0.4053309,0.2108746,-0.5911368,-0.2399149,-0.2872628,-0.7144775,0.06777775,0.1653182,0.01009409,-0.5837659,-0.2545025,-0.3022849,-0.709274,-0.02423124,0.1639307,0.11208,-0.5673075,-0.2485451,-0.3147349,-0.7192562,0.03630024,0.03778307,-0.08773959,-0.5499923,-0.2506085,-0.327769,-0.7261345,-0.00803471,0.04269204,-0.09930769,-0.5440674,-0.2547578,-0.3396913,-0.7236705,-0.05862942,0.03689491,-0.1317601,-0.5375873,-0.256306,-0.3472757,-0.7243664,-0.09313668,-0.02362828,-0.3859686,-0.5405043,-0.2633621,-0.3568213,-0.7149644,0.00209787,-0.07778805,-0.1777037,-0.5480744,-0.2691174,-0.356318,-0.7072679
0,0,1,-0.03917781,0.07231992,-0.01437589,-0.4187952,-0.269387,-0.4854534,-0.7185932,-0.02500267,-0.02493441,0.0599432,-0.418533,-0.268486,-0.4872501,-0.7178668,-0.04891001,0.02017345,0.01799598,-0.4225091,-0.2647466,-0.4867601,-0.7172586,-0.004614887,-0.003566365,0.008424034,-0.4259576,-0.26443,-0.487655,-0.7147233,-0.01592386,-0.002179321,-0.002545508,-0.4263703,-0.2694822,-0.4939765,-0.7082195,0.0159362,-0.02539799,0.006943779,-0.4255939,-0.2722082,-0.4971708,-0.7054032,0.009660794,0.00279276,0.0008876771,-0.4250344,-0.2725753,-0.4979884,-0.705022,-0.009254068,-0.007025077,-0.04948863,-0.4267772,-0.2710389,-0.495306,-0.7064496,0.01674573,0.002801609,0.02061107,-0.4275307,-0.2699306,-0.4939046,-0.7073989,0.001726068,0.01492451,0.003977529,-0.4291928,-0.2686787,-0.4913976,-0.7086139,0.01013517,0.001715352,-0.02485943,-0.4298521,-0.2684426,-0.4905472,-0.7088929,-0.002534209,-0.0104693,0.001238304,-0.4298021,-0.2686546,-0.4909933,-0.7085339,0.02518913,0.0377503,0.03948087,-0.4284614,-0.2660427,-0.4903826,-0.7107511,0.04482283,-0.0811643,-0.01554597,-0.4306045,-0.265675,-0.4890071,-0.710541,-0.05289167,0.03048444,-0.02110985,-0.4287024,-0.2686823,-0.487995,-0.711256,0.00278409,0.07912765,0.02670364,-0.4226116,-0.2692735,-0.4926028,-0.7115009,0.03072377,-0.1372216,-0.04651494,-0.4251541,-0.268859,-0.4956388,-0.7080261,0.02463902,0.1202767,0.05143709,-0.421558,-0.2713136,-0.4937066,-0.7105854,-0.01818826,-0.1224134,-0.02486726,-0.4207321,-0.2814767,-0.4914856,-0.7086588,-0.005023792,0.1404286,0.01939416,-0.4131484,-0.284221,-0.4887446,-0.7139016,0.005649798,-0.04966752,-0.06068394,-0.4121898,-0.2863855,-0.4886855,-0.7136312,-0.06215289,0.02404012,0.02606618,-0.416385,-0.2852552,-0.4894118,-0.7111464,0.08778362,0.08102845,0.01929302,-0.4129943,-0.2778845,-0.4948125,-0.7123036,-0.05170991,-0.03992787,0.0264066,-0.4189308,-0.2766782,-0.4949182,-0.7092264,0.09165537,0.1577666,0.01320629,-0.4153875,-0.2660617,-0.4954052,-0.7150091,-0.0397631,-0.2207574,-0.04481029,-0.4243746,-0.2700444,-0.4913762,-0.7110075,0.05374374,0.09090649,-0.003398127,-0.4215799,-0.2666923,-0.4864686,-0.7172823,0.001479831,-0.02650866,0.02054956,-0.4225478,-0.270101,-0.4809346,-0.7191666,-0.005238499,-0.03010031,-0.01478676,-0.4269091,-0.2708022,-0.4738955,-0.7209979,0.009257797,0.02544632,0.009516078,-0.4289603,-0.2670473,-0.4682092,-0.7248854
0,0,1,-0.06293818,0.01817852,-0.01430417,-0.4376414,-0.2969003,-0.4851899,-0.6963555,-0.04378285,-0.02169169,-0.01167148,-0.4418808,-0.2925098,-0.4835091,-0.6967053,-0.03562883,0.008127575,-0.004785463,-0.4454259,-0.2860257,-0.4791334,-0.7001545,-0.02989099,0.005415336,-0.005765866,-0.4481306,-0.2811014,-0.478717,-0.7007076,-0.0208112,-0.005353584,-0.007566213,-0.4507962,-0.2763423,-0.4766605,-0.7022908,-0.01716995,0.005999212,0.003053918,-0.4522772,-0.2736369,-0.4741256,-0.7041115,-0.0271669,0.01026625,0.01285727,-0.4542471,-0.2717673,-0.4694052,-0.7067255,-0.03442367,0.002663518,-0.001265533,-0.4555936,-0.2716943,-0.4672997,-0.7072818,-0.02651629,-0.004511905,0.004084793,-0.4579067,-0.2731742,-0.4647216,-0.7069167,-0.02847597,0.005346388,-0.001194542,-0.4584587,-0.2753788,-0.4618475,-0.7075868,-0.01842329,-0.01463938,0.0007461817,-0.4569134,-0.2786741,-0.4634351,-0.7062567,0.003838076,0.04007005,0.01339466,-0.4570629,-0.2782587,-0.4592615,-0.7090447,0.01399692,0.01441143,0.03184746,-0.4597545,-0.2734221,-0.4530535,-0.7131681,0.04375901,-0.0009027505,-0.01675398,-0.4648885,-0.2661037,-0.445441,-0.7173909,0.04552614,0.0160873,-0.008135938,-0.4730545,-0.2565078,-0.4339535,-0.7225701,0.04012552,0.01651169,-0.02034583,-0.4780875,-0.2487611,-0.4258529,-0.7267734,0.08723468,-0.03513968,-0.05281173,-0.4776296,-0.2440218,-0.4203816,-0.7318488,0.09303453,0.02253492,-0.004760713,-0.4695385,-0.2463878,-0.4171462,-0.7381164,0.1071321,0.003484969,0.01255035,-0.4592344,-0.2499267,-0.4138131,-0.745251,0.10183,0.03159695,0.02633716,-0.4544686,-0.2516887,-0.4039742,-0.7529382,0.06266484,0.01063005,0.04595596,-0.4570501,-0.2511156,-0.3905861,-0.7586097,0.03690217,-0.003529606,-0.01453212,-0.4615525,-0.2462047,-0.3763145,-0.7646828,0.05790766,-0.008988314,-0.03344524,-0.4680713,-0.2369846,-0.360823,-0.7710735,0.06784885,-0.0158012,-0.003765675,-0.4713198,-0.2258703,-0.3479016,-0.7783346,0.085961,0.01403839,0.005984089,-0.4741009,-0.2143415,-0.3356836,-0.7852404,0.07184698,0.02562254,0.01690525,-0.4789638,-0.1985685,-0.3112961,-0.7964038,0.007825454,-0.03927475,-0.01633095,-0.4872497,-0.1830788,-0.2956705,-0.8010298,0.01940519,0.06363268,-0.03887361,-0.4897583,-0.1722016,-0.2869839,-0.8050612,0.008436983,0.005111729,0.02798648,-0.4962953,-0.1639333,-0.2804759,-0.8050777,0.009774008,0.02695036,-0.05281917,-0.4970616,-0.1589334,-0.2776412,-0.8065887
1,0,0,-0.01602688,0.06658863,-0.5361282,-0.674498,-0.7311304,-0.05731734,-0.08494356,0.00854901,0.03080344,-0.5554543,-0.6745617,-0.7323455,-0.04809608,-0.07951919,-0.08191343,-0.05400546,-0.1295819,-0.6732222,-0.7364274,-0.02944375,-0.05982896,0.004270278,0.05785698,0.234717,-0.6743246,-0.7370129,-0.01190861,-0.04423311,-0.01766761,-0.01086837,0.362957,-0.6728051,-0.7395025,-0.001267157,-0.02162485,0.09788541,0.003062261,0.5796163,-0.6709014,-0.7412146,-0.00729807,-0.02095059,0.01927582,0.1091072,0.5010366,-0.6718141,-0.7389154,-0.01907588,-0.04801972,-0.04266848,0.05929393,0.1302544,-0.6744766,-0.7353565,-0.02941043,-0.05888278,0.002239949,0.02340205,-0.104613,-0.674606,-0.7335689,-0.03602326,-0.07406548,-0.01270008,0.02088339,-0.5321887,-0.6778952,-0.7295104,-0.04538044,-0.07882453,0.02989261,0.1538254,-0.5383709,-0.6807154,-0.7266023,-0.04437821,-0.08189183,-0.03575205,-0.007753129,-0.2988707,-0.6795714,-0.7313373,-0.01953436,-0.05428418,-0.001382738,-0.09771876,0.02279895,-0.6793717,-0.7334697,0.01093111,-0.01888725,-0.006757814,-0.04971816,0.2223534,-0.6742825,-0.7381329,0.01515245,-0.01653352,0.0650457,0.1113937,0.4630714,-0.6735184,-0.7378318,-0.01759855,-0.04083527,-0.03820623,0.1130024,0.5252341,-0.6729906,-0.7367572,-0.03576557,-0.05471019,-0.04812909,-0.006003138,0.2873593,-0.6718275,-0.7385492,-0.03673998,-0.04293144,0.03765068,-0.04973028,-0.06320994,-0.6690671,-0.7406914,-0.03537935,-0.0497379,0.0189542,-0.02974754,-0.2571863,-0.6682713,-0.7394419,-0.03930877,-0.07137178,-0.03411807,0.1230968,-0.538492,-0.6718081,-0.7337081,-0.05356982,-0.08646604,0.02831363,0.0236397,-0.5028792,-0.6757839,-0.7314168,-0.04131857,-0.08147615,-0.02389962,-0.02951675,-0.2886924,-0.6739901,-0.7355728,-0.02166661,-0.06481089,-0.009553749,0.01599229,-0.01509508,-0.6735649,-0.7380516,-0.003587827,-0.03971531,-0.07157221,0.07573301,0.1578932,-0.6742799,-0.7379483,0.003310644,-0.02771005,0.02838702,0.02605964,0.5056329,-0.6757905,-0.7367805,0.002804581,-0.02130458,-0.0007239879,0.03541832,0.3573616,-0.6737957,-0.738271,-0.009192684,-0.02950649,-0.002967168,0.06012817,0.2030638,-0.672399,-0.7380238,-0.02476338,-0.05086349,-0.003162198,0.03689116,-0.121359,-0.6734304,-0.7348713,-0.03817233,-0.0706996,-0.05757397,-0.01466526,-0.3706517,-0.6751926,-0.7311572,-0.04600086,-0.08606996,0.05622696,0.1608346,-0.5757242,-0.6775473,-0.727956,-0.05675908,-0.08825017
0,1,0,0.04727295,-0.1133019,0.04330675,0.4110922,-0.4848326,-0.6234033,0.4553118,0.03756279,-0.1197353,0.07444743,0.4247147,-0.4909122,-0.6169966,0.4449019,-0.001788726,-0.1423543,0.04906454,0.4329327,-0.4971878,-0.6110256,0.4382023,-0.01604374,-0.4107914,0.07011728,0.4349396,-0.5075071,-0.6073769,0.4293684,0.1336096,-0.4519549,0.0306186,0.4348957,-0.5087436,-0.6044253,0.4321062,-0.009129159,-0.274069,0.02067923,0.4234352,-0.5065549,-0.6097172,0.4385769,-0.006343906,-0.05475698,-0.07553373,0.414604,-0.5021672,-0.6133876,0.4468637,0.126954,0.3633729,-0.1840675,0.4143908,-0.5011706,-0.6112505,0.451089,-0.0371662,0.1156154,-0.07174748,0.4148163,-0.5169326,-0.602639,0.4444483,-0.103598,0.2040324,-0.01354947,0.4145806,-0.5276929,-0.5971395,0.4394172,0.0867358,0.2183945,-0.01343532,0.4241554,-0.5393028,-0.5880039,0.4283643,0.01641853,0.4257624,0.06423471,0.4460284,-0.5533572,-0.5688865,0.4137906,-0.0489043,0.5374795,0.1115614,0.4663319,-0.5481051,-0.5556046,0.4164359,0.01572648,0.1974458,-0.04380106,0.4694511,-0.5342963,-0.5553154,0.4310078,0.009520138,0.07088707,-0.1783918,0.456938,-0.5172061,-0.5673075,0.4492969,0.02698704,-0.0161402,-0.09108315,0.4414634,-0.5039905,-0.5817547,0.4611561,-0.08628832,-0.09582575,0.009906369,0.424002,-0.4986441,-0.5955654,0.4657019,-0.142763,-0.1890993,-0.04054149,0.4139473,-0.4885752,-0.6075702,0.4698939,0.02390464,-0.0327398,0.007295548,0.4102478,-0.4811672,-0.6150035,0.4711109,-0.1699753,-0.08457527,-0.2623544,0.4138202,-0.4718255,-0.6145816,0.4779361,-0.06516816,-0.1773259,0.03584128,0.4229255,-0.4782422,-0.6130433,0.465399,0.1260432,-0.1535239,-0.01395229,0.4294161,-0.4924686,-0.6098547,0.4485016,0.02818615,-0.2995057,0.06865015,0.4393545,-0.5130847,-0.5999313,0.4287123,-0.02857938,-0.4117444,0.2553064,0.4498472,-0.5286443,-0.5889102,0.4139535,0.04937281,-0.3542959,0.1940198,0.4489739,-0.5254691,-0.5871684,0.4213525,0.001806018,-0.2378099,0.07449035,0.4348221,-0.5050414,-0.5996215,0.4430766,-0.03859441,-0.1346774,-0.004047109,0.4203423,-0.4895409,-0.6114889,0.4579774,-0.1038322,-0.05496091,-0.1404576,0.4073791,-0.4825276,-0.6185746,0.4675199,0.07668813,0.2396082,-0.1161632,0.399304,-0.479083,-0.6206661,0.475194,-0.02831359,0.2342245,-0.04992476,0.4017123,-0.4931399,-0.6117015,0.4703844
1,0,0,0.09875781,-0.1537544,0.01735181,0.8368732,0.5451266,-0.04053587,0.02892956,-0.02228439,0.008583752,0.2902038,-0.8345456,-0.5461473,0.005326372,-0.07230727,-0.07664099,0.1530879,0.1870635,-0.8306521,-0.5433821,-0.04472655,-0.112927,0.07634065,0.07735159,0.574889,-0.8327104,-0.5359977,-0.03976395,-0.1331114,0.04025636,0.01495861,0.3349705,-0.8389025,-0.5339867,-0.02479169,-0.1024025,-0.08997288,-0.05101879,0.04298329,-0.8402798,-0.5370528,-0.02542594,-0.06969684,-0.02920893,-0.05135438,-0.1369392,-0.8397466,-0.5385648,-0.0265917,-0.06376804,0.0753336,0.01608163,-0.2941701,-0.8364771,-0.5395078,-0.02603367,-0.09251817,-0.01752536,0.06112831,-0.4357061,-0.8373225,-0.5355449,-0.0162004,-0.1087214,-0.1108813,0.02066166,-0.38472,-0.8385128,-0.5368431,-0.01578498,-0.09190512,-0.06368258,-0.1061939,-0.1227466,-0.8398317,-0.5405001,0.001719996,-0.05039285,0.09014037,-0.1432993,0.1789781,-0.8355627,-0.5469698,0.02795435,-0.0433294,0.03366755,0.00233121,0.13165,-0.8342983,-0.5468932,0.006289735,-0.06938769,-0.05031661,0.05199578,0.3691978,-0.832344,-0.5425592,-0.01681833,-0.1120273,0.08722673,0.05807918,0.5352454,-0.8359634,-0.5350565,-0.01283366,-0.1213056,-0.0002638756,0.02567182,0.2633039,-0.8383764,-0.5353094,-0.01701123,-0.1013872,-0.02070951,-0.001556656,-0.04076634,-0.8391013,-0.5354873,-0.02062697,-0.09347111,0.04080626,0.008406749,-0.2192074,-0.8415335,-0.531184,-0.01486675,-0.09717917,-0.009963059,-0.00008166377,-0.3613155,-0.8426664,-0.5302335,-0.007226888,-0.09334661,-0.05300808,-0.03545858,-0.4008982,-0.8428728,-0.5326216,0.003863588,-0.07658226,-0.04771132,-0.1020879,-0.1735391,-0.8417805,-0.5367023,0.02341657,-0.05298884,-0.04471607,-0.1003824,-0.01607913,-0.8389007,-0.542086,0.02627769,-0.04120425,0.003838452,-0.003255501,0.1519153,-0.8348538,-0.5456482,0.01084165,-0.07190023,0.04849077,0.1285115,0.249081,-0.8345442,-0.5398593,-0.01877678,-0.1083298,0.08176878,0.09424745,0.4606339,-0.8389199,-0.5323145,-0.02329015,-0.1109601,-0.02510451,-0.01414253,0.3781927,-0.8398777,-0.5355812,-0.001717974,-0.08806272,-0.04475728,-0.006137595,0.1354127,-0.8397,-0.5355454,-0.007276621,-0.08967765,-0.01752175,0.06578334,-0.09915961,-0.8377129,-0.5338179,-0.02686836,-0.1120423,0.06482029,0.06001803,-0.2681474,-0.8385635,-0.5311241,-0.01932654,-0.1197706,0.01307296,0.01650292,-0.3930317,-0.8430893,-0.5271732,0.01621319,-0.1050039
1,0,0,-0.0246167,0.1796082,-0.640502,-0.5516328,-0.8258914,-0.05272586,-0.1040421,-0.01886163,-0.02421901,-0.1446741,-0.5499281,-0.8306655,-0.02299565,-0.0839346,-0.03522766,-0.1664113,-0.001053485,-0.546612,-0.8353357,0.02420037,-0.05332993,-0.04452449,-0.1140745,0.2581312,-0.5408695,-0.8391002,0.02938653,-0.05007376,0.06350823,0.09437454,0.2617764,-0.5376385,-0.8401289,-0.02096675,-0.06847273,0.1725452,0.2570833,0.5216216,-0.5411173,-0.8345268,-0.04359622,-0.09410904,0.03848153,0.05325685,0.3016213,-0.5411642,-0.8359239,-0.03610571,-0.08407696,-0.05891083,-0.08442717,-0.04849452,-0.5440838,-0.8352997,-0.02318376,-0.07556259,-0.02807877,-0.1081765,-0.3013522,-0.5450996,-0.8331205,-0.02739052,-0.08959029,-0.00535875,0.04160286,-0.4475826,-0.5483496,-0.8278773,-0.0397905,-0.1111239,-0.02271907,0.1682307,-0.4613946,-0.5469388,-0.8286767,-0.04574753,-0.1098185,-0.004135338,-0.1199718,-0.06419788,-0.543058,-0.8361803,-0.0009827949,-0.07674369,-0.03715746,-0.1327658,0.09378822,-0.5390825,-0.8400365,0.02613094,-0.0551888,-0.04395089,0.02337774,0.1850715,-0.5361778,-0.8411916,0.006686583,-0.06975146,0.1569344,0.273764,0.3882032,-0.5396572,-0.8365765,-0.02934815,-0.0897139,0.03892327,-0.009500372,0.3710481,-0.5386424,-0.8393254,-0.01585797,-0.07173306,0.0180523,-0.04721508,0.1638237,-0.5387143,-0.8394049,-0.01027381,-0.07127865,-0.01725385,0.00827352,-0.1479918,-0.538056,-0.8374361,-0.02138791,-0.09348279,-0.04016284,0.03175059,-0.2295856,-0.5408762,-0.83178,-0.04244784,-0.1174447,-0.08307369,0.1141355,-0.5348321,-0.5500118,-0.8261486,-0.05436348,-0.1095903,-0.006379195,0.05616031,-0.3781285,-0.5479047,-0.830261,-0.04070924,-0.09386031,0.03216631,-0.1520947,-0.007010977,-0.5422561,-0.837559,0.006662823,-0.066399,-0.01616186,-0.1067745,0.1498248,-0.5384624,-0.8401569,0.02286501,-0.0605956,-0.05564689,0.06269417,0.3304611,-0.5379732,-0.8384531,0.0006838217,-0.08706683,0.08759127,0.105086,0.4897879,-0.5387868,-0.8360019,-0.02428534,-0.1010927,0.1262335,0.05351647,0.4028018,-0.5399008,-0.8352993,-0.02083903,-0.1017249,-0.005286848,-0.001204923,0.0779455,-0.5415767,-0.8357555,-0.01164958,-0.08984247,-0.08000713,-0.04028601,-0.09428389,-0.5439816,-0.8339205,-0.02063818,-0.09074562,-0.04518287,0.02065865,-0.4571573,-0.5481064,-0.8290319,-0.04133789,-0.102842,-0.03219203,0.1445436,-0.5186064,-0.549393,-0.8252289,-0.05279512,-0.1199054
0,1,0,-0.04712299,0.03321709,0.1818736,-0.08925131,-0.5986874,-0.7580099,-0.2429579,0.05900877,-0.03596925,0.1031182,-0.09581894,-0.6172103,-0.7410177,-0.2465014,-0.1074853,-0.08966196,0.06618425,-0.1202508,-0.6321004,-0.7215573,-0.2556242,0.1309904,-0.04248597,0.008267174,-0.1029237,-0.635115,-0.7263675,-0.2417143,-0.04181223,-0.1216975,-0.04362117,-0.1137518,-0.6305366,-0.7297035,-0.2387822,0.05442252,-0.1025859,0.04206054,-0.09257975,-0.6413432,-0.7282364,-0.223113,-0.1304277,-0.105976,0.1057174,-0.1087193,-0.6483342,-0.7196835,-0.2233799,0.05125737,-0.05070622,0.1105686,-0.1332219,-0.6616507,-0.7022949,-0.2263893,-0.03544604,-0.1233156,0.1008043,-0.1415494,-0.6724542,-0.6919466,-0.2213119,-0.03428154,-0.1079676,0.156751,-0.1608021,-0.690779,-0.6698407,-0.2197282,0.06685643,-0.03343318,0.2091612,-0.1555232,-0.7048539,-0.6586409,-0.212569,0.03280289,-0.005244375,0.1774022,-0.1573213,-0.7271016,-0.6348017,-0.2088064,0.02714784,0.07746004,0.1530363,-0.1536021,-0.7466459,-0.6139927,-0.2047908,-0.007927245,-0.01627674,0.1369439,-0.1667349,-0.7587392,-0.59477,-0.2067917,-0.02713242,0.002063305,0.1228819,-0.1949948,-0.7662818,-0.5747505,-0.2108338,0.03351511,0.009536305,0.03712188,-0.1990465,-0.7711568,-0.5661241,-0.2126054,0.004144697,-0.02016276,0.03403478,-0.1992381,-0.7738809,-0.5614589,-0.2148869,0.03967819,-0.0315599,-0.06797603,-0.1945393,-0.7700766,-0.5672283,-0.217689,-0.0140356,0.04802413,-0.05563413,-0.1988603,-0.7656097,-0.5694484,-0.2236622,-0.06737043,0.05129399,-0.0008094413,-0.2170689,-0.7585316,-0.5683405,-0.2334526,0.00007048028,-0.001226002,-0.03959993,-0.2267125,-0.747842,-0.5741866,-0.2442203,-0.05118299,-0.0525834,-0.09543883,-0.2522995,-0.7322172,-0.5754269,-0.2628435,-0.02132354,0.0487494,-0.2097644,-0.2641419,-0.7102353,-0.5869004,-0.2852067,0.01317845,0.07569178,-0.3582216,-0.2310849,-0.6843172,-0.6280735,-0.2895399,0.01614505,0.09240887,-0.3163889,-0.2000947,-0.6588977,-0.6657638,-0.2873577,-0.08146538,0.1975993,-0.24631,-0.18134,-0.6244753,-0.7042368,-0.2849506,0.06798395,0.184935,-0.1640181,-0.1559562,-0.5987741,-0.7347013,-0.2781388,-0.01256981,0.1239111,-0.057227,-0.1282986,-0.5868741,-0.7529662,-0.2686265,-0.07034255,0.09326104,0.04931597,-0.129205,-0.5825359,-0.756092,-0.2688546,0.03113883,0.09383631,0.08875274,-0.1483825,-0.5947248,-0.7376883,-0.2830211
0,0,1,0.008831551,0.0174508,0.008101318,0.110115,-0.0601464,0.7656291,0.6309273,0.007229055,-0.006680979,0.0100559,0.1114264,-0.06211752,0.7654415,0.6307335,-0.02757401,-0.008164368,0.0004621211,0.1123268,-0.06361776,0.7647455,0.6312684,0.004688264,0.005221546,0.005483118,0.1114886,-0.06420957,0.7647424,0.6313609,0.00660098,-0.003803346,0.002092382,0.1117077,-0.05945947,0.7674603,0.6284828,-0.02421597,-0.03161931,0.01014167,0.1146559,-0.05441613,0.7682003,0.6275039,0.009247942,-0.002336382,-0.004643481,0.1126162,-0.05575907,0.7676855,0.6283849,-0.001956113,0.0250342,-0.009539125,0.1084779,-0.0590794,0.7668567,0.6298198,0.01198206,-0.01405359,-0.008538933,0.1084918,-0.05985868,0.7670167,0.6295489,-0.003365938,-0.01680997,0.006791294,0.1082999,-0.06048203,0.7672271,0.629266,0.005551386,-0.01617889,0.03288519,0.1071162,-0.05948307,0.7676513,0.6290464,0.02128949,0.002845471,0.009220542,0.1048885,-0.0617942,0.7663276,0.6308105,-0.01219131,-0.00143599,-0.02710838,0.1054839,-0.06387129,0.7665096,0.630283,0.0143427,-0.008404354,-0.007575791,0.1066125,-0.0635796,0.7666135,0.6299961,0.002881328,0.005812751,-0.01608283,0.1058919,-0.06434921,0.7661422,0.6306125,0.003107332,0.001825741,-0.01524154,0.1051874,-0.06605469,0.7661527,0.6305414,-0.01481661,-0.008474801,0.0009021671,0.1060873,-0.06667243,0.7666989,0.6296611,0.005098576,0.005589008,-0.01626196,0.1062201,-0.06805468,0.7656171,0.6308061,-0.01716337,0.01949489,0.004179804,0.1071478,-0.07086623,0.7642241,0.6320276,0.01434428,-0.03312173,0.01119098,0.1073018,-0.07017011,0.7641509,0.6321676,-0.01215993,0.01248594,-0.0006682863,0.1068874,-0.07117739,0.7644283,0.6317897,-0.02228008,0.01351097,-0.01183563,0.1094212,-0.07204931,0.7644789,0.6311957,0.002946071,0.03737136,-0.008681984,0.1132016,-0.07263642,0.764864,0.629994,-0.009452866,-0.01970064,0.03355367,0.1124651,-0.0697865,0.764568,0.6308067,0.02851969,0.03452554,0.05261238,0.1110954,-0.0687869,0.7669944,0.6282083,0.02132173,-0.02216947,0.01909955,0.1115227,-0.06807027,0.7676104,0.6274579,0.01344024,0.003018843,-0.03635032,0.1112471,-0.06981001,0.7671576,0.6278693,-0.01819947,-0.0151101,0.002499558,0.1115813,-0.06959356,0.7668282,0.6282362,0.01414412,0.00002682214,0.02403808,0.11137,-0.0693886,0.7669488,0.6281493,-0.02188674,0.013319,-0.008283949,0.1112842,-0.06989996,0.7668474,0.6282315
1,0,0,0.02237825,0.07521589,0.07547006,-0.581336,-0.8087548,-0.007998977,-0.08888271,-0.06360231,-0.06589569,-0.2478001,-0.5766655,-0.8113955,-0.02736098,-0.09135363,0.02178219,-0.08453259,-0.4492352,-0.5744067,-0.8118857,-0.03286919,-0.09908696,-0.1032301,0.2111712,-0.4613394,-0.5706751,-0.811473,-0.05753732,-0.111942,-0.06037954,-0.06923107,-0.2042009,-0.5720745,-0.8152717,-0.02352494,-0.08665688,0.03726711,-0.07693803,0.005076136,-0.5687858,-0.8194261,0.01713123,-0.06877606,-0.004288564,-0.01337854,0.1361212,-0.5656139,-0.8218695,0.02877529,-0.06150835,0.116635,0.05880432,0.3062789,-0.5661439,-0.821498,0.02336574,-0.06384452,0.02458212,-0.007213033,0.5969447,-0.5664278,-0.8198833,0.02662616,-0.07900442,0.01402428,0.1245569,0.3596704,-0.5687711,-0.8171275,-0.002862275,-0.09377547,0.0333348,0.1100834,0.09149804,-0.5714498,-0.8135983,-0.01524732,-0.1061625,-0.03423235,0.01874631,-0.2694658,-0.5716873,-0.8128558,-0.0246777,-0.1087656,-0.05482326,-0.06729921,-0.450975,-0.5728068,-0.8121763,-0.02756212,-0.1072491,-0.03945934,0.1544013,-0.5370896,-0.5690409,-0.8142281,-0.04343282,-0.1064834,0.00444709,-0.08274584,-0.1088724,-0.5662092,-0.820268,-0.002335038,-0.08100672,-0.02862814,-0.1174316,0.1180446,-0.5613341,-0.8244551,0.03203024,-0.06443387,-0.0447519,0.01273208,0.2231437,-0.5593907,-0.8259673,0.02218228,-0.06609096,0.1800933,0.1637837,0.5273495,-0.563547,-0.8223513,0.004916873,-0.07828672,0.1200434,0.05138396,0.5587806,-0.5637258,-0.8209695,0.00203371,-0.0906544,-0.01050015,0.06346661,0.1846086,-0.5669228,-0.8173958,-0.02393837,-0.09944616,0.02065708,0.07211347,-0.1696418,-0.5691754,-0.8138238,-0.03616108,-0.1114566,-0.04580567,-0.05016375,-0.3760803,-0.5717227,-0.8119586,-0.03587758,-0.1121119,-0.07907271,-0.002195671,-0.5855798,-0.5725817,-0.8120752,-0.03761528,-0.106156,-0.0724951,0.08991576,-0.3548995,-0.5702834,-0.814963,-0.04020061,-0.09484733,0.03655406,-0.160374,-0.01825252,-0.5656455,-0.8214431,0.008922517,-0.07208844,-0.02406104,-0.09211469,0.05100711,-0.5618453,-0.8240081,0.03081175,-0.06626514,0.03592496,0.1640733,0.4293078,-0.5652362,-0.8210684,0.01361977,-0.07854374,0.1360796,0.05524162,0.4645679,-0.5698717,-0.8177512,0.0126147,-0.07981238,0.05716128,0.03957825,0.3459426,-0.5704519,-0.8164398,0.0015595,-0.08948809,-0.05479636,0.07677765,0.05760449,-0.5715528,-0.8142946,-0.02385579,-0.0984009
0,0,1,-0.01969099,-0.005397345,-0.03002654,0.4238181,-0.6458606,-0.5323899,0.3461261,0.01244159,0.02604974,-0.06294879,0.448324,-0.6349134,-0.5136549,0.3633856,0.003145216,-0.03400334,-0.08602409,0.4644265,-0.6270837,-0.4947664,0.382466,0.008739743,-0.01256402,-0.1542119,0.4759312,-0.6160996,-0.4819295,0.402063,0.1014571,-0.05466031,0.02439775,0.496869,-0.5965418,-0.4710587,0.4187635,0.1130945,0.03480904,0.0785322,0.5164889,-0.5791456,-0.4735305,0.4166515,-0.08552012,-0.05619547,0.0860552,0.5200073,-0.5786852,-0.4605566,0.4273212,-0.07103554,-0.08936822,0.08614537,-0.527189,0.5671521,0.4472702,-0.4476155,-0.04065821,0.01741891,0.01941597,-0.5282116,0.5661563,0.4320796,-0.4623491,-0.04753707,0.1107931,-0.02146019,-0.5275311,0.5667578,0.4166522,-0.4763375,-0.00375843,-0.01273712,-0.02496782,-0.5354592,0.5640526,0.4069386,-0.479092,-0.01592518,-0.01429444,-0.1060086,-0.5381306,0.5637405,0.405235,-0.4779086,-0.05244029,0.01383261,-0.08756719,-0.529644,0.5693081,0.4174776,-0.4701894,-0.09973575,-0.1338658,-0.05161629,-0.5189402,0.5781292,0.4315884,-0.4584749,-0.1779719,0.0862314,-0.009401204,-0.5105666,0.5790536,0.432315,-0.4659639,0.1386188,0.03336841,0.08203682,-0.5195108,0.5665501,0.433991,-0.4698738,0.05380286,-0.05946873,0.05143298,-0.522923,0.5591335,0.4343466,-0.4746202,0.08152002,0.008762117,0.04936327,-0.529792,0.5502714,0.4394005,-0.472704,0.05306911,0.0470113,-0.01895939,-0.5420105,0.5402874,0.4406824,-0.4691622,0.03409571,0.004096074,-0.02893794,-0.5518504,0.5336192,0.4320212,-0.4733597,0.04017106,0.03856183,-0.03124327,-0.5584763,0.5285006,0.4214944,-0.4807638,0.04059045,-0.06013925,-0.04146444,-0.5701905,0.5235556,0.4033446,-0.4879399,0.1050849,-0.0694691,-0.03739735,-0.5818578,0.5084028,0.390921,-0.5001488,0.09689926,0.07500104,0.03080793,-0.6018308,0.4818823,0.3919033,-0.5019969,0.005356415,-0.02353813,0.03256934,-0.6077738,0.481552,0.384896,-0.5005734,-0.04639873,0.04207831,0.1253974,-0.6075757,0.482933,0.383285,-0.5007195,-0.07910349,-0.03254969,0.05693705,-0.6064019,0.4853466,0.3765353,-0.5049124,-0.08642891,0.02684669,0.02061109,-0.595689,0.4955532,0.3713896,-0.5115186,-0.0568185,0.1192662,0.003733972,-0.5905193,0.5046841,0.3598735,-0.51679,0.02612827,0.0070243,0.00294753,-0.5947183,0.5050741,0.3502154,-0.5182271
0,1,0,0.02713562,-0.03197233,-0.03592941,-0.5278991,-0.2451304,-0.35621,-0.7309911,0.163512,-0.1696692,0.02736738,-0.5510912,-0.2541816,-0.3469234,-0.7150764,0.1015669,-0.2035934,0.05165565,-0.5608121,-0.2494721,-0.3428438,-0.7111341,-0.109608,-0.5600929,0.03788011,-0.5851689,-0.2472442,-0.3275986,-0.699376,0.01375785,-0.555811,0.1140853,-0.5848593,-0.2385832,-0.3159352,-0.7079566,-0.08489376,-0.378773,0.02947352,-0.5726863,-0.2249223,-0.3078234,-0.7257308,-0.041339,-0.1574988,0.04141272,-0.5462123,-0.2161642,-0.3028823,-0.7504581,0.04909056,0.06843059,-0.0022852,-0.5195051,-0.208941,-0.304596,-0.770506,0.0706418,0.2139385,-0.009988702,-0.5086831,-0.2055526,-0.3098407,-0.7765232,0.03372284,0.2214068,-0.0008821826,-0.5146104,-0.2008706,-0.3052674,-0.7756539,-0.008481821,0.3084445,0.08662005,-0.5319932,-0.2026915,-0.2956338,-0.7671375,-0.05828639,0.4241626,0.1301449,-0.5494261,-0.2062605,-0.2883739,-0.7565897,-0.03101971,0.5288265,0.2771218,-0.5564873,-0.2203579,-0.2942615,-0.7451003,0.07468227,0.3317118,0.007097746,-0.5479965,-0.2288176,-0.3049285,-0.7445542,-0.04497973,0.07096671,0.05210195,-0.5436046,-0.2268356,-0.3096837,-0.7464152,-0.07382068,-0.0137696,0.005375197,-0.5329174,-0.2251889,-0.3214538,-0.7496375,0.05392981,-0.1043326,-0.09979444,-0.5258421,-0.2310479,-0.3363513,-0.7463074,-0.05015143,-0.1632061,-0.1441903,-0.5215636,-0.2369044,-0.3513762,-0.7405285,0.008473669,-0.1570923,-0.04634143,-0.5261851,-0.2441427,-0.3602483,-0.7305784,0.04821751,-0.2385696,-0.04712585,-0.5342303,-0.2553509,-0.3643774,-0.7187648,0.05593838,-0.30704,-0.06766941,-0.5475636,-0.2616578,-0.3599613,-0.7086163,-0.1251895,-0.1970235,0.05408252,-0.5636271,-0.2553663,-0.3470467,-0.704749,-0.1085017,-0.5132784,-0.01221516,-0.577437,-0.2471513,-0.3310477,-0.7041947,-0.01938011,-0.5056422,0.05680531,-0.5753113,-0.2391653,-0.3209573,-0.7133044,-0.02123155,-0.2930287,0.08120104,-0.5573257,-0.2250714,-0.3112632,-0.736102,-0.01503885,-0.07719621,0.004649802,-0.5275103,-0.2126108,-0.3105547,-0.7616332,-0.02468622,0.09371091,-0.003827475,-0.50855,-0.2074113,-0.314472,-0.7742511,-0.008253196,0.3025453,-0.06398608,-0.4990019,-0.2056075,-0.3180133,-0.7794808,0.03878735,0.2719603,-0.049086,-0.5086974,-0.2089269,-0.3176185,-0.7724603,0.02112012,0.2713257,0.009516904,-0.5268009,-0.2133593,-0.3110434,-0.7617157
0,0,1,-0.003893859,0.01224096,-0.0003689092,-0.506811,-0.1206465,-0.1593719,-0.8385628,-0.032268,0.005777584,0.00250763,-0.5082463,-0.1240523,-0.1598516,-0.8371047,-0.03029293,0.007291147,-0.01490842,-0.5092402,-0.128817,-0.1579373,-0.8361437,-0.0292034,-0.002118153,-0.01890004,-0.5078656,-0.1344021,-0.1591112,-0.8358781,-0.04673283,0.001033549,0.0009298826,-0.5064236,-0.1394027,-0.162261,-0.8353282,-0.03936383,0.01278146,0.007397974,-0.5038985,-0.1432299,-0.1712244,-0.8344181,-0.02526226,0.005189235,0.01044392,-0.5042983,-0.1453747,-0.1761607,-0.8327765,-0.02506693,-0.01062373,-0.003075702,-0.5059366,-0.1458756,-0.1814957,-0.8305466,-0.0179225,0.003934351,-0.01625058,-0.5064963,-0.1435105,-0.1853804,-0.8297591,-0.008372706,0.001699404,-0.0006431964,-0.5077237,-0.1380372,-0.1855817,-0.8298926,-0.004324943,-0.01057063,-0.007091303,-0.5084265,-0.1333154,-0.1854468,-0.8302644,0.004236566,-0.00217582,-0.01261444,-0.5091379,-0.1288386,-0.1852926,-0.8305696,-0.007788799,0.006012437,-0.01823574,-0.5096884,-0.1236887,-0.1874891,-0.8305219,-0.004863855,0.005828931,-0.006360827,-0.5096347,-0.119051,-0.1910312,-0.8304254,0.01940704,0.0003149853,0.02813464,-0.5092368,-0.1111996,-0.1915269,-0.831643,0.03116537,-0.04180932,-0.02428052,-0.5094283,-0.1029124,-0.1909554,-0.8327231,0.02872955,-0.01361351,-0.01123221,-0.5102005,-0.09460695,-0.1884044,-0.8338158,0.03126799,0.01553231,0.001218125,-0.5098406,-0.09049003,-0.1874958,-0.8346971,0.02539046,-0.005263241,-0.01776453,-0.5108995,-0.08440027,-0.1810877,-0.8361013,0.03397899,-0.01395641,-0.03735542,-0.5096709,-0.08570221,-0.1795752,-0.8370445,0.01805744,0.01075647,0.002458568,-0.5084333,-0.09195118,-0.1839421,-0.8361853,0.01673018,0.007874439,0.01331375,-0.5081309,-0.09526426,-0.1850598,-0.8357515,0.02176053,0.002476024,0.02012011,-0.5078467,-0.09521711,-0.1822974,-0.8365363,0.01162031,0.03395248,0.001071281,-0.5080462,-0.09429395,-0.1777016,-0.8375082,0.003844406,0.03194762,0.0316745,-0.508015,-0.09582917,-0.1769749,-0.8375065,0.004674175,-0.0365594,0.0008949221,-0.5108888,-0.09414339,-0.1747622,-0.8364137,0.02527739,-0.003597874,-0.03155761,-0.5121566,-0.09055601,-0.1700856,-0.8369982,-0.0212411,-0.0008763964,0.01318951,-0.5153113,-0.08944927,-0.1677739,-0.8356465,0.02218313,0.01618503,0.004501694,-0.5146822,-0.08672479,-0.1667463,-0.8365266,0.007514969,0.01022521,-0.008542288,-0.5160739,-0.0835724,-0.1630563,-0.8367174
1,0,0,-0.06864741,0.09414307,0.1384486,0.5801263,-0.8103365,-0.08243369,-0.003577996,-0.09498434,0.04175097,-0.08098566,0.5777627,-0.8126699,-0.07497062,0.01171605,0.05645107,0.007577117,-0.2821917,0.5738736,-0.8155748,-0.07415351,-0.002842572,0.02846622,-0.04137146,-0.3429418,0.5696259,-0.818154,-0.07582234,-0.02003698,-0.09542336,-0.05354944,-0.3772728,0.5647078,-0.8233259,-0.05330303,-0.0199595,-0.0786565,-0.07980964,-0.290128,0.566784,-0.8226941,-0.02986904,-0.03222144,0.1175264,-0.04098092,-0.0007272184,0.5712583,-0.8177348,-0.03676616,-0.06018133,-0.0176613,0.05070516,0.02749806,0.5730221,-0.8160931,-0.05567061,-0.05038369,-0.07640942,0.1125657,0.1813993,0.5769655,-0.813234,-0.07208319,-0.02377426,0.1257803,0.06109023,0.4381145,0.5794924,-0.8118979,-0.06589001,-0.0258601,0.08163847,-0.0009930147,0.4327715,0.5830015,-0.8097564,-0.05967769,-0.02902166,0.007498735,0.06519084,0.2557894,0.5837917,-0.8076351,-0.08239818,-0.0111029,-0.02629178,0.0968365,-0.004893602,0.5804164,-0.8087218,-0.09530191,-0.001821265,-0.04216527,0.07759403,-0.2212394,0.5770468,-0.8112181,-0.09451861,0.002887465,-0.02182551,-0.02641561,-0.3648489,0.5732229,-0.8153605,-0.0808444,-0.008178256,-0.0314645,-0.1007999,-0.3642693,0.5674283,-0.8207108,-0.05492777,-0.03797086,-0.08668369,-0.1501171,-0.3992164,0.5687698,-0.8208818,-0.02216981,-0.04650013,0.0178672,-0.09588616,-0.1686243,0.5715386,-0.8181522,-0.01808115,-0.06036287,-0.02269149,-0.02148549,0.2356096,0.5743038,-0.8162628,-0.04338529,-0.04480998,-0.02687417,0.09792478,0.1398097,0.5771885,-0.8133026,-0.07306249,-0.007355809,0.1867472,0.1442164,0.444404,0.5785228,-0.809876,-0.09530236,-0.01815921,-0.01488272,-0.01138415,0.4319468,0.5839014,-0.8085749,-0.06740814,-0.02686745,-0.03960459,-0.04083415,0.2929896,0.5839109,-0.8093698,-0.05804274,-0.02448329,0.08419125,0.1179262,0.03372434,0.5822055,-0.8075079,-0.09467558,-0.002071902,-0.03642806,0.123535,-0.04593885,0.5814322,-0.8057812,-0.1111014,0.017601,-0.06077341,0.07198988,-0.3571792,0.5786649,-0.8096861,-0.09591468,0.01886056,-0.008395747,-0.04053368,-0.3522055,0.572984,-0.8166418,-0.06612241,-0.02032889,-0.02761399,-0.1977862,-0.3379371,0.5733371,-0.8173527,-0.01338279,-0.05513771,-0.03762038,-0.188705,-0.2766921,0.5728422,-0.8166402,0.005060878,-0.07017827,-0.01620029,-0.03282919,0.02004985,0.575792,-0.8160123,-0.03830958,-0.0334636
1,0,0,0.03767257,-0.09755995,0.05166645,0.05125439,-0.08394541,0.4938045,-0.8639927,-0.02487583,-0.07125068,0.02311948,0.04266473,-0.07706317,0.4934138,-0.8653229,-0.005433108,-0.1010374,0.04055327,0.02930964,-0.07666714,0.4956442,-0.8646386,0.06048555,-0.1845519,0.274842,0.008203916,-0.06687177,0.4836561,-0.8726612,0.01086676,-0.2319837,0.196411,-0.03824864,-0.05783951,0.4471166,-0.8917838,-0.02445171,0.08232433,-0.04342431,-0.04687179,-0.04933916,0.4354649,-0.8976296,0.0003853319,0.07366917,-0.1090244,-0.03074511,-0.04762321,0.4511288,-0.8906568,-0.07598451,0.09496028,-0.122648,-0.01294181,-0.04575709,0.4613623,-0.8859366,0.04349417,0.09293321,-0.08598108,0.003052654,-0.04925181,0.4737674,-0.8792664,0.03284546,0.07174509,-0.03534517,0.01369505,-0.05694981,0.4761352,-0.8774192,0.03433154,0.1171845,-0.03994323,0.02325829,-0.06822452,0.4811521,-0.8736688,0.01802377,0.08450571,-0.03916837,0.03569936,-0.07789905,0.491352,-0.8667356,-0.0130257,0.05846294,0.003536316,0.0464414,-0.07994481,0.4873657,-0.8682895,-0.03887787,0.0716707,-0.02117549,0.05523374,-0.08096375,0.485047,-0.8689784,0.006404425,0.09448853,-0.1235603,0.06532582,-0.08412419,0.4884126,-0.8660882,-0.06274935,0.1176256,-0.09116759,0.07678416,-0.08480673,0.4948865,-0.8613938,-0.009123088,-0.003373596,0.03328614,0.08412562,-0.08358974,0.4978037,-0.8591433,-0.02490357,-0.04075019,0.126372,0.08058193,-0.08052029,0.493952,-0.8619944,-0.07912323,-0.0192744,0.0690522,0.08290622,-0.08204168,0.4962801,-0.8602917,-0.01426423,-0.06735029,0.1350821,0.08777951,-0.07323665,0.4934921,-0.8622045,0.1981859,-0.08700091,0.0325279,0.06468443,-0.07814518,0.4815626,-0.8705209,0.0367544,-0.01131351,-0.03777257,0.05150828,-0.08517003,0.4823899,-0.8702833,0.07008982,-0.06714237,-0.01635726,0.04162847,-0.08586048,0.4842253,-0.8697246,-0.01327439,-0.05413927,0.03710788,0.03151057,-0.08173404,0.4884645,-0.8681757,0.0226872,-0.1390512,0.2036134,0.02134531,-0.0744859,0.4866802,-0.870137,0.01886336,-0.2711679,0.2754077,-0.02294797,-0.0694147,0.4519998,-0.889017,-0.03130235,-0.0141184,-0.06658852,-0.04539382,-0.04867395,0.4139779,-0.9078504,-0.07042554,0.1197747,-0.1601115,-0.01939566,-0.05599517,0.4465462,-0.892796,0.03309176,0.06896262,-0.2063279,-0.001225801,-0.05094601,0.4558527,-0.8885951,-0.01505525,0.1242456,-0.1239397,0.01034586,-0.05786958,0.470227,-0.8805853
1,0,0,0.03106784,-0.001867569,-0.003399829,-0.09610485,-0.02488204,0.5129862,-0.852637,-0.02272379,0.03711426,-0.1261635,-0.09370456,-0.02694374,0.5149105,-0.8516811,0.09857003,0.1187456,-0.181343,-0.07140011,-0.03871185,0.5356185,-0.8405452,0.06549229,0.1534198,-0.144223,-0.05639721,-0.06143527,0.5584631,-0.8253266,-0.03402627,0.1507677,-0.1153621,-0.0377861,-0.07313494,0.5686124,-0.8184763,0.08598775,0.1040744,-0.06533451,-0.02429525,-0.08730254,0.5719986,-0.8152335,-0.01031385,0.07051802,0.01004579,-0.01425516,-0.09664661,0.5749987,-0.8123009,-0.02474289,0.06586273,-0.01258687,-0.00432045,-0.1029256,0.5722553,-0.8135794,-0.03593117,0.06365065,-0.09253431,0.005594026,-0.1029208,0.5722694,-0.8135623,0.0750633,0.1168848,-0.1706841,0.0202174,-0.1059885,0.5804974,-0.8070815,-0.08159578,0.01595157,0.0440325,0.0232296,-0.1125852,0.5897043,-0.7993959,0.005133099,0.008849858,0.13092,0.02918222,-0.1110796,0.5953616,-0.795207,0.0688433,-0.04577743,0.1456049,0.02393899,-0.1148361,0.5937948,-0.7960197,-0.07881739,-0.05656938,0.129835,0.02199315,-0.1112681,0.5913648,-0.7983879,-0.01466096,-0.09469484,0.00535903,0.01790335,-0.0959297,0.5825189,-0.8069379,-0.008442719,-0.05851417,0.0132572,0.008157965,-0.08812772,0.5803294,-0.8095583,0.02143713,-0.05137933,0.0609113,0.001815561,-0.08316709,0.5817724,-0.8090863,-0.005337477,-0.1398151,0.2119044,-0.01130632,-0.07439375,0.5779757,-0.8125772,0.009808332,-0.2441872,0.2003908,-0.05132794,-0.06154899,0.536078,-0.8403556,0.07373229,-0.01096033,-0.0262349,-0.06823165,-0.05469619,0.516729,-0.8516712,-0.04532627,0.06952008,-0.1380138,-0.06247432,-0.06103322,0.5303753,-0.843252,0.01924695,0.1428526,-0.1767363,-0.03866524,-0.06382201,0.5455548,-0.8347465,-0.0576523,0.1204378,-0.113204,-0.02599572,-0.07396778,0.55878,-0.8256016,0.08383976,0.109558,-0.0842033,-0.01053211,-0.08606543,0.5762409,-0.8126674,-0.0006278191,0.0520177,-0.04414609,-0.002247766,-0.09785985,0.5803432,-0.8084677,-0.003585888,0.07591758,-0.02168342,0.01052009,-0.09781925,0.5763338,-0.8112707,0.005930481,0.03853761,-0.01367157,0.01577335,-0.1032226,0.5749723,-0.811482,0.01332009,0.05518111,-0.0004037725,0.02345628,-0.1064577,0.5710901,-0.813617,0.0171058,0.05555458,-0.1094024,0.02725406,-0.1145401,0.5758198,-0.8090545,-0.04127367,0.07611725,-0.1435906,0.03258302,-0.115093,0.5812054,-0.8049176
0,1,0,0.02966518,0.02049175,0.09640507,-0.2502186,-0.6669472,-0.6652826,-0.2235421,0.02309986,0.003764654,0.09311335,-0.2484981,-0.6774597,-0.6564871,-0.2198218,-0.0609916,-0.05174036,0.1183119,-0.2586641,-0.6858743,-0.6442321,-0.218253,-0.007527146,0.05201012,0.07603106,-0.2676597,-0.6924921,-0.6343483,-0.2154417,0.005785461,-0.007268392,0.07060624,-0.2857158,-0.697317,-0.6190169,-0.2212089,0.04956832,0.009437696,0.09301031,-0.2763563,-0.7065293,-0.6122113,-0.2228023,0.006483792,-0.03388509,0.03388216,-0.2824727,-0.7096835,-0.6053302,-0.2239058,0.02990986,-0.04980376,0.02697713,-0.2688415,-0.7147312,-0.6063523,-0.2218565,-0.04180495,0.0039114,-0.03030473,-0.2762071,-0.7157662,-0.6007595,-0.2246695,0.04926598,0.006987735,-0.04874007,-0.2783942,-0.7100157,-0.6071942,-0.2229118,-0.002471393,0.01250042,-0.00903097,-0.2756198,-0.7098683,-0.6077014,-0.2254324,-0.02622994,-0.02282696,-0.02600901,-0.2873213,-0.7010923,-0.6116331,-0.2276422,-0.01774133,0.04697774,-0.07046834,-0.2892741,-0.6896713,-0.6222076,-0.2313688,0.03027743,-0.03004332,-0.04568115,-0.2901186,-0.6794477,-0.6301584,-0.2389194,0.03131171,0.02786925,-0.08981666,-0.2917151,-0.6684914,-0.6368757,-0.2498215,0.02868218,0.01991983,-0.1480355,-0.2838052,-0.6579792,-0.6461985,-0.2625747,0.03517884,0.1232786,-0.1705895,-0.2812822,-0.6378376,-0.6625132,-0.2740798,0.03550765,0.1260052,-0.1818515,-0.2677855,-0.6197754,-0.6825665,-0.2797719,-0.09384992,-0.05502849,-0.2472094,-0.2636123,-0.5853922,-0.713955,-0.2794508,0.2037493,-0.1103095,-0.3141601,-0.2229704,-0.5724044,-0.7398183,-0.2744199,0.06483879,0.5561762,0.001509892,-0.1971111,-0.5502205,-0.7651122,-0.2701998,0.06257214,0.8078669,0.3283527,-0.1566395,-0.5485871,-0.7805059,-0.2555908,-0.2458769,-0.3369254,-0.08169939,-0.1579588,-0.5650949,-0.7666032,-0.2608373,0.1244521,-0.6491484,0.08847107,-0.3045643,-0.5242122,-0.7418124,-0.2866296,0.3934222,-0.3382722,-0.06001562,-0.1952105,-0.5843017,-0.7427981,-0.2621741,-0.2044378,-0.06840511,0.2762054,-0.2363151,-0.5950475,-0.7225154,-0.2608545,0.05369481,-0.05354829,0.2555835,-0.252083,-0.6214725,-0.6988837,-0.2485713,0.03325493,-0.0223803,0.3357923,-0.2501501,-0.6650617,-0.6627139,-0.236491,0.1060762,-0.05103988,0.2857341,-0.2463271,-0.7033614,-0.6293671,-0.2202333,-0.197869,-0.1595382,0.4354705,-0.2846401,-0.7361305,-0.5762421,-0.2122191
0,1,0,0.000397263,0.06861896,0.2257046,-0.3132545,-0.7549428,-0.5441382,-0.1893318,0.1918581,0.0942979,0.1421107,-0.2642383,-0.7938294,-0.5186307,-0.1761675,-0.03865166,0.0731012,0.02872133,-0.2762229,-0.8024877,-0.4998131,-0.1729193,0.08404689,-0.03284833,-0.07864797,-0.2487588,-0.8077877,-0.5093432,-0.161764,0.007523255,0.007006503,-0.072232,-0.2190794,-0.8088971,-0.5232857,-0.1544726,-0.02935301,-0.03510847,-0.09220457,-0.2045092,-0.802962,-0.5409149,-0.1443572,-0.05424022,0.02952227,-0.01602907,-0.205147,-0.7987586,-0.5483837,-0.1384731,0.01380674,0.006229397,0.008600247,-0.2104802,-0.7967665,-0.5490243,-0.1394038,0.03991491,0.02971316,0.01006285,-0.2101822,-0.7991673,-0.5446205,-0.1433299,0.003633058,-0.009947955,0.05748439,-0.2079562,-0.8022622,-0.539961,-0.1468734,-0.006778635,0.07479954,0.1215753,-0.2315042,-0.8055643,-0.5230565,-0.1545444,0.01383,-0.01340822,0.02555714,-0.2521467,-0.8060953,-0.5097905,-0.1635421,0.02040817,-0.09072483,0.03639117,-0.2621055,-0.8039047,-0.5058707,-0.1706832,-0.02368128,-0.05745599,0.007982238,-0.2744252,-0.7978007,-0.5056432,-0.1803603,-0.07585767,-0.03270129,-0.07230888,-0.3041518,-0.7822281,-0.508702,-0.1919196,-0.01250548,-0.0454457,-0.1240413,-0.3192304,-0.7638613,-0.5225304,-0.2038869,-0.01108656,0.1059671,-0.1713994,-0.3315488,-0.7464263,-0.5336228,-0.2194763,0.06181308,0.08866317,-0.2200194,-0.3427033,-0.7272931,-0.5449939,-0.2378671,-0.0307361,-0.1156412,-0.1032866,-0.3291921,-0.711648,-0.5662409,-0.2540883,0.0388512,-0.01791517,-0.1506721,-0.3445829,-0.6893519,-0.5743594,-0.2759854,0.02730974,0.06887968,-0.2460268,-0.3254353,-0.6732382,-0.5987102,-0.2870336,0.046183,0.1423745,-0.24074,-0.2986269,-0.6621658,-0.6248354,-0.2862501,0.0387035,0.03078007,-0.2749256,-0.2487611,-0.6421312,-0.6754884,-0.2636302,-0.0308319,-0.2167527,-0.1931912,-0.2225218,-0.6224875,-0.7091589,-0.2451264,0.1204105,-0.05673578,-0.2468069,-0.1780967,-0.6094531,-0.7371252,-0.2312895,0.1432121,0.8998544,0.127896,-0.1158838,-0.5991321,-0.7628912,-0.213562,-0.1948097,0.833935,0.180099,-0.09374669,-0.6020983,-0.7671032,-0.2006036,-0.1158848,-0.4153717,0.1232061,-0.1455465,-0.6148102,-0.7463571,-0.2092266,0.09191173,-0.4563977,0.263405,-0.1815951,-0.6554869,-0.7012412,-0.2135902,-0.07719314,-0.2360246,0.1621229,-0.2088433,-0.6675805,-0.6832911,-0.2093658
1,0,0,0.03360984,0.05189336,-0.117869,0.093464,0.051982,-0.843001,0.5271733,0.0348437,-0.09403823,-0.04470436,0.100968,0.046481,-0.842895,0.5264723,0.02481989,0.03632229,-0.06591445,0.103668,0.047053,-0.841469,0.5281751,0.006352832,-0.07452086,-0.08516669,0.107258,0.045632,-0.84124,0.5279477,-0.002518699,-0.08258681,-0.06816803,0.113965,0.039975,-0.837738,0.5325496,0.01650921,-0.04982333,-0.05332096,0.120016,0.035453,-0.835535,0.5349958,0.02339229,-0.03873901,-0.1280967,0.123103,0.0374,-0.83502,0.5349659,0.02157719,-0.01372538,-0.08595187,0.12314,0.036234,-0.834993,0.5350797,0.04208369,-0.06522105,-0.04305242,0.121579,0.041826,-0.836022,0.5334194,0.03588381,-0.01517338,-0.03634268,0.118991,0.044873,-0.83855,0.5297749,-0.03928966,0.0201088,-0.04042155,0.118209,0.041681,-0.837081,0.5325267,-0.05692056,-0.02310677,0.0585419,0.113112,0.037854,-0.8383,0.5320017,-0.006556775,0.008147532,0.02344327,0.103891,0.038513,-0.84125,0.5291709,-0.03118292,0.01177772,-0.001815095,0.092278,0.03732,-0.845324,0.5248994,-0.01048268,-0.0657513,0.09818847,0.086322,0.030812,-0.84688,0.5238257,-0.04657044,-0.06114218,0.1006868,0.082276,0.029736,-0.847164,0.5240798,0.03153982,-0.05946985,0.09923878,0.077442,0.029677,-0.848695,0.5223398,-0.0140007,0.00617948,0.04231822,0.077178,0.029652,-0.849074,0.521764,-0.03868803,-0.09752566,0.03210067,0.077442,0.030856,-0.848842,0.5220324,-0.02065945,-0.02599257,-0.00481306,0.079097,0.033932,-0.848536,0.5220909,-0.06761738,-0.1047452,0.07297088,0.081772,0.028723,-0.8466,0.5251255,-0.01175733,0.009799472,0.1386712,0.082827,0.028277,-0.84437,0.5285635,-0.04663162,-0.01735557,0.03777029,0.084563,0.031018,-0.845265,0.5267012,-0.1335726,-0.04611157,0.09007153,0.078875,0.035201,-0.847718,0.5233678,-0.0761626,0.03210067,0.08546241,0.081863,0.039541,-0.848935,0.5206192,-0.02423865,-0.02064925,-0.131472,0.082624,0.037546,-0.845854,0.5256374,-0.02124069,0.01818154,-0.03146844,0.086836,0.026418,-0.841018,0.5333388,-0.001131885,0.03417069,-0.03512922,0.099609,0.012067,-0.833344,0.5435718,0.04099259,-0.01701906,-0.03726043,0.107562,0.007935,-0.828739,0.549144,0.0305507,-0.03284506,-0.07226729,0.114022,0.011526,-0.827837,0.5491375
0,0,1,-0.01348102,0.01669179,0.003195074,-0.3831596,-0.2592932,-0.5233944,-0.7155516,-0.01055362,0.005379355,0.01537204,-0.3708654,-0.2588675,-0.5309718,-0.7165998,-0.01011063,0.006080656,0.04067687,-0.3631234,-0.260242,-0.5367528,-0.7157596,0.001489674,-0.01786601,0.04647692,-0.3595077,-0.2604581,-0.5410339,-0.7142816,0.007512839,0.01673891,0.02173229,-0.3594494,-0.2599274,-0.5424274,-0.7134469,-0.002519752,-0.01036734,0.02139109,-0.3657986,-0.2624682,-0.5397493,-0.7113174,0.01056119,-0.007700074,-0.005975823,-0.3727159,-0.2663485,-0.5366926,-0.7085919,-0.001770782,0.003193032,-0.01756104,-0.3796172,-0.2711216,-0.5334715,-0.7055437,0.007686265,-0.008231143,-0.002896864,-0.3826784,-0.2750952,-0.5324539,-0.7031164,0.01812507,0.00717056,-0.01662581,-0.3860665,-0.2764192,-0.5292438,-0.7031686,0.009686693,-0.008863837,0.002816731,-0.3903743,-0.2779334,-0.5259148,-0.7026909,0.01684445,0.006535824,-0.005512049,-0.3938777,-0.2788391,-0.522307,-0.703068,0.007892731,0.0124128,-0.00006510734,-0.3976669,-0.2818164,-0.5182393,-0.7027578,-0.00420269,-0.0004546331,-0.02118634,-0.400186,-0.2833944,-0.5172285,-0.7014368,0.005293524,-0.00003491193,-0.007064414,-0.400731,-0.2854345,-0.5173671,-0.700195,-0.008216091,0.01199589,-0.02060368,-0.4015843,-0.2856818,-0.5179653,-0.6991623,-0.002689077,-0.004134876,-0.0088899,-0.4024228,-0.2867607,-0.5191601,-0.69735,0.004681768,-0.00167373,0.003058343,-0.4027723,-0.2891083,-0.5198366,-0.6956728,0.001234804,0.01700561,0.01113447,-0.4035198,-0.2907964,-0.5195802,-0.6947269,-0.001896262,0.003269371,0.007426468,-0.4044261,-0.2917129,-0.5194505,-0.6939123,0.001089419,0.003522798,-0.0001892927,-0.4048445,-0.2926046,-0.5198488,-0.692994,-0.007887452,0.002114262,-0.001840024,-0.4049137,-0.2931672,-0.5214687,-0.6914971,-0.001103663,-0.002500919,-0.01086058,-0.4038861,-0.2925621,-0.5239336,-0.6904904,0.004976653,-0.003899147,-0.00349659,-0.3998949,-0.2933361,-0.5300089,-0.6878435,0.007651696,-0.00832139,0.001722889,-0.3955433,-0.2949305,-0.5355419,-0.6853877,0.004238191,-0.004790033,-0.002816877,-0.3872292,-0.299257,-0.5486011,-0.6778906,0.007234201,-0.003185738,0.01599414,-0.3813735,-0.3033926,-0.5576047,-0.6720002,0.008345474,-0.001932896,0.01680494,-0.3777792,-0.307071,-0.566284,-0.6650659,0.0124983,-0.008179116,0.007316918,-0.3768335,-0.3102027,-0.5725531,-0.6587517,0.01203166,0.005456375,0.005001888,-0.3772811,-0.3144737,-0.5781798,-0.6515163
1,0,0,0.01181569,0.02087235,0.6176946,-0.6472808,-0.7602759,-0.01286101,-0.05331776,0.02021651,0.08811303,0.3247345,-0.648885,-0.757113,-0.029085,-0.0698736,0.0007262581,0.006059505,0.02329851,-0.6522912,-0.7515411,-0.04218577,-0.08900887,-0.05016248,-0.03171907,-0.2914487,-0.6519064,-0.7484188,-0.05737879,-0.1076805,-0.101776,0.1687827,-0.4836079,-0.6523904,-0.7435275,-0.07786083,-0.1244638,0.1193963,0.09514422,-0.4936881,-0.6526218,-0.7462429,-0.0719253,-0.109695,-0.01507485,-0.129388,-0.2330644,-0.6474922,-0.7571608,-0.03809751,-0.07752312,-0.02221511,-0.05950847,0.02181665,-0.6482584,-0.7592343,-0.01237315,-0.05631329,-0.1081281,0.1840128,0.1677985,-0.6468205,-0.7597542,-0.02821765,-0.06000533,0.1590804,-0.05594816,0.4874606,-0.6487405,-0.7594333,-0.01892144,-0.04515234,-0.04120563,-0.03896368,0.429561,-0.6479312,-0.7596257,-0.02285507,-0.0512994,0.08426891,0.07271814,0.2162411,-0.6487214,-0.755677,-0.03637481,-0.08239854,-0.08542084,-0.04799804,-0.05942098,-0.6494527,-0.7519006,-0.04541004,-0.1038979,-0.01363403,0.02819026,-0.2589352,-0.6539441,-0.7432743,-0.06573135,-0.1248194,0.00342786,0.1630977,-0.5514932,-0.6566184,-0.7381355,-0.08136587,-0.1318627,-0.01412665,-0.05390412,-0.4160642,-0.653833,-0.7446114,-0.06766158,-0.1160951,-0.02979824,-0.03953024,-0.2953875,-0.6488723,-0.7533489,-0.04807134,-0.09549455,-0.08169084,0.009966772,0.1450664,-0.6471952,-0.7582111,-0.02408935,-0.07532656,0.09710552,0.004989409,0.2580633,-0.6495845,-0.7582949,-0.007807864,-0.05447815,0.005852592,-0.02010778,0.4844889,-0.6509264,-0.7577831,0.001544261,-0.04535781,0.01693911,0.1357805,0.3571379,-0.6487833,-0.7571808,-0.02014895,-0.07315494,-0.03968708,-0.002761531,0.02236124,-0.649088,-0.7544754,-0.02812164,-0.09306362,-0.01057738,0.06203305,-0.1641575,-0.6493365,-0.7495662,-0.0523686,-0.1173469,-0.04276299,0.07731009,-0.3715213,-0.6505187,-0.74422,-0.07198238,-0.1333438,0.08221728,0.1219084,-0.515543,-0.6537369,-0.7419726,-0.07714972,-0.1270926,-0.07621088,-0.05719958,-0.2842855,-0.6493262,-0.7503513,-0.06069605,-0.1080018,0.0461171,0.0144296,0.01523171,-0.6480103,-0.7559808,-0.04028123,-0.0833846,-0.09196603,0.06931838,0.407167,-0.6464502,-0.7594373,-0.01738809,-0.07109731,0.08860265,-0.04878501,0.3610747,-0.6493368,-0.7587188,0.0004794281,-0.05202954,-0.03261318,-0.1051956,0.4441181,-0.6489595,-0.7594299,0.002587123,-0.04594667
0,0,1,0.1450446,0.0111688,0.006777485,-0.6379348,0.4094098,0.3674369,-0.5388997,0.1068119,0.03480204,-0.01535363,-0.6127384,0.4496509,0.392047,-0.5183288,0.07448988,-0.02724132,-0.1207697,-0.5769438,0.5054454,0.4133954,-0.4906781,0.07127374,-0.1933484,0.07120546,-0.5620966,0.523146,0.4199516,-0.4837419,-0.02528687,0.2319914,0.2968332,-0.5544972,0.5224587,0.4506814,-0.4652483,-0.201509,-0.08048882,0.1623621,-0.5417013,0.5487303,0.4486118,-0.4518873,-0.066967,0.1205911,-0.01518816,0.5142213,-0.5660732,-0.4568284,0.4543627,-0.08572839,0.04976321,0.1079623,0.4836639,-0.5948882,-0.4734077,0.4336615,-0.0406776,-0.1129217,0.01698561,0.4593908,-0.621814,-0.4789062,0.41588,-0.09098845,0.08516867,-0.004174382,0.4266486,-0.637122,-0.4917909,0.4125387,-0.008179833,0.1507596,-0.02980337,0.4007169,-0.6511096,-0.4971167,0.4103138,-0.04840033,-0.08923198,-0.07544427,0.4073004,-0.6570048,-0.5008091,0.3894114,0.002099894,0.004580367,-0.1387125,0.3988285,-0.6575015,-0.5191911,0.3729185,-0.3598237,0.04626006,-0.07057749,0.3849217,-0.6637287,-0.5303624,0.3605763,-0.1466607,-0.1707891,0.162297,0.3906614,-0.6682544,-0.5188192,0.3628311,0.2221074,0.1889532,-0.05613996,0.4062403,-0.6528895,-0.5136644,0.3805954,-0.1688434,-0.0985804,0.1188265,0.4137496,-0.6593135,-0.5143421,0.3599572,0.03396048,0.06447037,0.04307303,0.4404708,-0.6387258,-0.5146216,0.3649377,-0.05026328,0.04247167,-0.03107935,0.4705082,-0.6168382,-0.5061718,0.3767266,-0.01352169,0.06460126,-0.06161139,0.4898937,-0.6007672,-0.4904658,0.3981535,0.01376502,-0.026228,-0.02199026,0.5044078,-0.5920849,-0.4634548,0.4245206,0.188301,0.01590661,-0.04349067,-0.5221691,0.5725532,0.4356623,-0.4579527,0.01170931,-0.1067403,0.1064403,-0.569329,0.5399895,0.419734,-0.4561789,0.06257109,0.08817178,0.007016301,-0.5933167,0.5336899,0.4048182,-0.4463996,-0.0605327,0.09516233,0.03826323,-0.5809709,0.5508536,0.4108933,-0.436119,-0.04412337,-0.05623485,0.03736782,-0.5563322,0.5826741,0.4169994,-0.4208286,-0.004100827,0.09435216,-0.01440761,0.5331875,-0.6014608,-0.4220003,0.4193708,-0.01811194,0.0460748,-0.02312609,0.5038509,-0.6245247,-0.431838,0.4118483,-0.05153141,0.04007005,-0.07538871,0.4798272,-0.6395045,-0.4463513,0.401958,-0.1026019,-0.04667686,-0.0785949,0.4593279,-0.6459944,-0.4690872,0.3894435
0,0,1,0.1558282,-0.1366931,0.05064116,0.09822468,-0.07128242,0.7803123,0.613501,0.02206808,-0.1229914,0.0992728,0.09828081,-0.07051602,0.7729152,0.6228728,-0.01899455,-0.1311163,0.06142924,0.09360754,-0.07216795,0.7690799,0.6281285,-0.0003963574,-0.02445473,0.02067049,0.06646226,-0.08389658,0.7650949,0.6349598,0.1076915,0.04015248,-0.02302252,0.03503683,-0.09752154,0.7638096,0.6370689,0.1856575,-0.02219059,-0.1024495,0.02000964,-0.09614067,0.7634096,0.6384062,0.06427263,0.1260176,-0.0223483,0.02860828,-0.09197302,0.7653174,0.6364053,-0.1182622,-0.02456359,-0.08144807,0.03669927,-0.08344226,0.7685536,0.6332582,0.05798937,-0.08531434,0.003101035,0.04029994,-0.07463798,0.7665834,0.6365179,0.03836335,-0.02490977,0.02389104,0.04445565,-0.0656199,0.7658792,0.6380805,0.2928573,-0.09370412,0.052933,0.06400292,-0.05643088,0.7725978,0.6291357,0.002014024,-0.00842319,0.01485994,0.09119841,-0.04773704,0.7777061,0.6201429,-0.03651946,-0.1458156,-0.04142354,0.1051357,-0.05557577,0.7747073,0.6210365,-0.1118002,0.03225975,-0.1698237,0.1061295,-0.07045329,0.7682439,0.6273549,-0.05124065,-0.02950306,-0.04845912,0.1068034,-0.07573798,0.7656361,0.6298081,0.001760816,-0.04303898,-0.02237281,0.1069761,-0.07829485,0.7620952,0.6337484,0.02755246,0.0384459,0.02146345,0.1080981,-0.07832453,0.7618247,0.6338794,0.06979967,0.01043763,0.01992314,0.1098647,-0.07583459,0.7616117,0.6341345,0.007975917,-0.03710437,0.01072341,0.1136831,-0.0761827,0.7632967,0.6313877,-0.01573325,-0.01884682,-0.001408147,0.114334,-0.07538936,0.7642167,0.6302516,0.008520139,-0.001016181,-0.001696,0.1135409,-0.07568169,0.7636738,0.6310174,0.0007330047,0.01456426,-0.01606785,0.1125361,-0.07651029,0.7635374,0.6312625,0.007820248,0.009998478,-0.005234358,0.1117467,-0.07585581,0.7635098,0.6315152,0.02266569,-0.005114588,-0.003279776,0.1105054,-0.07494656,0.7638097,0.6314794,-0.0002633468,-0.008522076,0.004632589,0.1106412,-0.07346572,0.7644661,0.6308351,-0.006379912,-0.007544794,-0.0154582,0.1113297,-0.07125973,0.7637497,0.631834,0.01843454,-0.005640003,-0.01508186,0.1122321,-0.0719877,0.7626751,0.6328889,-0.001799423,0.0009277645,-0.004794896,0.1129523,-0.07253332,0.7622917,0.6331604,0.003565806,0.003332296,-0.01413729,0.1138964,-0.0727274,0.7622673,0.6329983,-0.008258786,0.0122865,0.006751228,0.1141801,-0.07261877,0.7625395,0.6326318
1,0,0,-0.0753204,-0.2866369,0.4373181,-0.04519581,-0.03220855,0.5640053,-0.8239042,-0.01900352,-0.1409113,0.1191639,-0.09767576,-0.009959046,0.4914482,-0.8653548,-0.04142872,0.1056784,-0.03156602,-0.09023916,-0.01307274,0.4993511,-0.8615883,-0.02807878,0.1658056,-0.2676038,-0.05799179,-0.01981148,0.5259812,-0.8482854,0.09141921,0.158615,-0.2569412,-0.04325505,-0.04621888,0.5495393,-0.8330663,0.04219581,0.21176,-0.1449535,-0.02149894,-0.06340197,0.579655,-0.8121071,-0.006809018,0.09765644,-0.1242559,-0.001546089,-0.07168698,0.5864328,-0.8068179,-0.06426573,0.0890919,-0.1173643,0.01303285,-0.07668971,0.5842157,-0.8078619,-0.001252174,0.1068559,-0.1232731,0.02373246,-0.08058086,0.5838035,-0.8075376,0.02351959,0.07605381,-0.07339752,0.03452066,-0.08489462,0.5933336,-0.7997227,-0.06572985,-0.03858336,0.05889672,0.03633737,-0.08419504,0.5982527,-0.796043,-0.05960011,-0.03765896,0.08717742,0.03703214,-0.07827889,0.6059986,-0.790738,0.05749231,-0.1288143,0.1056077,0.02377629,-0.07496677,0.6061794,-0.7914299,-0.006055469,-0.1436516,0.07011648,0.006264262,-0.06919481,0.599235,-0.7975526,-0.009451481,-0.1186731,0.1204171,-0.007444829,-0.05710238,0.5996335,-0.7982002,0.0473639,-0.2932783,0.4333678,-0.04743868,-0.04435221,0.5743214,-0.8160498,-0.04285591,-0.2048448,0.1304327,-0.1089184,-0.01615419,0.4858843,-0.8670595,0.005495529,0.1068131,-0.08700753,-0.1084685,-0.01713258,0.4834658,-0.868448,-0.04089737,0.1567364,-0.1706327,-0.07044896,-0.02223055,0.5166934,-0.8529775,0.03527649,0.1274953,-0.2370171,-0.04761526,-0.03966495,0.5468743,-0.8349178,0.07759259,0.1653778,-0.224116,-0.02532424,-0.05311965,0.5699746,-0.8195522,-0.04735551,0.159616,-0.1018183,-0.005697969,-0.06476335,0.5866486,-0.8072277,-0.06450585,0.04685331,-0.0913194,0.01048254,-0.06474368,0.5841586,-0.8089852,0.06986852,0.07480975,-0.08484776,0.01226937,-0.07708988,0.587873,-0.8051782,-0.003736257,0.1152039,-0.1586026,0.02350229,-0.08201653,0.5955804,-0.798752,-0.004910207,0.01005825,0.05352028,0.02749336,-0.08858597,0.6091126,-0.787641,-0.06311017,-0.009463734,0.1201497,0.03124253,-0.08185943,0.6128272,-0.7853443,0.01260417,-0.09587983,0.08258091,0.02680374,-0.07942653,0.6179575,-0.7817298,-0.07355278,-0.1380262,0.1772032,0.01507101,-0.06513105,0.6024204,-0.7953744,0.1817981,-0.002428792,0.03052577,0.008958528,-0.05437826,0.5872488,-0.807528
0,1,0,0.01800403,-0.06991809,0.02137382,-0.7004133,-0.1595093,-0.2054658,-0.6646516,-0.1896242,0.1157139,-0.0437406,-0.6903213,-0.1638243,-0.2007235,-0.6755206,-0.01145778,-0.1845519,0.002338915,-0.6882715,-0.1575981,-0.1917942,-0.6816598,-0.05017328,0.01685439,0.03473527,-0.6800537,-0.1492115,-0.189068,-0.692471,0.03675105,-0.115094,-0.02608601,-0.6698856,-0.1638254,-0.2012785,-0.6956302,0.1603541,-0.6601716,-0.06664512,-0.6602138,-0.1913707,-0.2023281,-0.6975374,0.002893425,0.7172561,0.0473615,-0.6427745,-0.203706,-0.2083077,-0.7084862,-0.2079574,0.2319514,-0.1102769,-0.627268,-0.1728099,-0.2024693,-0.7319001,0.01674123,0.06649458,-0.04990382,-0.6227075,-0.1615244,-0.2066314,-0.7371897,0.04574869,-0.1465101,-0.0792259,-0.6304862,-0.1631623,-0.2117086,-0.7287279,-0.102805,-0.723813,0.02566328,-0.6379107,-0.1616728,-0.2133056,-0.7221028,-0.01496876,-0.6005302,0.03721624,-0.6218144,-0.1560878,-0.21044,-0.7380369,0.06900249,-0.3030278,0.01802289,-0.5938215,-0.1540066,-0.2081713,-0.7617891,0.07000468,0.0195749,-0.01053791,-0.5605042,-0.1518855,-0.2108686,-0.7863207,-0.01789983,0.1240165,0.07595516,-0.5434236,-0.1538441,-0.2175867,-0.7960395,0.03810826,0.3204105,0.2008367,-0.5359982,-0.1582325,-0.2212383,-0.7992008,-0.07042398,0.4035498,0.2943921,-0.5485407,-0.1636347,-0.2155661,-0.7911119,-0.05956268,0.6340848,0.3991791,-0.5479084,-0.175113,-0.2197716,-0.7879291,0.04221475,0.3922673,0.1598512,-0.5396792,-0.1812718,-0.2283655,-0.7897696,-0.02606445,0.1654199,0.08198517,-0.533742,-0.184137,-0.2402801,-0.7896066,-0.03287667,-0.0877435,-0.01871931,-0.5292718,-0.1883454,-0.2547832,-0.7870723,0.008940409,-0.02406054,-0.08304875,-0.5321325,-0.1945021,-0.2725579,-0.777635,0.07271007,-0.1245327,-0.1620841,-0.538952,-0.2020007,-0.2798112,-0.7683958,0.04440808,-0.06658288,-0.1621831,-0.5520483,-0.2120663,-0.2914329,-0.7518892,0.1462173,-0.1849059,-0.1547266,-0.5677465,-0.2211572,-0.2945629,-0.7361971,0.03336472,-0.1956151,-0.1536527,-0.5810976,-0.2269024,-0.2949503,-0.7237715,-0.08546679,-0.5392195,-0.08083458,-0.598979,-0.2234424,-0.2842923,-0.7144757,0.05245027,-0.6078476,-0.04515507,-0.6057989,-0.2160462,-0.2653416,-0.7182796,-0.01865997,-0.3527649,0.01153312,-0.5922568,-0.2039623,-0.2563356,-0.7361544,-0.00351271,-0.01678962,0.01471249,-0.5661335,-0.1987048,-0.2579221,-0.7572883
1,0,0,-0.06443528,0.03903399,0.2375095,-0.6468338,-0.7606843,-0.006628731,-0.05404991,0.05974216,-0.05713726,0.3493783,-0.647368,-0.7618805,0.007307638,-0.01998416,0.1272116,0.007479304,0.7115127,-0.6439997,-0.7646707,0.001988332,-0.02321593,-0.11168,0.07543439,0.4207403,-0.6442037,-0.7625662,-0.02059476,-0.05541026,0.0131916,0.01020768,0.01511881,-0.6488405,-0.7564088,-0.04610406,-0.06874743,0.1041665,0.07349627,-0.3683379,-0.6514817,-0.7503849,-0.06557151,-0.09052239,-0.09368368,0.05041305,-0.5696317,-0.653271,-0.746345,-0.06722825,-0.1081038,-0.04192294,0.03064645,-0.5064314,-0.6540077,-0.7475868,-0.05312406,-0.1027895,-0.01481533,-0.1158291,-0.2175411,-0.6527993,-0.7550495,-0.01994943,-0.05792416,-0.06237289,-0.07049784,0.193432,-0.6480285,-0.7601472,0.00567637,-0.04693541,0.04409264,0.1831662,0.2259376,-0.6434494,-0.7636842,-0.002829082,-0.05245246,0.05637582,-0.057621,0.555298,-0.6479294,-0.7609272,0.005716038,-0.03383146,0.04662655,0.0334121,0.3971758,-0.647076,-0.7617186,-0.01378118,-0.02979228,0.006753568,0.09211725,0.1673839,-0.647945,-0.758641,-0.03359564,-0.05918036,0.005017247,-0.05030063,-0.148044,-0.6511001,-0.7542358,-0.04281808,-0.07323683,-0.06510109,0.02240964,-0.2985646,-0.6522795,-0.7487841,-0.05972617,-0.1014229,0.05189141,0.1819654,-0.5409166,-0.6557094,-0.7432812,-0.06971034,-0.1127766,-0.04336234,-0.01422733,-0.4537898,-0.654498,-0.748307,-0.0511693,-0.09513511,0.08733942,-0.05866563,-0.1459552,-0.6515342,-0.754588,-0.02057706,-0.0753438,-0.1851324,0.1002466,0.23384,-0.644172,-0.7618111,-0.0001176633,-0.06845587,0.1383331,0.02316087,0.2937589,-0.6462626,-0.7618166,0.002325259,-0.0444351,-0.008619959,0.01615188,0.4689257,-0.6457179,-0.7629685,0.00190419,-0.03039447,0.1017475,0.07681759,0.4133673,-0.6455819,-0.7618605,-0.01265209,-0.05130623,-0.09968831,0.06897586,0.1490655,-0.6483822,-0.7574762,-0.03129324,-0.06964879,0.02502878,0.001408572,-0.1768132,-0.6506744,-0.7527317,-0.04592964,-0.08892794,-0.001471546,0.02169601,-0.414894,-0.651807,-0.7489223,-0.06439431,-0.1005801,0.00860266,0.03690013,-0.5051045,-0.6529093,-0.7469393,-0.06700413,-0.1063092,-0.05231585,-0.07058666,-0.4012761,-0.6491276,-0.7537136,-0.04992223,-0.08976035,-0.02344538,-0.07512535,-0.07523676,-0.6466851,-0.759253,-0.02224246,-0.06956091,-0.05412789,0.02669238,0.3113843,-0.6451151,-0.7620211,-0.002928281,-0.05605177
1,0,0,-0.01887785,0.05822059,-0.1136938,-0.5704631,-0.8141216,-0.0405295,-0.1006741,0.002804904,-0.01660865,-0.5047312,-0.5698704,-0.8146918,-0.04054748,-0.09940239,-0.0698019,0.05257355,-0.5464047,-0.5688742,-0.8144716,-0.03415424,-0.1088647,-0.1152809,-0.01428304,-0.1903356,-0.568263,-0.818099,-0.01650018,-0.08671214,0.004323803,-0.1837921,0.02102622,-0.5657662,-0.8220943,0.02629348,-0.05812364,0.1193115,-0.02373285,0.12862,-0.5576881,-0.8253987,0.03631875,-0.07988673,0.02456723,0.1150246,0.3656538,-0.558074,-0.8239335,0.0008821972,-0.09841874,0.06389876,0.03198729,0.5389212,-0.5607561,-0.8209525,-0.009735018,-0.1072137,0.10583,0.07213741,0.3329085,-0.5621713,-0.8180801,-0.02094521,-0.1194554,0.03994661,0.07131031,0.07010043,-0.5630479,-0.8155844,-0.02719525,-0.1306122,-0.07364145,-0.01005298,-0.2275783,-0.5680805,-0.8131946,-0.01955263,-0.1249671,-0.1180868,-0.1094569,-0.5305181,-0.5715339,-0.8123486,-0.01537644,-0.1149014,-0.06122659,0.1043421,-0.4843868,-0.5702185,-0.8118641,-0.02336122,-0.1232143,-0.05709784,-0.04759805,-0.2067243,-0.567988,-0.8173699,-0.008334171,-0.09605472,0.02237096,-0.1233758,0.05585743,-0.5631887,-0.8233907,0.01820989,-0.06719036,0.02232368,-0.008126724,0.1383282,-0.5565686,-0.8269138,0.01660231,-0.07854478,0.04521136,0.1512958,0.4087373,-0.555165,-0.8254113,-0.02427996,-0.09949186,0.07541948,0.02830663,0.4725818,-0.5608057,-0.822207,-0.01764228,-0.09571418,0.07072161,0.01092824,0.2576398,-0.5612899,-0.8215292,-0.008927122,-0.09981883,-0.005224779,0.02759614,0.02522752,-0.5640229,-0.8177664,-0.01501697,-0.1136255,-0.09262891,0.01926302,-0.2387604,-0.5675806,-0.8139417,-0.0267892,-0.1209685,-0.06218202,-0.0151727,-0.4191919,-0.5731232,-0.8095626,-0.03855577,-0.1210442,-0.02623111,0.1354996,-0.4929875,-0.5733412,-0.8087893,-0.04191325,-0.124028,0.02155324,-0.04720557,-0.2061226,-0.5699974,-0.8165755,-0.009129662,-0.09068593,-0.01586182,-0.1378028,0.01230748,-0.5643552,-0.8226792,0.02946271,-0.06191964,-0.03690399,-0.06231337,0.1932887,-0.5604881,-0.825505,0.02331406,-0.06205633,0.1403469,0.267106,0.4009719,-0.5633727,-0.8212261,-0.01354756,-0.0895278,0.01210885,-0.07575031,0.4133407,-0.5650808,-0.8199839,-0.0009344816,-0.09115477,-0.01176842,-0.03520666,0.1932704,-0.5638365,-0.8205051,-0.008328859,-0.09375696,-0.01180227,0.03283516,-0.0702711,-0.5616639,-0.8184983,-0.02744066,-0.1176487
0,1,0,-0.01728155,0.05718837,0.004722276,-0.7201829,-0.1792814,-0.1618623,-0.6503808,0.005929825,0.003464547,0.00331859,-0.7116916,-0.179911,-0.1641608,-0.6589221,0.03022064,-0.006365544,-0.02556635,-0.7074142,-0.1834189,-0.1639712,-0.662598,0.07521626,0.004396375,-0.008475327,-0.7042909,-0.1874277,-0.1566561,-0.6665614,-0.07065207,0.08799566,0.06586707,-0.6938127,-0.178474,-0.1523454,-0.6808537,0.1153306,-0.1479474,-0.01896475,-0.6829387,-0.1760074,-0.1653052,-0.6894131,-0.2275578,-0.3543473,-0.1247117,-0.681831,-0.192059,-0.1954564,-0.6782452,-0.02296734,-0.1134165,-0.0976419,-0.6481484,-0.1949675,-0.2193695,-0.7026865,0.006737365,-0.04521999,-0.0390889,-0.6240383,-0.1986241,-0.2349342,-0.718283,0.05920945,-0.03084853,-0.06938468,-0.6043733,-0.1974518,-0.2494749,-0.7304162,-0.02611933,0.1354105,0.05080359,-0.584846,-0.1941493,-0.2644641,-0.7418356,-0.02014017,0.1641253,0.1367045,-0.554811,-0.1963719,-0.2869173,-0.7558447,0.02970728,0.2991952,0.2175074,-0.5381607,-0.1957722,-0.2978341,-0.7637743,0.02763638,0.1994179,0.2681157,-0.5313088,-0.1970426,-0.3000879,-0.7673542,0.01564431,-0.01127821,0.2192027,-0.5211367,-0.194932,-0.3008776,-0.7745261,0.04486512,-0.02570753,0.1853159,-0.5133308,-0.1937809,-0.3051295,-0.7783549,-0.0367279,0.180287,0.1475371,-0.5185308,-0.1974617,-0.3082544,-0.7727314,0.02435959,0.2413977,0.1127757,-0.5248433,-0.2016403,-0.3126077,-0.765609,-0.06803754,0.1822423,-0.01388131,-0.5238433,-0.2048207,-0.3190495,-0.762787,-0.1372536,-0.009276557,-0.07839523,-0.5199753,-0.2097079,-0.3314295,-0.7588167,0.01407358,0.04444852,-0.1351541,-0.5122004,-0.2193766,-0.3504254,-0.7528124,0.04673565,0.02485768,-0.2683464,-0.5130495,-0.2344148,-0.3638684,-0.7412352,0.02230201,-0.001873672,-0.2714254,-0.5183225,-0.2470537,-0.3729441,-0.7288477,0.08604009,-0.08058792,0.02916461,-0.5320867,-0.2579919,-0.371648,-0.7156826,0.05723039,-0.1907497,0.05281742,-0.5432817,-0.2654272,-0.3689381,-0.7058881,0.02220998,-0.06151501,0.02481584,-0.5551937,-0.2768312,-0.3656062,-0.6938707,-0.008840926,-0.2257591,0.06379703,-0.5773606,-0.2959704,-0.3434924,-0.6790208,-0.01281316,-0.4637083,0.07255957,-0.5809925,-0.2968315,-0.3311349,-0.6816807,-0.03666474,-0.4737395,0.01964175,-0.5761233,-0.2861293,-0.3239644,-0.6937283,-0.008719434,-0.3190899,0.08150827,-0.5617417,-0.2678441,-0.3191563,-0.7147342
0,0,1,0.02204942,-0.007011268,0.01842076,-0.4951697,-0.1451145,-0.2041434,-0.83191,0.01524115,-0.009631316,0.006924767,-0.4925416,-0.1424952,-0.2082241,-0.8329109,0.01595571,0.006838946,0.003627437,-0.4902428,-0.1396893,-0.2101676,-0.8342532,0.009903419,-0.009494877,0.005860001,-0.4883253,-0.139982,-0.2151615,-0.8340558,0.001941968,0.003370509,0.02216402,-0.4869866,-0.1414117,-0.2209809,-0.8330751,0.01077626,0.001046872,0.006463083,-0.484508,-0.1425269,-0.2264854,-0.832852,0.01182665,0.01151763,-0.01159864,-0.4808668,-0.1439788,-0.2342261,-0.8325715,0.0318217,0.004533299,0.003528633,-0.4759848,-0.1499507,-0.242556,-0.8319373,0.02999932,-0.01512319,-0.003476411,-0.4721367,-0.1579219,-0.2507342,-0.8302288,-0.007844253,-0.04770399,0.0009399478,-0.4709488,-0.1679332,-0.2610418,-0.8257499,0.05359274,0.01719972,0.0551005,-0.4624761,-0.1867077,-0.2819462,-0.8196112,0.05148429,-0.04914676,0.04201977,-0.4627962,-0.1953218,-0.2896083,-0.8147368,0.03174051,0.01612931,-0.008708338,-0.4630271,-0.1977248,-0.2910968,-0.8134946,0.07192364,-0.02003449,-0.006252104,-0.4636852,-0.2010055,-0.2945288,-0.8110768,0.06201614,-0.01296438,-0.01021305,-0.4652545,-0.2017965,-0.2936594,-0.8102965,0.08250401,-0.002369635,0.02828158,-0.4671584,-0.2011503,-0.2906372,-0.8104515,0.0211938,0.008504896,-0.03933271,-0.472251,-0.1933571,-0.2772959,-0.8140632,-0.02718264,0.04340068,0.05491972,-0.4772598,-0.1925586,-0.2690361,-0.8141031,0.04638157,0.03612733,-0.01553678,-0.4725486,-0.1909224,-0.2635274,-0.8190237,-0.03829439,0.0004136918,-0.006445919,-0.4769148,-0.1911237,-0.2520376,-0.8200616,-0.01036459,0.009340934,0.008728176,-0.4785188,-0.1936948,-0.2446422,-0.8207632,-0.008022238,0.0001893413,-0.01370405,-0.4832448,-0.1956054,-0.2323319,-0.821118,-0.0552112,-0.02372193,-0.00818004,-0.4886721,-0.1893227,-0.214191,-0.8243051,-0.07364473,-0.006853435,0.008109924,-0.4941536,-0.1751967,-0.1935639,-0.8292475,-0.06278808,0.01369588,-0.006281619,-0.4989393,-0.1551429,-0.1721064,-0.8350866,-0.05124434,-0.0124231,-0.005783127,-0.5044101,-0.1311465,-0.1500617,-0.8401503,-0.03623246,0.01969393,-0.01754247,-0.5053736,-0.1093223,-0.137661,-0.8448051,-0.07159782,-0.0006514624,-0.01754947,-0.508682,-0.08443448,-0.1164911,-0.8488482,-0.03068672,-0.03400334,0.01923988,-0.5131526,-0.05872396,-0.1032962,-0.8500328,-0.04677618,0.01686927,0.003070402,-0.5105039,-0.0362538,-0.09009549,-0.8543736
1,0,0,-0.07875177,0.009105024,-0.3959199,-0.6787871,-0.7277111,-0.04437021,-0.08784045,0.08881929,0.152564,-0.6305134,-0.6798757,-0.726208,-0.05554054,-0.08547597,-0.01076719,0.01191771,-0.4653645,-0.6802671,-0.728605,-0.04039086,-0.06884782,-0.02477492,-0.1029817,-0.0004803065,-0.6818305,-0.7309397,0.005946656,-0.02826383,-0.03873735,-0.1352219,0.1951843,0.6767098,0.7355737,-0.02744627,0.01555083,-0.0114397,0.06295884,0.2671703,-0.6746325,-0.737296,-0.004525483,-0.03528366,0.09548409,0.1278345,0.583709,-0.6742789,-0.7363614,-0.02687401,-0.04896378,0.04066689,0.02591027,0.4121323,-0.6728188,-0.7376108,-0.02384705,-0.05173409,-0.01088193,-0.02976107,0.2047897,-0.6739893,-0.7358922,-0.02327731,-0.06049174,-0.03626034,0.05453985,-0.0743381,-0.6738877,-0.7336721,-0.03943522,-0.07775278,-0.06442054,0.01822789,-0.4727847,-0.6747289,-0.7310011,-0.05240812,-0.08735892,0.01146509,0.133725,-0.5793359,-0.6774812,-0.7281702,-0.05529396,-0.08791985,-0.1063551,-0.01316046,-0.3389378,-0.6756086,-0.7322596,-0.04198355,-0.07474119,0.04654516,-0.02335538,-0.07988802,-0.6766163,-0.7342467,-0.02670352,-0.04857102,-0.01421393,-0.008545196,0.2394293,-0.6747363,-0.7371325,-0.0004503559,-0.03696454,-0.002982718,-0.03870797,0.3235858,-0.6762222,-0.7362723,0.008272682,-0.02362445,-0.0408526,-0.1365791,0.5609367,-0.6703149,-0.7416661,0.01624396,-0.01858567,0.01721065,0.09070136,0.3668456,-0.670252,-0.741066,-0.01062742,-0.03834697,0.02493996,0.1085571,0.1901548,-0.6724908,-0.737808,-0.02342763,-0.05335217,0.03594824,0.001880819,-0.08963711,-0.669901,-0.737596,-0.03996084,-0.07475201,-0.08942525,0.006051567,-0.3668297,-0.6697413,-0.7353984,-0.04710716,-0.09174213,0.03183512,0.07770069,-0.602509,-0.6748557,-0.7308067,-0.04755965,-0.09071621,-0.04997587,-0.05379779,-0.355329,-0.6751461,-0.7335879,-0.03053025,-0.07137559,0.02645036,0.0009910271,-0.0002833798,-0.6760067,-0.73488,-0.01227578,-0.05306184,-0.06946485,0.02808255,0.2316381,-0.6756941,-0.7361985,0.007057454,-0.03740758,0.04580331,-0.01238687,0.271243,-0.6757799,-0.7367021,0.01449991,-0.01952707,0.04295965,-0.04288014,0.6096186,-0.6734959,-0.7388465,0.008473426,-0.02091262,-0.06037611,0.03836731,0.3268027,-0.671159,-0.7401106,-0.01857187,-0.0379054,0.001048057,0.07578842,0.02814358,-0.6720442,-0.7368299,-0.03798709,-0.06320736,-0.006718881,0.03067335,-0.349163,-0.6715248,-0.7349679,-0.0532545,-0.07772097
0,1,0,-0.02372324,0.5748585,0.1539236,0.4556257,-0.4788139,-0.5558024,0.5042084,0.04608283,0.222169,0.1152416,0.4553654,-0.4680603,-0.5565712,0.5136052,0.07287045,0.1157264,-0.1116998,0.4423017,-0.4596002,-0.5643253,0.5240933,-0.02383622,-0.137318,-0.1009379,0.4322789,-0.4562042,-0.5707492,0.5284487,0.04268111,-0.05912622,-0.1923176,0.4240593,-0.4489927,-0.5771031,0.5343513,0.1873305,-0.1012525,-0.1056889,0.4229527,-0.4479527,-0.5805359,0.532379,0.1126461,-0.2065419,0.02083009,0.4297243,-0.4544247,-0.5740774,0.5284603,0.07290781,-0.2290314,0.08722837,0.4402786,-0.4646956,-0.5609501,0.5249264,-0.08934315,-0.2598237,0.06239333,0.4544679,-0.4673784,-0.5474038,0.5247526,-0.0133059,-0.6465161,0.09319799,0.4720417,-0.4798859,-0.5351481,0.5103946,-0.01285779,-0.6153049,0.2852129,0.479252,-0.4881569,-0.5267472,0.5045371,-0.02454072,-0.4171163,0.1126561,0.4665091,-0.4686535,-0.5414681,0.5191776,-0.01694374,-0.1773892,0.06768125,0.4485512,-0.4448527,-0.5629954,0.532864,-0.02719481,-0.05067763,0.02334132,0.4313331,-0.4271718,-0.5781105,0.5452194,-0.06651413,0.1703855,-0.0473054,0.4215653,-0.4183957,-0.5889175,0.5480912,0.03059085,0.2284833,-0.07626314,0.4239928,-0.4226837,-0.5876005,0.5443291,0.07066599,0.1984918,-0.03145725,0.4301285,-0.4362806,-0.5825605,0.5341086,0.02112726,0.3275177,0.05752049,0.4393089,-0.4621644,-0.5720406,0.5159276,-0.001866433,0.3331051,0.3314981,0.4546472,-0.4820012,-0.5556942,0.50217,0.02041645,0.470308,0.1551746,0.4587719,-0.4760605,-0.5524141,0.5076744,0.01958748,0.03575857,-0.0415935,0.4404194,-0.465772,-0.5625017,0.5221867,-0.04240529,-0.05083955,-0.00662291,0.4215568,-0.4570877,-0.5757416,0.5309259,0.0559592,-0.03768397,0.04056102,0.4098668,-0.4482533,-0.5822371,0.5404426,-0.04055917,-0.1405586,-0.1659583,0.4104011,-0.4461151,-0.5810776,0.543048,-0.09081523,-0.09167192,-0.1242798,0.4184825,-0.4499472,-0.5741833,0.5410485,-0.006138304,-0.1878266,0.01367125,0.428781,-0.4617425,-0.5647776,0.5328856,-0.02300539,-0.2099224,-0.00938703,0.4442227,-0.4672505,-0.5506627,0.5302015,-0.06577513,-0.1857318,0.1899409,0.4592237,-0.4744599,-0.5395015,0.5224361,0.02606788,-0.5629535,0.1688679,0.4737687,-0.485154,-0.5279097,0.5113513,-0.04484642,-0.5415788,0.1622605,0.4725175,-0.4804837,-0.5295429,0.5152154
1,0,0,-0.09331422,-0.02236238,0.1030831,0.088505,0.011131,-0.838012,0.5383111,-0.1726787,0.01534673,0.1288309,0.086223,0.012163,-0.838521,0.5378663,-0.1704762,-0.03296743,0.1090688,0.09023,0.01786,-0.838328,0.5373507,0.01609112,-0.03144805,0.03804561,0.09346,0.027184,-0.838719,0.5357953,-0.006138691,0.08370849,-0.08660449,0.099421,0.030375,-0.837697,0.5361498,0.005628833,-0.08779757,-0.03706668,0.111048,0.026511,-0.837688,0.5340828,0.01228758,0.004853849,-0.09363034,0.124145,0.020194,-0.833639,0.5377975,-0.01540791,-0.04212448,-0.01741675,0.128713,0.02116,-0.833482,0.5369291,-0.0132767,0.000571041,-0.01576481,0.129792,0.02323,-0.833445,0.5366412,-0.02790963,-0.06090765,-0.04317478,0.13564,0.026257,-0.831951,0.5373731,0.008137335,-0.001060505,-0.08049639,0.137242,0.030251,-0.83207,0.5365716,0.04116594,-0.06599603,-0.06572071,0.140118,0.02699,-0.830619,0.5382477,-0.00617948,-0.08829723,-0.02196469,0.138907,0.02629,-0.831163,0.5377563,0.03382399,-0.08133256,-0.0564107,0.135688,0.028221,-0.832326,0.5366803,-0.0624984,0.0008055757,-0.02609454,0.129821,0.026351,-0.832484,0.53798,0.0158158,-0.0326921,-0.03948341,0.120982,0.024602,-0.833491,0.5385637,-0.03398714,0.006352832,-0.0391673,0.111753,0.024457,-0.835244,0.5378481,-0.05403476,0.004180836,0.04559151,0.104036,0.019472,-0.836795,0.5371885,-0.09129519,0.1068255,0.04467376,0.103362,0.02178,-0.836181,0.5381852,-0.03939164,-0.09248826,-0.04979274,0.101061,0.026213,-0.837484,0.5363954,-0.06995253,0.04408233,0.0560334,0.098948,0.026222,-0.838091,0.5358406,-0.009554741,-0.07693759,-0.02415708,0.097028,0.025836,-0.840035,0.5331596,-0.07645832,-0.04172678,0.05008846,0.093586,0.026334,-0.841146,0.5319978,-0.06401778,-0.0308872,0.05083285,0.096371,0.028136,-0.841099,0.5314823,-0.03797423,-0.002008841,0.06226387,0.095824,0.026154,-0.840864,0.5320539,-0.05667582,-0.02535014,0.0704216,0.093652,0.022742,-0.840465,0.5332267,-0.1233755,0.01787562,0.1588412,0.087368,0.021015,-0.840986,0.5335426,-0.1736373,-0.0657411,0.2024136,0.087699,0.02445,-0.841497,0.5325354,-0.07568333,-0.02230119,-0.005129172,0.086949,0.038818,-0.842786,0.5297592,-0.08609463,-0.02965335,0.1352144,0.083852,0.043107,-0.845247,0.5259926
1,0,0,0.01424497,0.003201006,-0.006500718,-0.5367849,-0.8370187,-0.03312911,-0.1008176,-0.04827701,-0.09895236,-0.2733207,-0.5398445,-0.8363851,-0.01652736,-0.09356572,-0.03308804,-0.05416935,-0.4821679,-0.5427512,-0.8341142,-0.02481849,-0.09517656,-0.04074178,0.1388796,-0.4582698,-0.5418636,-0.831935,-0.03959642,-0.1126945,-0.06960193,-0.0128763,-0.2229877,-0.5382543,-0.8376797,-0.02367964,-0.08952213,0.01585669,-0.1869239,0.1198842,-0.533152,-0.8440825,0.02376891,-0.05204498,0.07386693,-0.05797644,0.2228908,-0.5306923,-0.8446712,0.02277816,-0.06616106,0.00495973,0.1531199,0.2965558,-0.5315154,-0.8415227,-0.02898302,-0.09214617,0.05345977,0.1199064,0.4021144,-0.5371474,-0.8377829,-0.03420831,-0.0917725,0.05634203,-0.02768917,0.2840203,-0.5356592,-0.8399831,-0.01596068,-0.08510529,0.004730943,-0.01738049,0.09376304,-0.5373998,-0.8381143,-0.0265082,-0.08979553,-0.03621884,0.04316988,-0.149191,-0.5415318,-0.8329313,-0.0474206,-0.1035377,-0.02179877,0.02115207,-0.4305667,-0.5427172,-0.8318028,-0.05021119,-0.1050753,-0.02162663,0.09042985,-0.4863799,-0.5423177,-0.833039,-0.0407358,-0.10138,-0.04268922,-0.09427158,-0.1948341,-0.5386412,-0.8394497,-0.01083243,-0.07122206,-0.04523226,-0.1376628,0.07654426,-0.5351136,-0.8432393,0.02097508,-0.04648514,0.01523867,-0.05796006,0.1492401,-0.5323982,-0.8449704,0.01262327,-0.04917105,0.09575576,0.2538741,0.4614379,-0.5299662,-0.8427532,-0.03242727,-0.08860691,0.0707555,-0.001601305,0.3505313,-0.536101,-0.8390541,-0.02403651,-0.08947708,0.02451898,-0.02190534,0.2406458,-0.5378149,-0.8388816,-0.01511777,-0.08248842,-0.03770549,-0.01526364,-0.03697397,-0.5371078,-0.8390779,-0.02784125,-0.08178087,-0.05104889,0.04081721,-0.289717,-0.5383224,-0.8358479,-0.05135664,-0.09449732,-0.01551762,0.08008926,-0.4433344,-0.5406221,-0.8318518,-0.05574847,-0.1124384,-0.02982807,0.148614,-0.5474923,-0.5436055,-0.8306589,-0.04546534,-0.1114983,-0.04342309,-0.1605937,-0.09617157,-0.5408961,-0.8387769,0.008238027,-0.06178002,-0.007671325,-0.2182787,0.2261266,-0.5352479,-0.8430662,0.03209368,-0.04146054,0.009528969,-0.04299104,0.2176197,-0.5292737,-0.8464379,-0.009059243,-0.05770596,0.07815008,0.1073601,0.5244782,-0.5294069,-0.8422594,-0.05045158,-0.08821598,0.06693272,0.1460249,0.3887435,-0.5370756,-0.8356557,-0.06240377,-0.09661782,0.01283371,0.05461697,0.102235,-0.5398168,-0.8352683,-0.03971007,-0.09668349
0,0,1,-0.005204285,-0.04157864,0.01517998,0.1259508,-0.08111049,0.765546,0.6256971,-0.008135743,-0.00773815,-0.005265283,0.1258231,-0.08116591,0.7646622,0.6267954,0.02148209,-0.01682251,-0.0005510055,0.1265619,-0.08174816,0.7642202,0.6271099,-0.001072569,0.007026093,-0.0235743,0.1258933,-0.08299536,0.7646945,0.6265022,-0.02238263,0.002592059,-0.03927854,0.126612,-0.08310485,0.7648624,0.6261377,-0.08174726,0.03901984,-0.1898569,0.1238704,-0.07413075,0.7643563,0.6284267,0.01807779,0.114071,0.008889122,0.110928,-0.04192588,0.7656544,0.6322266,0.05538923,-0.1133507,0.2822894,0.09951632,-0.006789471,0.7665601,0.6343784,0.05442949,-0.1220994,0.2536426,0.1001879,0.01706957,0.7667297,0.6338742,-0.1127361,-0.1448847,0.04013656,0.103747,0.008813583,0.760264,0.6412156,0.06324582,-0.02721091,0.1351853,0.1083051,-0.02102008,0.7527993,0.6489387,-0.01750677,-0.2152026,0.273576,0.1106192,-0.003630931,0.7614433,0.638713,0.249675,-0.03704073,-0.03301239,0.08624239,-0.01273826,0.7676721,0.6348855,-0.1238917,-0.02375786,0.02363168,0.04777521,-0.03375381,0.7662677,0.6398531,0.09087629,0.2005818,-0.003863652,0.01820189,-0.05951557,0.7566745,0.6508228,-0.06488393,0.1111025,0.04624187,0.0138494,-0.07037962,0.7657602,0.6391135,0.02403007,0.05323669,0.04299312,0.02852513,-0.0752588,0.7831532,0.6165982,-0.04240501,0.0491971,0.1064237,0.05094713,-0.06675647,0.7950632,0.600685,-0.1599488,-0.3552023,0.07026371,0.06631786,-0.04079337,0.7999142,0.595042,0.057042,0.1804013,0.003458712,0.06417128,-0.02925456,0.8035446,0.5910518,-0.01416184,-0.1021485,0.06246211,0.06086862,-0.01830509,0.8108978,0.5817256,-0.05427721,-0.007009014,-0.04114065,0.04787719,-0.01632497,0.8169539,0.5744803,0.01221807,-0.003368729,-0.003355532,0.03966251,-0.01342666,0.8166193,0.5756557,0.009967149,-0.01148194,-0.007170366,0.03794972,-0.01169357,0.8145738,0.5786991,-0.004264975,0.0156501,-0.0003516477,0.0383302,-0.01254895,0.8142698,0.5790837,-0.01850048,-0.04527598,0.004131278,0.03838226,-0.01178771,0.8144414,0.5788549,-0.009464008,0.02520825,-0.01309236,0.03712936,-0.01183139,0.8160136,0.5767176,0.01163892,0.008080097,-0.001102789,0.03796029,-0.01136755,0.8165879,0.5758593,0.007614168,-0.001244926,0.002885242,0.04032606,-0.01109057,0.8155054,0.5772362,-0.04872537,-0.03522716,-0.007654757,0.04336879,-0.01116919,0.8172457,0.5745467
1,0,0,-0.1582356,0.04379929,-0.02301105,-0.0442134,-0.04724107,-0.9571095,-0.2824091,-0.0184841,0.03071593,-0.03131542,-0.06343561,-0.03609478,-0.951457,-0.2990029,-0.1496815,0.07459547,0.07962088,-0.06942901,-0.02466128,-0.9519095,-0.297388,0.07261721,0.0265505,-0.03473445,-0.06812945,-0.0170807,-0.9550879,-0.2878779,-0.07109623,0.09901199,0.05518506,-0.07435966,0.00258819,-0.9489912,-0.3063977,0.06332455,0.1777595,0.03471734,-0.06656241,0.02095194,-0.9512377,-0.3004619,0.1075332,0.1372494,0.1275819,-0.05279327,0.04240009,-0.9530236,-0.2952306,-0.04940091,0.05042203,0.01846491,-0.0339767,0.05105346,-0.9576893,-0.2811946,0.009076834,0.1162987,-0.07157306,-0.02859324,0.06673779,-0.954294,-0.2899164,0.1088495,0.00005059312,-0.02109789,-0.008554053,0.06763764,-0.9552779,-0.287743,0.04298357,0.03459172,-0.04612654,0.004962463,0.06894848,-0.9572823,-0.2807702,0.009428938,0.007159425,0.02057421,0.009541027,0.06939171,-0.9564315,-0.2834297,0.04696524,-0.02029582,-0.007828344,0.01317703,0.06921238,-0.9563888,-0.2834718,0.0308301,0.02051775,-0.01270318,0.01486772,0.07261676,-0.9553331,-0.2860845,0.01771776,0.03775375,0.11954,0.01953677,0.07547141,-0.958357,-0.2747258,-0.01326434,0.01364173,0.0578409,0.02202584,0.08186992,-0.9591703,-0.2698228,0.04199721,0.00128942,0.02562555,0.02292977,0.08234823,-0.96048,-0.2648985,-0.02725006,-0.0495189,-0.02801785,0.02029911,0.08015654,-0.9598591,-0.2680172,0.01560183,-0.07169975,-0.1451575,0.01265559,0.06757646,-0.951719,-0.2991723,0.06795904,-0.04733446,-0.1239021,0.01951254,0.05599741,-0.9540182,-0.2938244,0.06806678,-0.1370858,-0.06046649,0.02367659,0.03254255,-0.9553628,-0.2926815,-0.03578991,-0.1015764,0.001442962,0.01550179,0.01200178,-0.9515613,-0.3068334,-0.04049888,-0.0822785,-0.01706124,0.005562852,0.00002822443,-0.9459644,-0.3242227,0.03486729,-0.1055991,-0.02762983,0.00735678,-0.01671539,-0.947433,-0.3194325,-0.0007467773,-0.05494419,0.01533635,0.006708348,-0.02695694,-0.950357,-0.3099194,-0.02619541,-0.03982583,-0.0111619,0.0005679838,-0.0329598,-0.9500276,-0.3104207,0.007542905,-0.05512661,-0.03259014,-0.000560794,-0.04124286,-0.9500241,-0.3094398,-0.01838185,-0.04174937,-0.02644447,-0.007047469,-0.04880277,-0.9463536,-0.3193484,-0.03821394,-0.03465292,-0.009247771,-0.01143503,-0.05203768,-0.9459451,-0.3199203,0.04228868,-0.03889826,-0.1079921,-0.01345154,-0.05550591,-0.945768,-0.3197827
1,0,0,-0.09970048,-0.04236766,-0.4448265,-0.8458749,-0.5288873,0.02639777,-0.06385088,-0.09273639,-0.1641501,-0.1733236,0.8408172,0.5401113,-0.031711,0.01733777,0.1313928,-0.1213299,0.2316974,-0.8351282,-0.5469057,0.03735675,-0.04538002,-0.001516809,0.1023433,0.03233263,-0.8337929,-0.5438071,-0.005853899,-0.0950208,-0.0649927,0.108757,0.288883,-0.8295468,-0.5435677,-0.04152181,-0.1210879,0.06690363,-0.1054038,0.4751376,-0.8317184,-0.5431817,-0.01570698,-0.113804,0.0006089105,-0.07585296,0.2661741,-0.8363521,-0.5408511,-0.00648655,-0.08918044,0.003406502,-0.04987851,0.02445099,-0.8365715,-0.5399463,0.00007519498,-0.09276892,-0.03541402,0.02329468,-0.2098244,-0.8358165,-0.5367095,-0.005425233,-0.1154305,-0.06316548,0.08468654,-0.3475316,-0.8384108,-0.5297372,-0.02638511,-0.1254978,-0.008616883,0.08429874,-0.4349464,-0.840968,-0.528133,-0.01388771,-0.1168573,-0.01047387,-0.06308021,-0.2745761,-0.8403392,-0.5351238,0.01517668,-0.0851007,-0.05898926,-0.1210223,-0.1280778,-0.8401875,-0.5396438,0.02488195,-0.04743822,0.01249862,-0.08987575,0.2058608,-0.8373182,-0.5430574,0.02699153,-0.0570813,0.04191699,0.07746867,0.1544589,-0.8355531,-0.5404671,-0.002966754,-0.09867846,0.04514473,0.0004118684,0.5334473,-0.836,-0.5355256,-0.009885993,-0.119242,0.003541142,-0.009957072,0.3475739,-0.8383047,-0.5355151,-0.002111681,-0.1022949,0.01284968,-0.03075324,0.1379292,-0.8399881,-0.5347987,0.007844549,-0.09137133,-0.03228803,0.008478821,-0.06822336,-0.8395576,-0.5333935,-0.002472699,-0.1030932,-0.04964566,0.07869292,-0.2300775,-0.839762,-0.5290351,-0.02191359,-0.1201729,-0.004295924,0.09184089,-0.3715674,-0.8429729,-0.5244511,-0.01582589,-0.1187317,-0.00309802,0.007189438,-0.3853017,-0.8437959,-0.5282971,0.003971081,-0.09431234,-0.02434766,-0.1312348,-0.1249112,-0.843136,-0.5346948,0.02447324,-0.05122865,-0.03107503,-0.1181848,0.008749182,-0.8405628,-0.5396156,0.0303494,-0.03671581,0.05559232,-0.01077271,0.2726762,-0.8364633,-0.5421031,0.02183729,-0.0773072,0.01162842,0.09430839,0.3029474,-0.8339435,-0.5402038,0.0007998981,-0.1127713,0.1260857,0.08014265,0.4866721,-0.8364106,-0.5330659,0.000006176531,-0.1275065,0.04012443,-0.006384616,0.2947163,-0.8390823,-0.5316541,0.008072007,-0.1149766,-0.05376165,0.01892241,-0.04762892,-0.8419651,-0.5297933,0.001112167,-0.1020418,-0.05193098,0.008292945,-0.1924583,-0.841971,-0.5305052,-0.008736048,-0.09783965
1,0,0,-0.04624603,0.1654133,0.1734324,-0.8267087,-0.5446869,-0.0306862,-0.1375765,0.0001860227,-0.0225179,0.1633288,-0.8327923,-0.5370709,-0.01841065,-0.1329388,0.008763539,0.01661275,0.7455627,-0.833035,-0.5375605,-0.01731939,-0.1295429,0.07573308,-0.02094953,0.2211543,-0.8355836,-0.5384747,0.009704269,-0.1084011,-0.03284269,-0.01291306,-0.04036568,-0.8365173,-0.5376268,0.0004895367,-0.1058118,-0.06377059,0.03319813,-0.2066188,-0.8368832,-0.5344597,-0.01680532,-0.1170341,-0.006451122,0.06697786,-0.4184177,-0.8377437,-0.5331407,-0.02628458,-0.1151329,0.0588817,0.03103775,-0.3304002,-0.8385195,-0.5344848,-0.005936019,-0.105715,-0.01618797,-0.09985393,-0.1701265,-0.839003,-0.5393611,0.01430806,-0.07041899,-0.1087817,-0.1394518,-0.1061494,-0.8379093,-0.5438582,0.02177154,-0.04064789,0.05567643,-0.03046533,0.1148029,-0.834028,-0.5478193,0.01362175,-0.06407563,0.1128737,0.09405271,0.2634529,-0.8318232,-0.5439298,-0.000898391,-0.1104972,-0.02192467,0.1061227,0.3565666,-0.8319697,-0.5400959,-0.01632082,-0.1259229,-0.06150979,-0.01655817,0.3577527,-0.8352029,-0.5408264,-0.002292216,-0.0996867,0.04395529,-0.08167325,0.1648018,-0.8365883,-0.5423454,0.01604094,-0.07565826,0.04245258,-0.06298605,0.08996347,-0.8344777,-0.5437505,0.01486549,-0.08809792,-0.08669544,0.03462675,-0.05258476,-0.8313977,-0.5417197,-0.01026368,-0.1233377,-0.0733827,0.1254157,-0.1482094,-0.830241,-0.5362185,-0.03286407,-0.1486256,0.04250142,0.09521278,-0.225458,-0.8331855,-0.5333248,-0.0246295,-0.1440835,0.02256687,-0.008809512,-0.3004411,-0.8372681,-0.5366515,0.01146363,-0.1041914,-0.045435,-0.1572369,-0.1876135,-0.838676,-0.5411474,0.03388334,-0.05132189,0.003434145,-0.1333906,-0.1034552,0.835235,0.5466079,-0.04548175,0.03916232,0.05072379,0.03037468,0.08238077,-0.8310379,-0.5492921,0.02107617,-0.08491135,-0.0432433,0.1082123,0.20706,-0.8252991,-0.5511229,-0.008258283,-0.1227868,-0.00689,0.09332669,0.3067804,-0.8266895,-0.5475279,-0.004689477,-0.1295213,0.08661593,-0.01603942,0.3509051,-0.8341846,-0.5416028,0.02414542,-0.1010919,0.03166045,-0.1305547,0.2538942,-0.8331069,-0.5459458,0.03640875,-0.08093481,-0.04927218,-0.005319693,0.1309212,-0.832269,-0.5451789,0.01293253,-0.09970452,-0.005072185,0.1244548,-0.0473714,-0.8312308,-0.5389752,-0.02043191,-0.1346983,0.001305064,0.07002681,-0.1960988,-0.8341291,-0.5347425,-0.020575,-0.1336256
0,1,0,0.07628164,-0.4171904,-0.3066676,0.4629357,-0.4538539,-0.59188,0.4789418,0.1039513,-0.2995974,-0.03238425,0.481471,-0.4645943,-0.5766779,0.4688075,0.04463072,-0.1663314,0.0554694,0.4930041,-0.4751247,-0.5659615,0.4592288,-0.01783044,-0.1509555,0.1736061,0.5041808,-0.4873245,-0.5537918,0.4490336,0.1241293,-0.3624273,0.3851051,0.5151915,-0.4966325,-0.5425727,0.4399418,0.00696634,-0.4036773,0.2876096,0.5131422,-0.4945752,-0.5445752,0.4421745,0.01132228,-0.2323234,0.1808159,0.4922722,-0.4713411,-0.5693108,0.4597725,-0.003528828,-0.1174766,0.1016073,0.461211,-0.4484916,-0.5963566,0.4801026,0.02294337,-0.01185031,-0.01921063,0.4289392,-0.4291319,-0.6201054,0.497319,-0.01185638,0.1465158,-0.05587207,0.4074511,-0.4249332,-0.6326971,0.5031,0.009893387,0.231397,-0.0422199,0.404455,-0.4348567,-0.6317126,0.4982519,-0.02298656,0.2673308,-0.02593808,0.4138341,-0.4575631,-0.6198174,0.484978,-0.03705292,0.3391985,-0.0619223,0.4335065,-0.4844193,-0.6010916,0.4648646,-0.05665401,0.3684237,0.05443855,0.4602499,-0.5014802,-0.5800328,0.4474926,-0.06635868,0.4872311,0.1319647,0.474012,-0.4976863,-0.5704678,0.4496525,-0.009646335,0.2889402,-0.04629316,0.4728671,-0.4836069,-0.5741934,0.4613275,0.05463317,0.1370724,-0.03744382,0.4591753,-0.4695906,-0.5872058,0.4731088,0.01241656,0.1157542,-0.1054248,0.4488534,-0.4712256,-0.59168,0.4758065,0.05360307,-0.1826984,-0.1346634,0.4446048,-0.4586272,-0.5995147,0.482255,0.1321718,-0.1901975,-0.08003505,0.4583492,-0.4571377,-0.5915015,0.4806944,-0.07349316,-0.1671783,0.04585063,0.4703261,-0.4686777,-0.5813256,0.4703138,0.04633658,-0.1239705,0.1067142,0.4849354,-0.4762672,-0.5698519,0.4618181,-0.04264035,-0.1452553,0.03982955,0.5063647,-0.4902326,-0.5499618,0.4481168,0.09619339,-0.2627846,0.1966898,0.5208083,-0.5003332,-0.5384446,0.4341689,0.01675402,-0.3770113,0.3143147,0.5265902,-0.5031322,-0.5326797,0.4310603,-0.05770861,-0.2626839,0.2523888,0.515821,-0.4912963,-0.5447239,0.4425296,0.009341044,-0.163656,0.1515873,0.4899971,-0.4649982,-0.5724729,0.4647087,0.006799329,-0.1233758,-0.006361654,0.4565124,-0.4372454,-0.6015222,0.4884506,-0.03015831,0.1498967,-0.07960525,0.4263562,-0.4181502,-0.6228019,0.5054588,-0.06413406,0.2039746,-0.07163835,0.4110668,-0.4164143,-0.6309196,0.5094739
1,0,0,0.06074248,0.08001346,0.4364577,-0.6478561,-0.7605048,0.006941961,-0.04320486,0.1531457,0.001542189,0.3957433,-0.6500001,-0.7592809,0.009338313,-0.03008596,-0.0789305,0.05160308,0.3355783,-0.6471514,-0.7609339,-0.009219758,-0.04571351,-0.009832753,0.08737447,0.06912076,-0.6482182,-0.758268,-0.0308321,-0.06238743,-0.004302859,-0.022192,-0.1286604,-0.6481235,-0.7553729,-0.06288555,-0.07343852,0.03452245,0.04415931,-0.5244811,-0.6496363,-0.7509888,-0.0809344,-0.08624437,0.01395289,0.1058574,-0.5389318,-0.6510682,-0.7494544,-0.07896096,-0.09051801,0.01738735,-0.09895831,-0.2630043,-0.650219,-0.755823,-0.04360066,-0.06360626,-0.09717657,-0.1598062,0.1599026,-0.6511602,-0.7578179,-0.02156093,-0.03517853,-0.02306729,-0.08783802,0.251615,-0.6490164,-0.7601222,-0.02043937,-0.02395799,0.08874463,0.06496936,0.5990624,-0.6467181,-0.7597681,-0.03005728,-0.06003821,0.02253423,0.1202084,0.5399042,-0.6497239,-0.7544178,-0.05431119,-0.07591352,0.04788545,-0.05242885,0.2585141,-0.6526182,-0.7526349,-0.04414503,-0.07537371,-0.07570734,-0.04349933,-0.02615312,-0.6532522,-0.7511548,-0.04956196,-0.08106489,0.04285596,0.0534117,-0.2171934,-0.6518152,-0.7461874,-0.07887818,-0.1100882,-0.05256922,0.09601177,-0.5256485,-0.6558617,-0.7403721,-0.09137996,-0.1155177,0.00123208,0.08776528,-0.4829043,-0.655785,-0.7423566,-0.08212516,-0.1100363,-0.003617846,-0.04776562,-0.2388143,-0.6529874,-0.7511963,-0.05114889,-0.08182597,-0.01785283,-0.1331253,0.1007741,-0.6504286,-0.7572694,-0.02267059,-0.05451261,0.01868805,0.09297678,0.2512242,-0.6471977,-0.7603244,-0.02180949,-0.05065792,0.0948253,0.021203,0.5659481,-0.6470147,-0.7606216,-0.01850815,-0.04984163,-0.001898044,0.06025535,0.3870166,-0.6504467,-0.7565845,-0.02537581,-0.06208993,0.02077262,-0.001552973,0.2176682,-0.6497139,-0.7549149,-0.03355811,-0.08275896,-0.01145163,0.001292106,-0.1266936,-0.6507985,-0.7513904,-0.05111334,-0.09623519,-0.005646129,0.04641208,-0.373938,-0.6519117,-0.7465656,-0.07281589,-0.1111249,-0.0285327,0.07006399,-0.5500078,-0.6542429,-0.7433499,-0.07597495,-0.1167261,-0.04092911,-0.0330436,-0.4317043,-0.6508682,-0.7502982,-0.06118013,-0.09838776,0.006223258,-0.07929305,-0.08646411,-0.6490491,-0.7563649,-0.03901368,-0.07159144,-0.03326115,-0.04248054,0.2453112,-0.6473557,-0.7601698,-0.02139719,-0.05113189,0.1264595,0.01057189,0.6080942,-0.6472644,-0.7608191,-0.01894117,-0.04294643
0,1,0,0.046278,0.1099269,0.007137423,-0.5541731,-0.2641117,-0.3169155,-0.7229812,0.0461581,-0.1608286,-0.03968852,-0.5411674,-0.2697902,-0.3307872,-0.724521,-0.07541554,-0.1830449,-0.02952022,-0.5466949,-0.2691617,-0.3336046,-0.7192945,-0.03926568,0.002471162,-0.04340122,-0.5588409,-0.2736999,-0.3327865,-0.7085466,-0.1573701,-0.01008712,-0.05029886,-0.5689806,-0.2778919,-0.326254,-0.7018514,-0.07526316,-0.2237811,-0.02737101,-0.5858447,-0.2882692,-0.3101269,-0.6910197,0.02470547,-0.2797798,0.05058664,-0.593698,-0.2825471,-0.2959288,-0.692904,-0.005411945,-0.3951021,0.1064659,-0.5958232,-0.2709287,-0.2768674,-0.7035174,0.07640272,-0.2543741,0.1241427,-0.581009,-0.2532279,-0.2665471,-0.7261246,-0.001097447,-0.2047034,0.06166538,-0.5594022,-0.2310785,-0.256938,-0.7534287,-0.01880801,-0.06029455,-0.006151623,-0.537855,-0.207026,-0.2540021,-0.7767465,0.03611813,0.08573183,-0.01045304,-0.5238489,-0.1982071,-0.2624767,-0.7857495,-0.00483983,0.2885895,-0.07123133,-0.5225849,-0.2012663,-0.2726729,-0.782334,-0.01411824,0.2686376,-0.05624888,-0.5380661,-0.2130652,-0.2749529,-0.7677817,-0.01127144,0.1835527,0.02725751,-0.560936,-0.2272812,-0.2722083,-0.748062,0.04690051,0.2040681,0.1427499,-0.588062,-0.244295,-0.2669628,-0.723349,-0.06034356,0.5869276,0.156989,-0.5995699,-0.2576714,-0.2668757,-0.7091535,0.03822316,0.2810914,0.06957246,-0.6005374,-0.2615048,-0.2662147,-0.7071773,-0.008190394,-0.0473928,0.05791742,-0.58832,-0.257292,-0.2764823,-0.715009,-0.06570622,0.08637697,-0.1187464,-0.567807,-0.255807,-0.2934156,-0.7253036,-0.08240189,0.03191651,-0.1777233,-0.5577916,-0.2616715,-0.3086406,-0.7246637,0.009004379,-0.1939919,-0.2972319,-0.5537922,-0.2719275,-0.3216295,-0.7182786,-0.06761333,-0.01408176,-0.1652718,-0.5519937,-0.2728632,-0.3272948,-0.7167473,-0.1206301,-0.06000505,-0.08857706,-0.559289,-0.2767741,-0.3235907,-0.7112531,-0.101358,-0.05840562,0.01719298,-0.5670978,-0.277823,-0.3164847,-0.7078502,-0.03092324,-0.3077392,0.01859311,-0.5825908,-0.2751509,-0.3010056,-0.7030473,-0.03734139,-0.4386585,0.06250287,-0.5863613,-0.2610848,-0.2806193,-0.7136301,-0.01011994,-0.2988865,0.06497557,-0.5761685,-0.2386526,-0.2649889,-0.7354289,-0.05492934,-0.1700381,0.1010456,-0.5584046,-0.21495,-0.2563103,-0.7591349,-0.1406817,0.01077991,0.03725057,-0.5305509,-0.2028849,-0.265462,-0.7790272
1,0,0,-0.02211491,-0.0002085903,0.0226312,-0.6800728,-0.7322527,-0.001863683,-0.03610313,0.009966028,-0.04061249,-0.149207,-0.6783529,-0.7326171,-0.02373105,-0.05046279,0.05466451,0.0519853,-0.4808055,-0.6782146,-0.7311429,-0.0417577,-0.06092136,0.005150169,0.05565969,-0.5629427,-0.6783645,-0.7319312,-0.03549591,-0.05327531,-0.0237347,-0.1010149,-0.244195,-0.6790582,-0.7332356,-0.01127204,-0.0334437,-0.07564217,0.02052979,0.1414017,-0.6814285,-0.7316123,0.009399982,-0.01761414,-0.06869051,0.03202794,0.2634441,0.679701,0.7329349,-0.02849792,0.0008463701,0.1322281,0.07065239,0.5547486,0.6787905,0.7334461,-0.03508359,-0.008333643,-0.02314317,0.05397515,0.5532268,0.6779011,0.7347966,-0.02289206,-0.00004416425,-0.0104996,0.07263934,0.2853569,-0.6785834,-0.7340373,0.004931651,-0.02625451,-0.03470205,0.02965985,-0.06140016,-0.6797029,-0.7319645,-0.01883654,-0.04332494,0.08930348,0.05144681,-0.4038563,-0.6823844,-0.7276509,-0.03786057,-0.05867104,-0.06761255,0.06579839,-0.6003698,-0.6796992,-0.7286938,-0.04460748,-0.07088368,-0.01451847,-0.02521194,-0.5393391,-0.680984,-0.7290196,-0.03431259,-0.0601165,-0.01159098,-0.01944751,-0.1719595,-0.6813285,-0.7310616,-0.01319731,-0.0341496,-0.05388967,0.009267799,0.250991,-0.6792772,-0.7335872,0.007335471,-0.01945429,-0.03007152,-0.006112829,0.3852435,0.6778025,0.7348873,-0.021728,0.007226785,0.07013584,-0.005537905,0.7623759,0.6758533,0.7368364,-0.01399056,0.009934589,0.03748386,0.1929287,0.395813,-0.6765333,-0.7354158,-0.02387821,-0.02993583,0.02973171,0.04711252,0.1659441,-0.6753337,-0.7352837,-0.03097516,-0.04819419,-0.04616002,-0.005761477,-0.1794923,-0.6761882,-0.7325869,-0.0388671,-0.06764147,-0.06203463,-0.01097895,-0.4402483,-0.6791381,-0.7288251,-0.0487503,-0.07217202,0.07024543,0.1176332,-0.5786048,-0.6806758,-0.7272244,-0.05074,-0.07246082,-0.01370991,-0.07873838,-0.3738964,-0.6809809,-0.7298619,-0.02804668,-0.05272588,-0.0001113213,-0.07991882,-0.09570293,-0.6801442,-0.7324126,-0.002978351,-0.03109305,-0.06677116,-0.02958002,0.1681949,0.677192,0.7351668,-0.02185773,0.02151247,-0.02196853,0.05197947,0.3945432,0.6792619,0.7333973,-0.02445573,0.01156011,0.1374853,0.1214485,0.6894051,-0.6756363,-0.7368057,0.004863027,-0.02468508,-0.04998749,0.08594595,0.3631836,-0.6757009,-0.7361569,-0.01269669,-0.03660521,0.03983875,0.08084645,0.0992446,-0.6780972,-0.7328011,-0.02497472,-0.05062535
0,0,1,-0.001202582,-0.002744817,-0.002125349,-0.4983355,-0.096257,-0.1795782,-0.8427027,0.00672746,-0.007207223,0.01566977,-0.4960141,-0.09343946,-0.1918496,-0.8416845,0.01579445,-0.003171053,0.01349448,-0.4944737,-0.0926972,-0.2026289,-0.8401455,0.03091624,-0.003160162,0.007710188,-0.493134,-0.09282587,-0.2086721,-0.8394392,0.03939664,-0.008917421,0.002497467,-0.4929533,-0.094944,-0.2076176,-0.8395698,0.03350018,-0.007412415,0.000669356,-0.4916137,-0.09773608,-0.2005687,-0.8417457,0.03502225,-0.01072107,-0.005062959,-0.4924515,-0.1029461,-0.1885067,-0.8434209,0.01796105,0.0001748514,-0.001772242,-0.4930481,-0.1086158,-0.1801399,-0.8441894,0.01206582,-0.005331995,-0.00375206,-0.4929082,-0.1134282,-0.1723413,-0.8452656,-0.008574261,0.003595637,0.003818529,-0.4922465,-0.1220116,-0.1683919,-0.8452519,-0.01201235,0.002905081,0.007148436,-0.4921968,-0.1337859,-0.1673258,-0.8437095,-0.002605637,0.0004896423,-0.004383635,-0.4934403,-0.1375254,-0.1637339,-0.8430863,-0.006245406,0.01572136,-0.008309672,-0.494581,-0.1431852,-0.1616651,-0.8418741,-0.01391601,-0.01469637,0.01150188,-0.4976346,-0.1471712,-0.1588949,-0.8399124,-0.008022231,0.003943006,-0.003380428,-0.5004325,-0.1504487,-0.1553774,-0.8383259,-0.01159577,-0.007818133,-0.01400348,-0.5029825,-0.1553205,-0.1492223,-0.8370285,-0.0246856,-0.01666758,-0.001113438,-0.5044398,-0.1593965,-0.1476688,-0.8356597,-0.01029307,0.006557997,-0.001572155,-0.504043,-0.1614193,-0.1455908,-0.8358754,-0.02540981,-0.005579004,-0.00573071,-0.5049814,-0.1624557,-0.1431597,-0.8355281,-0.02832379,-0.003655639,0.00278391,-0.5059385,-0.164147,-0.1415493,-0.8348926,-0.02280712,0.007677123,-0.02246004,-0.5056322,-0.1662539,-0.1425804,-0.8344858,-0.03026301,-0.00837507,-0.003633904,-0.5052292,-0.1699467,-0.1476348,-0.8331059,-0.0300389,0.001027908,-0.007204694,-0.5034029,-0.1711454,-0.153901,-0.832832,-0.0317529,0.00560069,0.002977044,-0.5024009,-0.1707863,-0.1613868,-0.8320935,-0.01885557,0.0003778074,0.004224052,-0.5009401,-0.1700795,-0.1707589,-0.831248,-0.01209451,0.007650672,0.01008673,-0.5001522,-0.167012,-0.1791111,-0.8305866,0.01225115,-0.007426516,-0.002905664,-0.5001866,-0.164706,-0.1839049,-0.8299785,0.0009382702,0.005997558,0.002005297,-0.5004553,-0.160339,-0.1885055,-0.8296394,0.006663833,-0.007825134,0.003722886,-0.4984304,-0.1554036,-0.1962165,-0.8300095,0.01715895,0.005786239,0.006737419,-0.4964195,-0.1500214,-0.2011645,-0.8310199
1,0,0,-0.02429253,0.09473456,-0.03348599,0.0496001,-0.08148953,0.4886318,-0.867259,-0.01161415,0.06007521,-0.03339165,0.0633827,-0.07463536,0.475796,-0.8740882,0.02667925,0.09048076,-0.05411738,0.07212337,-0.08969619,0.4898595,-0.8641704,-0.009246294,0.04533171,-0.05890138,0.078504,-0.09223243,0.4867513,-0.8651032,-0.02974521,0.07647353,-0.07777046,0.08415986,-0.09334212,0.4866659,-0.8645002,0.02627264,0.02035329,0.004550512,0.09186316,-0.09680598,0.5014524,-0.8548305,-0.0262506,-0.04659675,0.08348697,0.08588921,-0.09932397,0.498776,-0.8567265,0.07296705,-0.05078774,0.05426909,0.07725865,-0.1002717,0.4953555,-0.8594182,0.005090663,-0.09785327,0.05542361,0.06506054,-0.106767,0.4955296,-0.8595455,-0.04805724,-0.09722777,0.05746504,0.05651831,-0.09805791,0.4894964,-0.8646291,0.02624629,-0.04909819,0.02190845,0.04644194,-0.08922146,0.486869,-0.8676643,-0.05687381,-0.09569369,-0.0575865,0.03130683,-0.08858903,0.4875064,-0.8680491,-0.06701524,-0.06541108,-0.0344821,0.02915536,-0.07052168,0.4730534,-0.8777227,0.0458125,-0.05326114,0.09492583,0.01675333,-0.07495232,0.4786267,-0.874653,0.04946349,-0.2314603,0.2601904,-0.008422095,-0.07046781,0.4580089,-0.8861102,-0.1041915,-0.04413984,0.07359989,-0.03449127,-0.05891167,0.4259332,-0.9021755,0.02734162,0.0689101,-0.09346935,-0.02534866,-0.05729215,0.4329518,-0.8992373,-0.04555174,0.1192596,-0.144748,-0.01057503,-0.06701384,0.461053,-0.8847753,0.02497048,0.1060217,-0.1691185,0.007801555,-0.06651634,0.4691599,-0.8805701,0.004581729,0.09581,-0.1169799,0.01940344,-0.07159575,0.4742444,-0.8772627,-0.01991752,0.09904104,-0.03954471,0.03454819,-0.07566491,0.4802319,-0.8731887,0.01127738,0.04795637,-0.0107766,0.04463741,-0.08095863,0.4831948,-0.8706182,-0.04686234,0.08615202,-0.05258573,0.05548858,-0.08182816,0.4797071,-0.8718407,0.01173169,0.05807816,-0.0323019,0.06266398,-0.08876618,0.4853752,-0.8675279,-0.03063703,0.09971338,-0.1096127,0.07363182,-0.08588065,0.4848831,-0.867232,0.02552915,0.04872419,-0.03482587,0.0832713,-0.09176896,0.4980271,-0.8582618,0.00542345,-0.03607919,0.06189311,0.08265977,-0.09063289,0.49985,-0.8573815,0.02144085,-0.06218772,0.08971092,0.0751123,-0.0946621,0.5048246,-0.8547218,0.004529203,-0.08770169,0.07539994,0.06576991,-0.09028783,0.4926383,-0.8630353,-0.06014349,-0.01854465,0.05374288,0.05968737,-0.08683666,0.4922819,-0.8640343
0,0,1,-0.1420333,-0.2128787,0.1815045,0.4365751,-0.6473686,-0.4955023,0.3805175,-0.09666595,0.2144042,0.04624835,0.4247326,-0.6420023,-0.4990042,0.3980326,0.07582434,-0.02528946,0.1403698,0.4336656,-0.6393374,-0.5016852,0.389222,0.1113507,0.1194738,0.1201553,0.4358823,-0.6280359,-0.5156374,0.3869051,0.008419875,0.062148,-0.03444703,0.4460377,-0.6256847,-0.5173993,0.3766523,0.02900574,0.05855956,-0.05099735,0.4483924,-0.6242698,-0.515049,0.3794153,0.04583012,-0.04552603,-0.08519825,0.4471009,-0.627272,-0.5069059,0.3868811,-0.04285664,-0.04028156,-0.1547922,0.4530938,-0.6179541,-0.4977894,0.4062565,0.2089117,-0.2176276,0.0290224,0.4742682,-0.5985932,-0.4925801,0.4172778,0.03775948,0.1931484,0.224171,0.4868845,-0.5857913,-0.4991564,0.4130796,-0.1179469,-0.1553244,0.1132043,0.4935027,-0.5892051,-0.4797927,0.423192,0.0075999,0.01325282,0.1279214,0.4883855,-0.5919803,-0.4766731,0.4287443,-0.05678671,0.112532,-0.03468319,0.4716482,-0.6094545,-0.4715582,0.4286561,-0.007135028,0.01893617,-0.003993939,0.464811,-0.6197609,-0.4711618,0.421727,-0.001820453,0.04263515,-0.09196101,0.4538572,-0.6312883,-0.4813837,0.4046707,-0.04847278,-0.08034237,-0.06331604,0.4425571,-0.6416683,-0.4929447,0.3865364,-0.09830633,-0.09066395,0.007143878,0.4205535,-0.6507862,-0.5101064,0.3733677,-0.03068337,-0.09478015,0.04744744,0.4005097,-0.6635231,-0.5136546,0.368087,0.0400578,0.1263844,0.1259242,0.3863168,-0.6687575,-0.5193154,0.3658335,0.137956,0.06429932,0.1254233,0.3840984,-0.6689359,-0.527464,0.3560546,0.02288964,-0.07190253,0.07733476,0.3744176,-0.6739993,-0.5368355,0.3425551,0.03419663,0.07857469,-0.01120123,0.3762931,-0.6708407,-0.5469338,0.3305144,0.0234448,0.01842591,-0.07014829,0.3757541,-0.6732153,-0.5508868,0.3195523,0.03702872,0.01297323,-0.0804132,0.3701991,-0.678491,-0.5502595,0.3159384,0.0850826,0.004731198,-0.04781071,0.3609107,-0.6855033,-0.5450747,0.3205031,0.0768906,-0.08246937,-0.005265028,0.3644668,-0.6781553,-0.5460787,0.3302534,0.1615981,-0.14358,0.05627907,0.3845472,-0.6613921,-0.5539783,0.3283168,-0.03168877,0.07615546,0.1415287,0.3816165,-0.6626751,-0.55523,0.3270324,-0.1067057,0.1506015,0.1329796,0.3675455,-0.667869,-0.5589405,0.3262618,-0.06721088,0.1166274,0.02270132,0.3246059,-0.6933241,-0.5583029,0.3197352
0,1,0,-0.01839462,-0.4756754,0.03683569,-0.585914,-0.2340586,-0.3024122,-0.7144706,-0.05467255,-0.2760038,0.06657202,-0.5648965,-0.2166338,-0.2926958,-0.7404667,-0.05054964,-0.03365092,0.05976302,-0.532925,-0.2018689,-0.2925232,-0.7678997,0.05787088,0.1346308,-0.03176747,-0.5019476,-0.2039715,-0.302933,-0.7840126,0.02198141,0.1854773,0.0215129,-0.4929968,-0.2009993,-0.2989203,-0.7919596,-0.03797039,0.2017785,0.02396738,-0.4982938,-0.1987326,-0.2970327,-0.7899241,-0.05367602,0.2408102,0.1051094,-0.512078,-0.2035259,-0.2971494,-0.7797792,-0.06857415,0.1731291,0.167246,-0.5354131,-0.2136631,-0.2971029,-0.7611904,-0.07181406,0.2015038,0.2854263,-0.5503564,-0.2249045,-0.2983085,-0.7466846,-0.02641053,0.2398828,0.1596278,-0.545006,-0.2285505,-0.3042729,-0.747095,-0.01221354,0.2144991,0.04300591,-0.5361179,-0.2237887,-0.313443,-0.7511655,0.02743965,0.08767436,-0.05653666,-0.5312146,-0.2238277,-0.3274486,-0.7486585,-0.09131713,0.08861027,-0.2319607,-0.5244913,-0.2284242,-0.3411246,-0.7458989,-0.007251841,0.03456174,-0.06878392,-0.5262806,-0.2326309,-0.3454321,-0.7413422,0.01575854,-0.4027608,-0.04466422,-0.5397275,-0.2463514,-0.349062,-0.7253695,-0.0748274,-0.2959392,0.03241957,-0.5495369,-0.2531831,-0.3530556,-0.713624,-0.05213964,-0.3039258,-0.1264199,-0.5690641,-0.2607645,-0.3487835,-0.6975083,-0.1404235,-0.1348682,0.03507071,-0.5879727,-0.2571797,-0.3316586,-0.6914834,-0.03269966,-0.3442212,0.09529339,-0.6026324,-0.2448955,-0.3120373,-0.6924543,-0.03334612,-0.4800041,0.117895,-0.5999535,-0.2266458,-0.2934506,-0.7089247,-0.05522996,-0.3068171,0.04461577,-0.5836164,-0.2114631,-0.284771,-0.7304661,-0.008592624,-0.1656124,0.05480045,-0.554242,-0.1946352,-0.2794433,-0.7595028,-0.06103681,-0.05657998,-0.0006042243,-0.5197281,-0.1853658,-0.2863145,-0.7832919,0.02327508,0.2236984,-0.01014211,-0.4823373,-0.1886086,-0.3108827,-0.7969501,0.03221344,0.1568003,0.008377112,-0.4800562,-0.1927845,-0.3149711,-0.7957219,0.02797094,0.2053621,0.06609791,-0.489461,-0.1997942,-0.3206226,-0.7859462,0.06874842,0.232535,0.08404391,-0.5071532,-0.2113969,-0.3219376,-0.7710143,-0.009234945,0.2988842,0.153754,-0.5291829,-0.2195067,-0.3171112,-0.7557928,-0.01604317,0.4163811,0.2233108,-0.5523205,-0.2285773,-0.3144436,-0.7374413,0.01775394,0.3575624,0.09309704,-0.550817,-0.2297885,-0.3185167,-0.7364407
0,1,0,0.1543309,-0.1544141,-0.1333953,0.4280846,-0.4130917,-0.6176496,0.5144003,-0.1005276,-0.02042931,0.04313209,0.435083,-0.416776,-0.6106533,0.5139095,-0.04907939,-0.08819347,-0.02672445,0.4451279,-0.4254647,-0.6041065,0.5058618,-0.02905379,-0.3511408,-0.06197429,0.4480484,-0.4437579,-0.5966837,0.4962864,0.05543784,-0.5030493,0.06584086,0.4480387,-0.4539163,-0.592869,0.491658,0.0171933,-0.429089,0.02831389,0.4473349,-0.4559155,-0.5919915,0.4915064,-0.05189212,-0.2391672,-0.02526099,0.4431812,-0.4513467,-0.5970894,0.4933161,0.05056634,-0.0005512001,-0.04560492,0.4419599,-0.4441145,-0.6020952,0.4948889,-0.01466984,0.2279926,-0.04394875,0.4470889,-0.4403004,-0.5981998,0.4984015,-0.05998981,0.2417722,0.01935611,0.4537636,-0.4539572,-0.5894774,0.4904465,-0.03896724,0.3154103,-0.08949962,0.4699122,-0.4824842,-0.5692281,0.4715621,-0.1349992,0.4811854,-0.03632517,0.489669,-0.5077969,-0.5440539,0.4542819,0.003694495,0.61668,0.1594715,0.5078595,-0.5096399,-0.5263827,0.453064,0.02301509,0.2844824,0.001652078,0.5099607,-0.4961395,-0.5268702,0.4649662,0.1330082,0.106761,-0.03977954,0.4944659,-0.4846174,-0.5423352,0.4759433,-0.03112444,0.01307418,-0.1089164,0.4730596,-0.476689,-0.5597289,0.4854748,-0.08574561,-0.1044726,-0.3024833,0.4623944,-0.4654793,-0.5711709,0.4932384,0.09362745,-0.1283724,-0.05613473,0.4589381,-0.4588512,-0.5789782,0.4935744,0.1366519,-0.1588757,-0.005319559,0.458393,-0.4572626,-0.5807166,0.4935129,0.02569741,-0.01690865,0.04159429,0.4613141,-0.4543293,-0.5784822,0.4961174,0.004571676,-0.1733993,-0.06079375,0.4718313,-0.4504024,-0.57489,0.4939781,0.04341542,-0.06988551,0.09038123,0.4853321,-0.4506264,-0.5716265,0.4843879,0.03068395,-0.3895038,0.227892,0.4962515,-0.4589134,-0.5621092,0.4766196,-0.01680468,-0.5103227,0.2037972,0.489987,-0.4594447,-0.5649249,0.4792528,-0.05558944,-0.3529171,0.1345258,0.4673714,-0.4476769,-0.5794249,0.4953951,-0.08829106,-0.05334718,-0.002062405,0.4504502,-0.4307196,-0.5961035,0.5061974,-0.01134751,0.01901805,-0.06185383,0.4414367,-0.4191894,-0.6059833,0.5120529,-0.03774362,0.1467373,-0.07547512,0.4307728,-0.4190245,-0.6106244,0.5157432,0.02072464,0.2260862,-0.01518657,0.4336078,-0.4404902,-0.6032659,0.5040067,0.0226056,0.2521374,-0.02346728,0.4457813,-0.4660795,-0.5899722,0.4857793
1,0,0,-0.04518688,0.18008,-0.2438828,0.01044932,-0.9915245,-0.1284427,-0.01650983,-0.09107659,-0.1785075,-0.03422254,0.01094559,-0.9989325,-0.04375034,-0.01000275,0.06868743,-0.1155459,0.03978939,0.01025778,-0.9995032,-0.01798376,-0.02376358,0.1270979,-0.01565523,0.3821467,0.01535204,-0.9971424,-0.048253,-0.05606221,0.03355868,0.1300942,0.5091443,0.01024324,-0.9953753,-0.08573609,-0.04209898,-0.03127232,0.0822694,0.2438961,0.008085608,-0.9960072,-0.08521117,-0.02536379,0.02180636,-0.05276368,0.08303593,0.005751461,-0.9973983,-0.06613284,-0.02810733,0.02853429,-0.06197067,-0.09996977,0.00273034,-0.9965621,-0.07705617,-0.03031297,-0.04846929,0.1613169,-0.3728118,-0.002102941,-0.9915509,-0.1259615,-0.0309178,-0.05019553,0.2842154,-0.555947,-0.0008713901,-0.9885049,-0.1478297,-0.03168095,-0.02070565,-0.002900644,-0.1131334,0.003825843,-0.9955889,-0.08984013,-0.02677376,0.05822386,-0.1933547,0.1823846,0.008775413,-0.9991859,-0.02315977,-0.03184615,-0.02422801,-0.09803914,0.2260312,0.01059467,-0.9992327,-0.02180046,-0.0307641,0.0530545,0.07806917,0.5931932,0.01182446,-0.9963282,-0.0787363,-0.0314742,0.1026802,0.1406409,0.2911672,0.01265711,-0.9926732,-0.1071544,-0.05438295,-0.06557478,0.03786777,0.10859,0.01615542,-0.9934947,-0.1007794,-0.05050509,-0.1099723,-0.01771585,-0.2315085,0.009772837,-0.9958146,-0.08581038,-0.02990558,-0.01326811,-0.08581913,-0.5264188,0.006271362,-0.9958351,-0.08407116,-0.03471524,0.04544171,0.1039361,-0.5165178,0.006309897,-0.993764,-0.09423794,-0.05926576,0.04238575,-0.002272302,-0.1439893,0.01328552,-0.9959712,-0.06518265,-0.06013357,-0.1409131,-0.1167224,0.04237209,0.01126248,-0.9995121,-0.01753417,-0.02326435,0.0204264,-0.01808722,0.2894363,0.009291083,-0.9988738,-0.03500059,-0.03065371,0.219708,0.1269133,0.5265855,0.01056886,-0.9954821,-0.08043326,-0.04933706,-0.003330151,0.1289096,0.3428862,0.01376507,-0.9938006,-0.1024943,-0.04081186,-0.1069706,0.06752443,0.02898507,0.007213414,-0.9955953,-0.09031174,-0.0241181,0.009257472,-0.05527745,-0.2823379,0.003522724,-0.9961663,-0.08176254,-0.030903,0.04035211,0.0692465,-0.4788993,-0.0009147823,-0.9933043,-0.1022541,-0.05375809,-0.01896702,0.1454596,-0.4081863,0.002729774,-0.9930636,-0.1104592,-0.0401991,-0.0800603,-0.1231939,-0.242917,0.003608674,-0.9985486,-0.04613575,-0.02754944,0.002469685,-0.1864135,0.1904786,0.007406116,-0.9991342,-0.00515539,-0.040613
0,1,0,0.09761714,0.02868059,-0.06942701,-0.219831,-0.7092949,-0.6445587,-0.1819868,0.03181395,-0.04384491,-0.01676926,-0.2026717,-0.7083032,-0.6507395,-0.1837628,0.05195716,-0.02005053,-0.01137855,-0.1847275,-0.7078468,-0.6566662,-0.1833525,0.03394836,-0.1451223,0.03389256,-0.1804325,-0.709536,-0.6555234,-0.1851805,0.03990657,-0.1279063,-0.07000397,-0.1785095,-0.7071484,-0.6572205,-0.1900963,-0.09109985,0.1261198,0.1095602,-0.1982887,-0.7123672,-0.642441,-0.2012067,-0.02411707,-0.02349563,-0.0358834,-0.2267433,-0.6970653,-0.6467064,-0.2108512,-0.1010489,0.01768469,-0.0875761,-0.257576,-0.6758473,-0.6523695,-0.2264932,-0.07875983,0.08104382,-0.1040602,-0.2814417,-0.6568146,-0.6579715,-0.23761,0.03301658,0.01141396,-0.1897092,-0.2789631,-0.6410162,-0.6708997,-0.2473284,-0.00692459,-0.01019662,-0.1753876,-0.2772081,-0.6190364,-0.687324,-0.2598755,0.02306724,0.0804189,-0.2080441,-0.2650187,-0.5984706,-0.706047,-0.2703621,-0.02797364,0.2281191,-0.2312696,-0.2516823,-0.5660188,-0.7335652,-0.2795728,0.06434572,0.2652041,-0.156965,-0.2206139,-0.5490493,-0.7577599,-0.2750897,0.05390421,0.07857129,-0.1413731,-0.1836617,-0.5209264,-0.7926221,-0.2581749,-0.008484668,0.08978891,0.05983112,-0.1842301,-0.5143267,-0.7969959,-0.2575359,0.04023163,0.1770122,0.1636805,-0.1877974,-0.5308745,-0.7831937,-0.2636513,0.0400009,0.0526717,0.0868682,-0.1921745,-0.5438344,-0.7724097,-0.265888,0.1269992,-0.2185537,0.007520628,-0.1610478,-0.5576658,-0.7733603,-0.2549244,-0.210284,-0.09973978,0.02283267,-0.2021619,-0.5613391,-0.7565274,-0.2677596,0.03220087,-0.1396876,0.09653642,-0.2313453,-0.5613564,-0.7462519,-0.2728851,0.07927459,-0.125017,-0.01364395,-0.2037101,-0.5765458,-0.7478659,-0.2584451,0.001834094,0.003795481,0.05090565,-0.1956266,-0.5829411,-0.7487489,-0.2475583,-0.03519954,-0.1202449,0.04917036,-0.1944243,-0.5954567,-0.7419394,-0.2390741,0.03704806,-0.1038968,0.05380319,-0.1904156,-0.6088092,-0.7349633,-0.2300481,-0.06457581,0.01132712,0.0748629,-0.2029856,-0.6176677,-0.7261987,-0.2234257,0.04433404,-0.1394341,0.01583725,-0.2088124,-0.625168,-0.7190896,-0.220165,-0.07738028,0.01683834,0.1603339,-0.2257281,-0.6374584,-0.7018535,-0.2238195,0.05013267,-0.0194121,0.04565361,-0.2405852,-0.6444299,-0.6901506,-0.2247687,-0.0577484,-0.02244292,0.1122853,-0.2464831,-0.6542287,-0.6788423,-0.2245084
1,0,0,-0.001640652,-0.0245791,0.09856007,-0.02836623,-0.07783148,-0.932917,-0.3504333,0.124739,0.08448064,0.06812339,-0.01323862,-0.0870811,-0.9367216,-0.3388129,0.1104558,0.02220996,0.1270637,0.0002426133,-0.08769696,-0.9431589,-0.3205624,-0.04328965,0.0699685,0.1473391,0.005104192,-0.07856227,-0.947858,-0.3088155,0.05699492,0.07107092,0.01728996,0.005994242,-0.06583589,-0.9509867,-0.3020824,-0.05516932,-0.04198206,0.04169826,0.009838641,-0.06927282,-0.9511577,-0.3006716,-0.01630159,0.05204318,-0.05798696,-0.004398556,-0.05852015,-0.947149,-0.3153803,-0.08946823,0.009605777,-0.02108583,-0.006203718,-0.0517104,-0.9487232,-0.3117881,-0.05377483,0.08592512,-0.004934057,-0.01760734,-0.03914453,-0.9444025,-0.3259779,-0.07808752,0.06180327,0.02145353,-0.01856885,-0.02612303,-0.9471756,-0.3191099,-0.08303317,0.0737555,0.03030832,-0.02873947,-0.0107989,-0.9449312,-0.3258256,-0.002189234,0.09159548,0.02065551,-0.02887295,0.005525984,-0.9464005,-0.3216548,0.0194271,0.1097578,0.04579638,-0.02660406,0.02289021,-0.9480329,-0.3162307,0.003008881,0.1636159,0.06077836,-0.02508501,0.03993836,-0.944153,-0.3261147,0.08334506,0.1258152,0.01010306,-0.01695522,0.06033958,-0.949681,-0.3068837,0.08445061,0.04939267,0.1200245,-0.00007990375,0.0633097,-0.9615419,-0.267262,-0.06694821,0.05900901,0.09080914,-0.004016314,0.07048368,-0.9591782,-0.2738488,0.08321106,0.07024386,-0.05418584,-0.004277349,0.08391343,-0.956164,-0.2805184,0.0616718,0.001630091,-0.06496701,0.007463336,0.08313899,-0.9565679,-0.2793031,0.04490296,-0.008072265,-0.00526256,0.013746,0.07814011,-0.9500388,-0.3018799,0.1250012,0.02188999,-0.02380322,0.02703971,0.07680095,-0.95008,-0.3011948,0.03019587,0.005097215,0.0002616936,0.03668566,0.07422658,-0.9527606,-0.2922187,-0.03056168,-0.009568738,0.02428256,0.03653134,0.07384921,-0.9504135,-0.2998765,-0.004270649,0.01079338,-0.02999197,0.0341038,0.07526818,-0.9465581,-0.3117679,-0.01414033,-0.01624166,0.00489049,0.0330251,0.07566577,-0.9461501,-0.3130239,0.02501967,0.06063505,0.1724434,0.03421739,0.08090911,-0.9487185,-0.3036708,-0.01989032,0.03386622,0.1227902,0.0363366,0.09206992,-0.9533849,-0.2850615,0.05190349,0.003369743,0.01401427,0.03688816,0.09727775,-0.9570327,-0.2706746,-0.01489048,-0.1085604,-0.1181596,0.03100247,0.0814586,-0.9546315,-0.2847492,0.01035943,-0.03740101,-0.08098011,0.03093082,0.06882749,-0.9547966,-0.2875234
0,1,0,0.1462112,-0.1449556,-0.2423512,0.436903,-0.4609703,-0.5938531,0.4939235,-0.07290411,-0.1443438,-0.161257,0.424042,-0.4535333,-0.6043586,0.4992459,-0.1603361,-0.1544117,-0.09277784,0.4173627,-0.4485162,-0.6104004,0.5020487,0.05397993,-0.04406177,-0.0387165,0.4168952,-0.4452113,-0.6134856,0.501618,0.116568,-0.09278861,0.01743639,0.4262142,-0.4442481,-0.6094517,0.4995537,0.05002429,-0.184363,-0.02061214,0.4399925,-0.4414748,-0.6030383,0.4978468,0.06193832,-0.4713885,0.05563921,0.4497087,-0.4504636,-0.5978459,0.4872628,0.08203274,-0.523128,0.1769444,0.4475985,-0.4562236,-0.6010904,0.4797979,0.05242211,-0.3771915,0.1777172,0.4315391,-0.4477597,-0.6162634,0.4832231,0.02574125,-0.2006653,0.08137266,0.4024941,-0.4265014,-0.6396998,0.4968694,0.005440031,0.03907043,0.01359166,0.3873409,-0.413001,-0.6484795,0.5087943,0.07013017,0.1115591,-0.009429576,0.3871566,-0.411613,-0.6481248,0.5105082,0.0649258,0.2351864,-0.01277913,0.3964764,-0.4184745,-0.6412634,0.5064256,0.03433405,0.2826198,-0.004699253,0.4133028,-0.438516,-0.6276969,0.4928296,-0.08384366,0.4440499,0.1759037,0.4390831,-0.4595462,-0.6065645,0.4776009,-0.1507077,0.7090398,0.3080745,0.4543672,-0.4747525,-0.5909011,0.4679705,-0.03035091,0.5694968,-0.0354705,0.4540518,-0.4722635,-0.5908371,0.4708669,-0.06198372,0.1493164,-0.25955,0.4415347,-0.4640286,-0.6001763,0.4790751,-0.04310958,0.2237598,-0.2087008,0.4192774,-0.4624107,-0.6103321,0.4877268,-0.07007767,-0.08455465,-0.2996076,0.4140137,-0.462438,-0.6152513,0.4860139,0.159072,0.01576561,-0.1326767,0.4194002,-0.4587261,-0.6117911,0.4892704,-0.003574303,-0.0921567,0.009617872,0.4295798,-0.4480735,-0.6118426,0.4902448,0.0934759,-0.03686982,0.1003499,0.4421601,-0.4577512,-0.6023133,0.4818473,-0.07453605,-0.08480264,0.180348,0.4587535,-0.4709117,-0.5858012,0.4739454,0.14102,-0.05489381,0.1491161,0.469946,-0.4743883,-0.5795918,0.4670973,0.03908475,-0.2165977,0.2345461,0.4851491,-0.4870203,-0.561919,0.4600962,0.007057473,-0.4403166,0.2175748,0.4878865,-0.4886367,-0.5587454,0.4593523,-0.0004235016,-0.3698545,0.151633,0.4761687,-0.4722878,-0.5766131,0.4666099,0.02701658,-0.1612327,0.09043767,0.4528058,-0.4474033,-0.6003621,0.4841101,-0.02035449,-0.09347061,-0.05072278,0.4210765,-0.4233698,-0.6262977,0.5012023
1,0,0,-0.08272455,0.2299283,0.2212586,-0.8217546,-0.5566434,-0.02358726,-0.1196295,-0.02062303,-0.04643871,0.4186633,-0.8290271,-0.5510716,0.005502671,-0.09488881,0.07332667,-0.1869561,0.3799784,-0.8291231,-0.5553458,0.02272726,-0.06024398,0.04685053,-0.03070612,0.2470956,-0.8256097,-0.5576328,0.004367739,-0.08599618,-0.04555246,0.1717362,0.02146772,-0.8248541,-0.5514286,-0.01475473,-0.123792,-0.07184818,0.07860161,-0.2231203,-0.8249936,-0.5497175,-0.01986045,-0.1296222,-0.03986118,0.06396551,-0.2933227,-0.8287029,-0.545542,-0.01163772,-0.1244987,0.02771314,-0.02416895,-0.3486778,-0.8337375,-0.5443603,0.02529295,-0.08895984,-0.0586063,-0.2281343,-0.1810809,0.8291025,0.5561445,-0.04837788,0.0308507,0.006163159,-0.1510204,-0.1040352,0.8264183,0.5603404,-0.05107605,0.02103782,0.07353421,-0.006574432,0.1727049,-0.8220389,-0.5635799,0.0270655,-0.07679353,-0.02793887,0.1767681,-0.03489647,-0.8192542,-0.5593351,-0.004752312,-0.1262705,-0.03000115,0.1851547,0.2412229,-0.8207253,-0.5528569,-0.01774693,-0.1429833,0.1265878,-0.1023384,0.03997144,-0.8261025,-0.5538185,0.003336903,-0.1040602,0.0567328,0.008735324,0.3100097,-0.8279377,-0.5500274,0.0123258,-0.1087981,0.01170653,0.03851037,0.1218815,-0.8295864,-0.5468272,0.00113472,-0.1129826,-0.02036098,0.0926498,-0.07348981,-0.8305528,-0.5429415,-0.01471722,-0.1232069,-0.03553238,0.04825551,-0.194107,-0.8311183,-0.5416463,-0.01527994,-0.1250128,-0.03600519,0.002174629,-0.177397,-0.8336418,-0.5402382,-0.01535656,-0.1137899,-0.01042243,0.01653525,-0.4647754,-0.8370562,-0.5415875,0.003525577,-0.07750865,-0.001071366,-0.1299545,-0.2360704,-0.8351643,-0.5476221,0.02938979,-0.04179541,0.01485376,-0.112134,-0.03088539,0.8296934,0.5559517,-0.03882309,0.03192639,0.001583424,0.02169527,0.1703732,-0.8256675,-0.5581508,0.01384664,-0.08092624,-0.03613819,0.1279637,0.1964059,-0.8224633,-0.5558009,-0.01705451,-0.1197854,0.07264425,0.1772648,0.1825643,-0.8272393,-0.5456939,-0.02236053,-0.1318838,0.07322966,0.003246554,0.2770859,-0.8330333,-0.5461996,0.006390747,-0.08764008,0.0227193,-0.1304644,0.2542966,-0.8318895,-0.5509356,0.02778325,-0.06048169,-0.01562492,0.005598867,0.1502555,-0.8287107,-0.5514719,0.003991149,-0.09540086,-0.03993515,0.1610444,-0.03952604,-0.82789,-0.5425388,-0.02697948,-0.1397208,-0.02297366,0.1467945,-0.2494701,-0.8311375,-0.5362635,-0.0335037,-0.1432113
0,1,0,0.0326215,0.2233799,0.01730088,0.4661072,-0.4345702,-0.5449279,0.5449279,0.1214685,-0.0120877,0.01166547,0.4505682,-0.4230272,-0.5575474,0.5542358,-0.1647054,0.08387119,-0.1000425,0.4341963,-0.419572,-0.5656804,0.5616392,-0.07520857,0.0557914,-0.2662526,-0.4363938,0.4125495,0.5652313,-0.5655766,0.003748905,0.07063199,-0.3157501,-0.4424226,0.4152584,0.5606772,-0.5634392,-0.0003615245,-0.106291,-0.2551329,-0.4498807,0.4219568,0.5552399,-0.5579144,-0.08522204,-0.04982253,-0.1525515,-0.4623435,0.4250415,0.5476962,-0.5528173,-0.02749094,-0.1422716,-0.0661103,-0.4833357,0.4345458,0.5349587,-0.5397924,-0.02437914,-0.4579888,0.07012932,0.4994703,-0.4525968,-0.5223435,0.5223435,-0.03886931,-0.5086516,0.1840544,0.5024362,-0.4593948,-0.5184811,0.5173892,-0.08466665,-0.319085,0.1674332,0.4869851,-0.4412914,-0.5342103,0.5317205,-0.01377772,-0.1945304,0.1115333,0.4751027,-0.4222588,-0.5490839,0.5426617,-0.02269502,-0.0231081,-0.02554143,0.4557596,-0.3989992,-0.566075,0.5591438,0.04707243,0.179716,-0.08294369,0.4441251,-0.38226,-0.5767024,0.5692491,0.04104421,0.2511681,-0.04545696,0.4407138,-0.38681,-0.5791206,0.5663643,-0.001284943,0.2676759,-0.1319956,0.4473194,-0.4186089,-0.5688298,0.54873,-0.003253933,0.3964527,0.04087724,0.4620599,-0.4573627,-0.54829,0.5260209,-0.03150149,0.6478857,0.2950318,0.4771938,-0.4749823,-0.5307102,0.5148054,0.0001265071,0.4451664,0.2463067,0.4851801,-0.4699313,-0.5250888,0.5177322,-0.05421918,0.4084378,-0.02629482,0.477421,-0.4497651,-0.5347568,0.5327436,0.08508389,0.218153,0.03774343,0.4668899,-0.4364825,-0.545602,0.5420473,-0.02630263,0.03859217,-0.1939519,0.4505609,-0.4282237,-0.5586613,0.5491055,-0.08330502,-0.1359167,-0.3007937,0.4456263,-0.4180414,-0.5628522,0.556647,-0.04859791,-0.2272011,-0.1284832,0.4524108,-0.4176744,-0.5584699,0.5558631,-0.08102017,-0.2432306,-0.09111622,0.4597433,-0.425315,-0.5537885,0.5486907,-0.08525126,-0.0759915,-0.0174172,0.4723084,-0.4310924,-0.5443698,0.5429049,-0.1146908,-0.05845162,-0.03258621,-0.4851905,0.4325186,0.5369059,-0.5378194,0.003778524,-0.4362111,0.1919836,0.5017402,-0.4449069,-0.5249403,0.5241683,-0.06293996,-0.4841506,0.2402885,-0.5067491,0.4512811,0.5176699,-0.5211225,-0.04087302,-0.2987201,0.09766258,-0.4934413,0.4388246,0.5292322,-0.5327869
0,0,1,-0.01711784,0.01323055,-0.03151961,-0.01024982,-0.7753507,-0.6314443,0.002094209,-0.04336714,-0.01229921,-0.02348158,-0.02022043,-0.7769365,-0.6291622,-0.01075393,-0.02918115,-0.01515917,-0.05555791,-0.02963746,-0.7762915,-0.6292421,-0.02339911,-0.02823769,-0.115833,0.01291469,-0.04173568,-0.7770581,-0.6270171,-0.03589222,-0.01710611,0.05801351,0.02269501,-0.05001229,-0.7768121,-0.6265781,-0.03823039,-0.03826989,0.03242404,0.02555663,-0.05459267,-0.7760397,-0.6270174,-0.04038933,0.02557031,0.02727487,0.08201217,-0.04885736,-0.7721881,-0.6321511,-0.04151511,0.07613523,-0.003572298,0.08610857,-0.03479388,-0.7695085,-0.6362425,-0.04291227,0.1023628,-0.004895644,0.004402745,-0.02014497,-0.7681255,-0.6382424,-0.04715863,0.05776302,0.02286313,-0.02435698,-0.006284565,-0.7680509,-0.6382855,-0.05147696,0.02202605,-0.002362341,-0.05869773,0.005110145,-0.7692006,-0.6370035,-0.05030757,0.07494351,0.005202266,-0.09446207,0.008868426,-0.7704369,-0.6361847,-0.04021615,0.08560605,-0.005562666,-0.04291561,0.01016614,-0.7712566,-0.6361033,-0.02079937,0.02288502,-0.1387263,-0.1054855,0.01704389,-0.7643226,-0.6445416,-0.009299368,0.1472039,-0.09635955,0.08458196,0.04318717,-0.7557735,-0.6533558,-0.008203834,-0.007229638,0.005921608,0.1594778,0.04696202,-0.7551382,-0.65379,-0.01093438,-0.1127722,0.005059021,0.1148393,0.03303772,-0.7583942,-0.6509233,-0.006755322,-0.0186141,-0.004774279,0.05686093,0.01834077,-0.7625364,-0.6466812,-0.002261281,-0.08278162,0.06391596,0.0272041,-0.001867712,-0.7655727,-0.643344,-0.001839131,-0.0121855,-0.001863947,0.02745366,-0.01019877,-0.7691994,-0.6389203,-0.002984613,-0.01526914,-0.003081586,-0.002839038,-0.01599374,-0.7714587,-0.6360395,-0.007029146,-0.06658417,0.02631329,0.02087442,-0.0230256,-0.7718515,-0.6352558,-0.01284221,-0.009561067,0.005191083,-0.0455904,-0.02817395,-0.7722842,-0.6341914,-0.02417973,-0.08141261,-0.1071858,-0.01691124,-0.03599808,-0.7728137,-0.6323555,-0.03987092,-0.0256771,-0.02859336,0.003701418,-0.04879466,-0.7720864,-0.6315308,-0.05167741,-0.03514832,-0.02796475,0.01063401,-0.05851462,-0.77139,-0.6311173,-0.05678436,-0.02205061,0.03922117,0.01947243,-0.06231692,-0.7683961,-0.6344094,-0.05664542,-0.003701115,0.01112883,0.0570339,-0.05790257,-0.767265,-0.6364778,-0.05336374,0.07073013,0.05435058,0.05880489,-0.04711109,-0.7641101,-0.6416105,-0.04745707,0.06587956,-0.02495172,0.03075835,-0.03730467,-0.7613529,-0.6456427,-0.04577786
0,0,1,0.01847488,-0.01733713,-0.02786619,-0.7772449,-0.09647217,-0.1019109,-0.6133494,0.03401688,-0.01557354,-0.02946521,-0.7817317,-0.1092533,-0.1104449,-0.6039546,0.02058312,0.002654376,0.05578608,-0.7843848,-0.1169982,-0.1159126,-0.5980101,-0.04139558,0.06220489,0.1155849,-0.7905506,-0.1227554,-0.1185999,-0.5881284,0.07451315,0.2039858,-0.002775328,-0.8008285,-0.1396065,-0.1262471,-0.5685467,0.08678646,0.1051259,-0.125625,-0.8243987,-0.1756371,-0.1341999,-0.5210651,0.09310545,0.1154105,-0.1121524,-0.8445046,-0.1990025,-0.1314247,-0.4795181,0.03225879,-0.008800432,-0.06950007,-0.865044,-0.2146559,-0.1250875,-0.4358611,0.09387198,0.03557248,-0.05380925,-0.8788675,-0.2303956,-0.1192102,-0.400373,0.006092138,-0.03626357,0.03659334,-0.8908253,-0.2429741,-0.1131922,-0.3668535,0.04775661,-0.0897929,0.03107628,-0.8980333,-0.2529008,-0.1184885,-0.3399087,0.01198664,-0.0640684,0.03718363,-0.9009331,-0.2606472,-0.1276728,-0.3226178,0.0489155,-0.0663119,0.03466336,-0.9000237,-0.263288,-0.1359813,-0.3196025,0.03256481,-0.07718998,0.04696846,-0.8957965,-0.2606485,-0.1406536,-0.3314023,0.02420277,-0.09033335,0.02548683,-0.8860989,-0.2553658,-0.1444236,-0.3588299,0.01862283,-0.0367802,-0.02333211,-0.87047,-0.2480257,-0.1493047,-0.3980869,0.03179497,0.002043952,-0.0574929,-0.8473721,-0.2396737,-0.158191,-0.446646,-0.04094582,0.05265021,-0.05614193,-0.8190534,-0.2262581,-0.1686086,-0.4995297,-0.1643692,-0.02765394,0.08648521,-0.789843,-0.2025195,-0.174557,-0.5519635,-0.06539404,0.08458577,-0.027395,-0.7661202,-0.1781501,-0.1938262,-0.5863051,0.03782887,0.0668437,-0.05658554,-0.7531745,-0.1501229,-0.1898264,-0.6116838,-0.08331182,0.1145388,0.04644642,-0.7457216,-0.1088416,-0.1596269,-0.63763,-0.05279101,-0.1109391,0.122721,-0.7509897,-0.06792182,-0.1052605,-0.6483219,0.0255845,0.13763,0.1633307,-0.7466418,-0.01863739,-0.05693832,-0.662523,0.2153938,0.0394498,0.0000458523,-0.7462273,0.04475716,0.00005629659,-0.664185,-0.02002077,-0.1335303,-0.03637716,-0.74537,0.1200026,0.0709987,-0.6519065,0.07058977,0.00903334,-0.04959355,-0.7314347,0.1790287,0.1416559,-0.6425618,0.1018029,0.06272643,-0.04947019,-0.7174845,0.231841,0.2078349,-0.6231134,-0.01425453,0.002328013,0.01956126,-0.6948373,0.2928639,0.2702039,-0.5986832,-0.0009232971,-0.0489472,0.009694661,-0.671835,0.3469767,0.3172279,-0.5723734
0,1,0,-0.1686116,0.2828566,0.2349079,-0.1844819,-0.8161202,-0.509491,-0.2008309,-0.07211227,0.1373252,0.1659013,-0.1893265,-0.8365165,-0.4781322,-0.1891697,0.0196618,-0.0146703,0.0323938,-0.1836298,-0.8426496,-0.475475,-0.1736239,-0.02741222,-0.02345313,-0.052993,-0.1664491,-0.8430156,-0.4849403,-0.162642,0.0197353,0.0333195,-0.07357465,-0.1500922,-0.840746,-0.4977322,-0.1512646,0.1134094,-0.02678212,-0.1033099,-0.104093,-0.8375652,-0.5165297,-0.1443816,-0.006297969,-0.00866516,-0.07730109,-0.07751653,-0.8322458,-0.531159,-0.1386652,-0.005411714,-0.02390767,-0.02876451,-0.07449043,-0.8275065,-0.5396355,-0.1359328,0.01694388,0.01148748,-0.01211539,-0.07116124,-0.8268558,-0.5409114,-0.1366037,-0.01732252,0.0171754,0.08369024,-0.07626417,-0.8306454,-0.5340605,-0.1378085,-0.02636917,0.01762926,0.0769264,-0.1003758,-0.8366909,-0.5187829,-0.1440048,0.02080449,0.01833577,0.06958745,-0.1228522,-0.8412581,-0.5034481,-0.1540522,-0.0002039771,-0.08469518,0.06347475,-0.1395618,-0.8421472,-0.4944318,-0.1638529,-0.009217406,-0.09353237,0.1123491,-0.1624121,-0.8415079,-0.4854954,-0.1725709,0.0009464998,-0.08408737,-0.01315713,-0.2067723,-0.8295318,-0.4823971,-0.1908273,0.08776611,-0.05672158,-0.1814903,-0.2071794,-0.8158596,-0.4976473,-0.209277,-0.004057369,0.07879924,-0.2466761,-0.2236863,-0.7984126,-0.5071596,-0.2351402,0.05296011,0.1446194,-0.2394335,-0.2322232,-0.7780313,-0.5235143,-0.2582101,-0.03223687,-0.02408641,-0.1224754,-0.2262128,-0.7618951,-0.5389131,-0.2791349,0.1080161,0.05969288,-0.1455998,-0.2204121,-0.7448699,-0.5552225,-0.2971787,-0.05683874,0.07967252,-0.2934659,-0.2305172,-0.7222447,-0.5715405,-0.313952,-0.08741183,0.01122083,-0.3211479,-0.201718,-0.6933696,-0.6189109,-0.309027,-0.03013314,-0.09219589,-0.3161398,-0.1600118,-0.6602671,-0.6757578,-0.2859984,0.1149441,-0.006555079,-0.2333669,-0.1105567,-0.6348552,-0.7191107,-0.2600303,0.00228052,0.2737156,-0.1190673,-0.08036301,-0.6126902,-0.747454,-0.2438546,-0.03488643,0.1682887,-0.138538,-0.0579451,-0.5977359,-0.7661729,-0.2287642,-0.06564469,0.03522604,0.1660039,-0.04617569,-0.5969334,-0.7720757,-0.2131609,-0.035939,0.196549,0.02438331,-0.05876017,-0.5973502,-0.7720838,-0.2088217,0.009498026,0.3738989,0.1738657,-0.04229423,-0.6055745,-0.7681408,-0.2035937,-0.02960372,0.3120281,0.2500244,-0.0322434,-0.6279809,-0.750191,-0.2044838
0,1,0,0.02479056,-0.1596905,-0.05870027,0.4617541,-0.3795906,-0.6043389,0.5267529,0.1178324,-0.2284224,0.2114749,0.4732732,-0.3966961,-0.5942381,0.5152919,0.1348058,-0.1917269,0.06478494,0.4769372,-0.4058919,-0.5895275,0.5101371,0.04105559,-0.5251158,-0.005503102,0.4816645,-0.4188517,-0.5844197,0.5010151,0.005941908,-0.4393845,0.06042077,0.4772963,-0.4182314,-0.5892701,0.5000315,0.02865523,-0.3444009,0.03243022,0.4648143,-0.4048198,-0.6019488,0.5076675,0.03187307,-0.07380713,-0.06696364,0.4491042,-0.3929526,-0.6125289,0.5183647,0.08750896,0.1540343,-0.05720247,0.4364177,-0.3915925,-0.6178805,0.5238498,-0.01176773,0.3001634,0.02719758,0.4368421,-0.4025826,-0.6144478,0.5191823,-0.04805638,0.2517598,0.0207877,0.4544946,-0.4224277,-0.5964546,0.5091477,-0.01534633,0.4073743,0.06389244,0.478742,-0.446288,-0.5725312,0.4938027,-0.1418106,0.5390142,0.17379,0.4986998,-0.4612159,-0.5501618,0.4856957,0.01348201,0.3357683,0.1565083,0.5079563,-0.4531562,-0.5425923,0.4921621,0.120212,0.01461429,-0.1514075,0.4961455,-0.4283306,-0.5577655,0.5091858,0.03221773,0.09938512,-0.1094865,0.4733528,-0.413147,-0.5799214,0.5185921,0.02460117,0.09635586,-0.1747472,0.4573669,-0.3988176,-0.5954766,0.5264673,0.1204827,-0.08368973,-0.1396582,0.4546364,-0.3914228,-0.6014037,0.5276433,0.0868912,-0.1131898,-0.09298724,0.4566015,-0.3893415,-0.6006613,0.5283315,0.1268519,-0.1274036,-0.03389795,0.4609318,-0.3940406,-0.5965296,0.5257626,0.1014334,-0.23643,-0.05458672,0.471957,-0.4085361,-0.5843963,0.5184937,0.105081,-0.2169771,0.1454567,0.4852434,-0.4280166,-0.5692539,0.5072383,0.02147368,-0.4640304,0.2486746,0.4920122,-0.440478,-0.5615727,0.4985371,0.06439839,-0.4960216,0.2066152,0.4977897,-0.4348044,-0.5593418,0.5002871,0.09047595,-0.2553385,0.09204797,0.4945931,-0.4078135,-0.5713985,0.5124154,0.01952535,-0.1765361,0.03514238,0.4722344,-0.3821735,-0.5922562,0.5293114,-0.0341175,-0.1150648,-0.0819796,0.4398653,-0.364787,-0.6154411,0.5428455,-0.0396722,0.1077121,-0.09118697,0.41699,-0.3656108,-0.6255932,0.5487087,-0.0608785,0.2596403,-0.00566147,0.4155706,-0.3857805,-0.6224693,0.53945,-0.04880976,0.3042265,-0.03081911,0.4315234,-0.4052516,-0.6079345,0.5291259,-0.01402969,0.295596,0.04187158,0.4564434,-0.4306861,-0.5850919,0.51365
0,1,0,-0.01343674,0.1185777,0.01829958,0.4321988,-0.6310201,-0.5077498,0.3964945,-0.05462831,-0.1418304,0.09039925,0.4477519,-0.624793,-0.4978071,0.4016715,0.008063969,0.01651772,0.03734991,0.4618496,-0.6177799,-0.4848953,0.4122128,0.0466562,0.06772516,-0.01249707,0.4928578,-0.5973527,-0.4645863,0.4294419,0.2028938,-0.1338925,-0.1656357,0.5024695,-0.5717942,-0.4880479,0.4270655,-0.07542194,0.1058398,-0.1050306,0.4910103,-0.5601863,-0.507183,0.4334347,0.1619277,-0.0145326,-0.1313372,0.4972627,-0.5417623,-0.5158811,0.4394202,-0.09861662,-0.08118356,-0.07291343,0.474007,-0.5428921,-0.5342368,0.4417878,-0.02185052,0.117543,-0.05931676,0.4620972,-0.5435917,-0.5394493,0.4471784,-0.01157936,0.03499274,-0.08384057,0.4438145,-0.5457855,-0.5513409,0.4485197,0.03752622,0.04821921,-0.02982421,0.438609,-0.5409765,-0.5622098,0.4459671,-0.0002421704,-0.04313831,0.07485122,0.4488612,-0.5442524,-0.5512931,0.4454086,0.01159445,0.01016725,0.0590489,0.4599169,-0.5477223,-0.5405033,0.4430946,0.01898298,-0.04729253,0.2021667,0.4812972,-0.5485469,-0.5287411,0.4334537,0.1235727,-0.02489182,0.09697127,0.495062,-0.5496413,-0.5193626,0.4278675,0.0358411,0.04572899,0.02559716,0.5080471,-0.5437552,-0.517943,0.4218452,0.0936126,-0.04290345,-0.06142437,0.5171571,-0.5319955,-0.5267739,0.4147753,0.03142416,-0.02380498,0.03151138,0.5152583,-0.5304786,-0.5326574,0.4115549,-0.02455246,-0.06651102,0.06053809,0.5162526,-0.5313311,-0.5278627,0.4153692,-0.1341095,0.1213332,0.07042313,0.5201122,-0.5368159,-0.5127227,0.4224065,0.01991138,0.000002042202,-0.01638183,0.5253638,-0.5364779,-0.503974,0.4268425,-0.07527112,-0.01778145,0.06858308,0.5257231,-0.5415052,-0.4941037,0.4315656,-0.01494171,0.01768936,-0.004378785,0.529364,-0.5423238,-0.4872628,0.433859,0.1198828,-0.0432163,-0.02303035,0.5281855,-0.5401978,-0.4986712,0.4248922,0.05923838,0.01868274,-0.01626199,0.5346629,-0.534599,-0.5037852,0.4177797,0.1338864,0.04453012,0.04764498,0.5499373,-0.5192922,-0.5130107,0.4058627,0.03652974,-0.03355581,-0.09170248,0.5399281,-0.5225587,-0.5241736,0.4008142,0.0275447,-0.05530322,-0.04493137,0.5402003,-0.514151,-0.5366139,0.3948138,-0.07571507,-0.0622646,-0.03508811,0.5373631,-0.5176437,-0.5322,0.4000615,-0.05862407,0.09966267,-0.0251322,0.5299371,-0.5229182,-0.5301137,0.4058358
1,0,0,-0.01572613,0.02236965,0.01921887,-0.8265337,-0.5547013,-0.01205554,-0.0948853,-0.01084512,0.06827229,-0.1662754,-0.8273858,-0.5493925,-0.02175699,-0.1145736,-0.01427176,0.0569884,-0.3357653,-0.8301895,-0.5446926,-0.02586214,-0.1158728,0.004703015,0.05768421,-0.5141368,-0.8352354,-0.5433902,0.001501124,-0.08430187,-0.03777231,-0.2066867,-0.1196296,0.8332018,0.5509357,-0.0366521,0.03001974,-0.04821464,-0.1883412,-0.08820941,0.8313191,0.5542414,-0.04152856,0.0005856603,0.07574172,-0.02089817,0.314236,-0.8267031,-0.5592124,0.02645431,-0.05606887,0.01061453,0.1526974,0.1029299,-0.8220758,-0.5574939,-0.02671575,-0.1125968,-0.02278215,0.1460832,0.3537287,-0.8253514,-0.5501201,-0.02628705,-0.1243863,-0.04748635,-0.1037029,0.3120361,-0.8316222,-0.5522603,-0.00101511,-0.05841195,0.04551309,-0.1503771,0.1884546,-0.8295971,-0.5561839,0.0121188,-0.04776333,0.02398025,0.03180783,0.10922,-0.8261346,-0.5553117,-0.00814832,-0.09520595,-0.1044134,0.1560797,-0.1801193,-0.8256612,-0.5470605,-0.03940204,-0.1321206,-0.06356955,0.117151,-0.3940797,-0.8283941,-0.5448288,-0.0451253,-0.1220189,0.04513788,0.03424042,-0.4564415,-0.8331128,-0.5468098,-0.01123612,-0.08243692,0.07463223,-0.2424143,-0.1527881,0.8288145,0.5576653,-0.03726454,0.026216,-0.08942066,-0.2041534,0.0258745,0.8278343,0.559853,-0.03542427,-0.0002018642,-0.01775394,-0.01792993,0.2748423,-0.8250849,-0.5620049,-0.0005745515,-0.05818072,0.04192377,0.1989259,0.1786365,-0.8231393,-0.5542574,-0.03082285,-0.119542,0.006598993,0.07479031,0.3424805,-0.8290052,-0.5487435,-0.02917974,-0.1038243,0.005429206,-0.1077372,0.3489584,-0.8328354,-0.5499765,0.003106626,-0.06246042,-0.000891877,-0.1270595,0.1942277,-0.8316879,-0.5517693,0.01351745,-0.06052323,-0.07352962,0.07703982,-0.01981792,-0.8297585,-0.5478598,-0.01965722,-0.1047089,-0.06337117,0.1068951,-0.2619562,-0.8300477,-0.5440714,-0.03973683,-0.1158802,0.01129518,0.04270868,-0.3122494,-0.8338935,-0.5424148,-0.0211711,-0.09979707,0.01710741,-0.07027732,-0.3772859,-0.8358498,-0.5463337,0.006711891,-0.05319232,-0.02774589,-0.1972373,-0.2093473,0.8330989,0.55197,-0.03366957,0.01190132,-0.01524629,-0.1114612,-0.03692282,0.8294779,0.5574411,-0.03140055,0.01548453,0.05219653,0.072818,0.1262828,-0.8251891,-0.5587726,-0.0001416616,-0.0826814,-0.02289203,0.1881397,0.2834073,-0.8249804,-0.5521783,-0.02077626,-0.1186377
0,1,0,-0.01017249,-0.1159902,0.1309759,0.4461024,-0.4278361,-0.567193,0.5442802,0.2114766,0.01660505,-0.09828375,0.4339744,-0.4120238,-0.5792382,0.5535211,0.0694749,0.1824307,-0.1187055,0.4264266,-0.4135721,-0.5839436,0.5532887,0.03163309,0.2083893,-0.1019235,0.4305575,-0.4361899,-0.5755795,0.5413563,-0.01722776,0.1780966,-0.1345018,0.4411815,-0.4676954,-0.560084,0.522423,-0.0047598,0.5778287,-0.04248038,0.4631526,-0.5008053,-0.5367109,0.4966138,0.007827833,0.7406232,0.08944597,0.4814793,-0.5129934,-0.5176102,0.4869241,0.01111902,0.4396489,-0.1101106,0.4861216,-0.5100991,-0.5113317,0.4919598,0.04794343,0.2979148,-0.1858146,0.478069,-0.4979167,-0.5180067,0.5051713,-0.2019497,-0.03927923,-0.04759119,0.4572079,-0.4952506,-0.5321616,0.5123396,-0.03195677,0.006861021,-0.1741409,0.4491555,-0.4834625,-0.5436047,0.5186688,0.2476261,-0.05982602,-0.2526043,0.4459388,-0.4747685,-0.5486503,0.5241339,0.06731631,-0.2360341,-0.1598561,0.4431848,-0.4787971,-0.5493419,0.5220767,0.05697896,-0.279669,0.07475048,0.4488609,-0.4849746,-0.5423645,0.5188103,0.07663737,-0.2182734,0.05534454,0.4585494,-0.4892851,-0.5362867,0.5125711,-0.08824914,-0.2691075,0.1453326,0.4667896,-0.5046664,-0.5258409,0.5009098,-0.05237777,-0.4289111,0.2267798,0.4838184,-0.5125186,-0.5132608,0.4897016,-0.05888697,-0.4646548,0.254651,0.4854276,-0.5016354,-0.5139406,0.498585,-0.03002327,-0.2856543,0.1594108,0.4689292,-0.4701979,-0.5351248,0.5221692,-0.02510112,-0.04185512,0.05195381,0.4422084,-0.44104,-0.5635227,0.5407194,-0.06406122,0.1033509,0.0111961,0.4224972,-0.4226693,-0.5844453,0.5488811,-0.1431885,0.1695708,-0.03037314,0.4087028,-0.4193008,-0.5956219,0.549894,-0.06632199,0.2605192,-0.1010264,0.4109352,-0.422757,-0.5968376,0.5442368,0.04107124,0.2678051,-0.1032721,0.4262516,-0.4469267,-0.5816185,0.5294204,-0.03500627,0.266617,-0.09229646,0.4465586,-0.4757487,-0.5601826,0.5103372,0.08840956,0.3205173,-0.05083562,0.4684089,-0.4998149,-0.5372738,0.4920518,0.03505741,0.226765,0.2261299,0.4761161,-0.5223118,-0.5238633,0.4754693,0.01019305,0.1460528,0.1174228,0.4650194,-0.5165478,-0.5346665,0.4806943,0.01231849,0.2008894,0.1361908,0.4501309,-0.5054953,-0.5476457,0.4918747,0.005549738,0.09911973,-0.000880493,0.4354209,-0.4935808,-0.5617478,0.5012245
1,0,0,0.06716084,-0.06357443,0.04304563,-0.7799254,-0.4202744,-0.2045082,-0.4162476,-0.02154109,0.02550555,-0.05511995,-0.7922016,-0.4276998,-0.1895422,-0.3918715,-0.07297346,-0.03235057,-0.004185979,-0.8022423,-0.4325621,-0.1742556,-0.3727362,0.1823037,0.02117598,-0.06404836,-0.7968273,-0.4529258,-0.1605021,-0.3662834,-0.06934213,-0.02290855,-0.0357045,-0.8092831,-0.4708038,-0.1241373,-0.3286252,-0.003965263,-0.135869,0.0007978202,-0.8202779,-0.4851549,-0.09725192,-0.2868988,0.09297132,0.02905207,-0.1165548,-0.825886,-0.5039558,-0.07475241,-0.2415636,0.09503783,-0.276098,0.0909022,-0.837781,-0.5160266,-0.04412669,-0.1728941,-0.04845246,0.302471,-0.1034222,-0.8392285,-0.5346972,-0.0364169,-0.09202288,-0.02463134,0.1877142,0.01147581,-0.8395963,-0.5398355,-0.02517758,-0.05497123,0.1172466,0.2013724,-0.03352012,-0.8522058,-0.5217393,0.01460276,-0.03633265,-0.1957859,-0.04658197,0.05138268,0.862704,0.4889487,-0.1030226,0.07782754,0.1741584,-0.02774029,-0.2104322,0.8595511,0.4907212,-0.1298445,0.05920301,0.03499663,-0.3952049,-0.1027435,0.8425049,0.5263441,-0.112319,0.02306436,0.1599566,-0.04959983,-0.2918628,0.839619,0.5422204,-0.03216582,-0.001511431,-0.1592304,0.1285175,-0.2446193,-0.8414846,-0.5395249,0.00195459,-0.02850874,-0.05456443,-0.05627094,-0.150573,-0.8381258,-0.5445656,-0.008479425,-0.03035659,0.09624963,-0.02313352,-0.09440847,-0.8405477,-0.5413348,-0.001180552,-0.02084629,0.01431844,0.116776,0.1300291,-0.8422892,-0.5364441,-0.01202087,-0.05130339,-0.05072251,0.1574937,0.2773362,-0.8421121,-0.5349052,-0.00498857,-0.06854762,0.04645264,-0.02653782,0.2913293,-0.8484944,-0.5261893,0.02455647,-0.05078313,0.04795418,-0.06104677,0.3433897,-0.847717,-0.5272631,0.02873736,-0.05043431,0.05032144,0.03238637,0.2604111,-0.8468066,-0.5254748,0.01177813,-0.08158357,-0.002502852,0.09393114,0.1146196,-0.8466109,-0.5210232,-0.005289771,-0.1084289,-0.03306945,0.05702639,-0.1236354,-0.8483143,-0.5177528,-0.01111164,-0.1103242,-0.003457776,0.02836815,-0.2586078,-0.850767,-0.5154787,0.007508427,-0.102082,-0.01440902,0.01672556,-0.6180907,-0.8524609,-0.5172977,0.01328656,-0.07441051,-0.007571829,-0.1140771,-0.2928588,-0.8489386,-0.5248765,0.03975186,-0.04719715,-0.01667547,-0.1465402,-0.07184768,0.8469232,0.5296711,-0.04299323,0.01791677,0.05160235,-0.01453414,0.2152782,-0.8450547,-0.5315763,0.03243988,-0.04750555
0,1,0,0.06210212,0.04473395,-0.2167453,0.5247526,-0.5031631,-0.5064715,0.463625,-0.01325671,0.1285982,-0.3537418,0.5000489,-0.4779264,-0.535471,0.4845702,0.06514388,0.1106186,-0.3833176,0.4452716,-0.4592636,-0.5964953,0.4847716,0.0002961254,0.2944752,-0.1503168,0.4225026,-0.439263,-0.6156258,0.4995442,-0.07041956,0.2499298,-0.07961445,0.3834818,-0.4232092,-0.6571924,0.4918676,-0.1555993,0.4261516,0.09666094,0.3504497,-0.4371152,-0.6628293,0.496762,0.1252068,0.1256079,-0.004928563,0.3864553,-0.4184673,-0.6524351,0.4998657,-0.08597113,-0.468548,-0.2169025,0.3406086,-0.4507685,-0.6557629,0.500768,0.05176492,-0.243517,-0.06594183,0.3759018,-0.4437211,-0.6337864,0.5100237,0.1181143,-0.1656013,0.0397396,0.4027876,-0.4340011,-0.6323607,0.4995248,0.047896,-0.1619952,0.08839241,0.4153851,-0.4444412,-0.6244051,0.4899442,-0.02766505,-0.1919703,0.05760738,0.4294421,-0.4600373,-0.6121373,0.4787829,0.04840495,-0.1475176,0.1175067,0.4461926,-0.4755681,-0.5976377,0.4664508,-0.01519004,-0.02302982,0.2081059,0.4805838,-0.4876378,-0.5643239,0.4612885,0.0169811,-0.06141378,0.2221375,0.4945979,-0.5027625,-0.5469404,0.4510643,-0.03009867,-0.02886429,0.1488685,0.5082046,-0.5202962,-0.5320872,0.4334779,-0.01426153,0.05439784,0.244654,0.5196227,-0.5379353,-0.5156792,0.4179626,0.005041066,-0.02137106,-0.0321826,0.4986154,-0.5608512,-0.5265234,0.3995017,-0.05873093,0.02125222,0.1046509,0.483767,-0.5814021,-0.5309797,0.3821016,0.004066286,0.05663367,0.1331209,0.4896548,-0.5960179,-0.5166203,0.3716238,-0.02786259,0.02339858,0.09939453,0.487645,-0.6111618,-0.509234,0.3596724,0.007882967,0.07250945,0.1271505,0.4972687,-0.6190542,-0.4960156,0.3513747,0.01251284,0.02617743,0.05130303,0.5063462,-0.6237741,-0.4845048,0.3460846,0.06076243,-0.01591984,0.004155832,0.5121873,-0.6212321,-0.4848148,0.3415985,-0.01177529,-0.04895732,-0.01297396,0.509986,-0.6215121,-0.4874224,0.3406705,0.02455347,-0.06701865,0.009461814,0.5121808,-0.6160372,-0.4924025,0.3401597,-0.04042572,-0.06685002,-0.03411695,0.5144988,-0.6113744,-0.4900806,0.3483293,-0.01227614,-0.007381977,-0.07371722,0.5134099,-0.6045161,-0.4879751,0.3644872,0.04221585,-0.004948158,-0.1112106,0.5191708,-0.5893964,-0.4926205,0.3746978,-0.003041799,0.07246588,-0.1373449,0.5175422,-0.5759473,-0.5003428,0.3874168
1,0,0,-0.07202429,-0.02824137,-0.1779112,-0.5476444,-0.8323396,-0.02195981,-0.08254778,0.03505447,0.0008573115,-0.4450172,-0.550993,-0.8268309,-0.0406488,-0.1053812,-0.04737681,0.213731,-0.4645707,-0.5559868,-0.8220257,-0.05455159,-0.1103473,-0.05426154,-0.02130694,-0.1880999,-0.5550194,-0.8270527,-0.02268497,-0.08615521,-0.02539928,-0.1416073,0.01036311,-0.5490838,-0.8338653,0.02610195,-0.04994288,-0.03602386,-0.1190627,0.1630792,-0.544981,-0.8363295,0.04160148,-0.04263728,0.0725709,0.1202515,0.4753993,-0.5450276,-0.83666,-0.0001373217,-0.05426716,0.1151673,0.05313483,0.347048,-0.547453,-0.8342189,-0.01105206,-0.06520584,-0.1206176,0.03090521,0.2516389,-0.5465083,-0.833232,-0.02676702,-0.07960211,-0.07107197,0.100113,-0.06096634,-0.5504166,-0.8293366,-0.04424556,-0.08534966,0.01087098,-0.04166988,-0.3380368,-0.5509866,-0.8277849,-0.03785701,-0.09875619,-0.02209641,0.03975295,-0.5702566,-0.5510464,-0.8271593,-0.03581331,-0.1042724,-0.03157418,0.1169531,-0.391083,-0.5486111,-0.8297966,-0.03860982,-0.0947236,0.002512516,-0.08072631,0.0140131,-0.5443215,-0.8368736,0.006778354,-0.05753847,-0.01589849,-0.0890869,0.1029609,-0.5381759,-0.8407184,0.03025915,-0.05141644,0.004113639,0.03349,0.3249581,-0.5365906,-0.8413653,0.003353231,-0.06452592,0.13793,0.09430299,0.5741838,-0.5375593,-0.83934,-0.02701938,-0.07621083,0.07933607,0.1140851,0.3369586,-0.5388308,-0.8358687,-0.04609652,-0.09412694,-0.03722972,0.1020096,-0.01912211,-0.544853,-0.8327364,-0.04423809,-0.08791079,-0.05069232,-0.1210393,-0.3354644,-0.5483162,-0.8321288,-0.02582142,-0.07901986,0.01029176,0.02356471,-0.4743213,-0.5530019,-0.8274981,-0.02728751,-0.093226,-0.07164208,0.1191167,-0.4517399,-0.5497122,-0.8284453,-0.02894053,-0.1032341,0.000527192,-0.09172373,-0.1039059,-0.5490026,-0.8333035,0.0048596,-0.06463568,0.002080323,-0.1321783,0.1045146,-0.543043,-0.8377019,0.03581794,-0.04557136,-0.02142658,0.03039469,0.1841666,-0.5383159,-0.8405896,0.0227312,-0.05575251,0.1289893,0.3007942,0.6177922,-0.5428187,-0.8352527,-0.02616799,-0.08376092,0.04837693,0.01289865,0.3492147,-0.5422642,-0.8361982,-0.01983137,-0.07955456,-0.002040148,0.0001158707,0.1038678,-0.5455406,-0.8343925,-0.0191463,-0.07621054,-0.02872452,-0.01725325,-0.2003202,-0.5470027,-0.8326943,-0.02871785,-0.08113892,-0.05400981,-0.06169665,-0.3185498,-0.5479757,-0.8302445,-0.03920405,-0.09423214
0,1,0,0.1076831,-0.2235302,-0.3131823,0.4326491,-0.4770902,-0.5656399,0.5150255,-0.05615286,-0.2744584,-0.1655894,0.440118,-0.4729662,-0.5572658,0.5215879,0.02401747,-0.1290853,-0.007270969,0.4449722,-0.480593,-0.5494352,0.5187977,-0.06722531,-0.1637356,0.0738342,0.4504423,-0.4895713,-0.5418187,0.5136673,0.08387572,-0.2285634,-0.05041772,0.4626576,-0.4993437,-0.5331076,0.5023944,-0.01341763,-0.0563072,0.09835399,0.4706479,-0.5175979,-0.5201603,0.4899144,-0.0476784,-0.3461987,0.1320625,0.4806996,-0.5267686,-0.5109797,0.4799401,-0.06772387,-0.353396,0.3032228,0.4807755,-0.5238158,-0.5125281,0.4814425,-0.07310794,-0.2587826,0.182907,0.4678344,-0.4997371,-0.5312169,0.4992019,-0.02629348,-0.1799739,0.05450056,0.4494447,-0.4654777,-0.5581195,0.5194542,-0.02612798,-0.08986972,-0.07371792,0.4295213,-0.4388104,-0.582274,0.5328357,0.01714528,0.3056156,-0.09361884,0.4092277,-0.4280904,-0.5979077,0.5401644,-0.1195598,0.2251785,-0.08692057,0.3885939,-0.4440219,-0.6042682,0.5354431,-0.03497199,0.1303754,-0.1100664,0.3960382,-0.4575734,-0.5957839,0.5280358,0.02829086,0.2109946,-0.02393672,0.4129915,-0.4750204,-0.5817963,0.5150793,0.05421311,0.2784646,0.02385276,0.4341432,-0.5001427,-0.5607846,0.4968879,0.0282906,0.412279,0.2417925,0.4579891,-0.5224073,-0.5359006,0.4797366,0.001584414,0.4143442,0.2931279,0.46573,-0.5318734,-0.5262915,0.4724653,0.09286459,0.4024648,0.1648098,0.4553507,-0.5131466,-0.5392707,0.4883886,0.2105664,0.09120951,-0.3329013,0.4520668,-0.4841722,-0.5501962,0.508426,-0.05349187,-0.008156652,-0.2570484,0.4271456,-0.4726076,-0.5667978,0.5224259,0.02992471,-0.1677904,-0.213149,0.4114075,-0.466875,-0.5755867,0.5305389,-0.0004714539,-0.111914,-0.05510281,0.4044721,-0.47496,-0.5744019,0.5299791,0.101036,-0.1597137,-0.1386702,0.4044166,-0.4849462,-0.5687182,0.5270996,-0.02128272,-0.2287684,0.03816173,0.4151239,-0.4994029,-0.5533599,0.5215954,-0.1622107,-0.1183809,0.1906788,0.4343905,-0.5141166,-0.5436461,0.5014359,-0.08614574,-0.1121622,0.219797,0.4583064,-0.5311392,-0.5285115,0.4780398,-0.04346339,-0.3204423,0.22743,0.4643311,-0.5332406,-0.5232739,0.4756421,-0.09505639,-0.4220575,0.2090206,0.4674403,-0.5266889,-0.521246,0.4820799,-0.01384111,-0.2755454,0.1066954,0.4567951,-0.4986873,-0.534907,0.5064816
0,1,0,0.0003326115,0.587362,0.1088054,-0.6341623,-0.2166204,-0.2098461,-0.7119539,-0.0163721,0.131343,-0.09029887,-0.6256666,-0.2310034,-0.2285798,-0.7091755,0.0002618699,0.01192967,-0.08053373,-0.6086022,-0.2295305,-0.2451025,-0.7189185,-0.035908,0.1519812,-0.07014433,-0.5942937,-0.2294403,-0.2609994,-0.725294,0.06350967,-0.0210092,-0.1612777,-0.5893443,-0.240754,-0.27448,-0.7206743,0.1060077,-0.1539029,-0.1491153,-0.5880864,-0.2532166,-0.2838703,-0.71376,0.05907974,-0.1563217,-0.0931408,-0.5860457,-0.2549494,-0.2899614,-0.7123718,-0.02716264,-0.09119891,-0.03084897,-0.5952762,-0.2558707,-0.2858772,-0.7060104,-0.07060795,-0.05605815,0.05645774,-0.611064,-0.255046,-0.273844,-0.6975398,-0.03803248,-0.3410721,0.0616773,-0.6316832,-0.2380678,-0.248736,-0.6945722,0.05601163,-0.4119493,0.1060903,-0.641801,-0.2186976,-0.22981,-0.6981764,-0.09133798,-0.4206432,0.1241974,-0.636721,-0.20039,-0.2139459,-0.7132022,-0.0003184513,-0.2638352,0.1327972,-0.6139187,-0.1801955,-0.2007382,-0.7418474,0.02391219,-0.1261561,0.06303667,-0.5829923,-0.1610574,-0.1937777,-0.7724187,-0.01589139,0.1764405,-0.003274039,-0.5531818,-0.1523305,-0.1999247,-0.7942388,-0.005447949,0.1911339,-0.09865895,-0.543134,-0.1541111,-0.2053696,-0.7994239,-0.04542401,0.254749,-0.04297094,-0.5558593,-0.159724,-0.2102358,-0.7882318,0.002877578,0.3536116,0.05791663,-0.578016,-0.1728644,-0.2132351,-0.7684699,-0.08327252,0.4018954,-0.04609521,-0.6091374,-0.1918957,-0.2125047,-0.7395738,-0.04292071,0.5268859,0.02307652,-0.6249001,-0.2123118,-0.2171831,-0.7192044,0.01559742,0.2597397,-0.01406433,-0.6204108,-0.2198336,-0.2263472,-0.7180046,0.06963828,0.07079945,0.006020934,-0.6043554,-0.2212318,-0.2415386,-0.7262714,-0.01767707,-0.01322326,-0.0131829,-0.5895889,-0.2265766,-0.2562574,-0.7316967,0.04162259,-0.0348496,0.03098512,-0.5761526,-0.2313047,-0.2716562,-0.7353566,0.001878531,-0.02559161,-0.03356911,-0.5704457,-0.2343421,-0.2824724,-0.7347686,0.05966265,-0.2996058,-0.009496106,-0.5808012,-0.243369,-0.2843413,-0.7229048,0.06400138,-0.1390441,-0.1041982,-0.5827127,-0.2519951,-0.2917327,-0.7154273,0.05677345,-0.1548594,-0.0463724,-0.6020539,-0.257494,-0.2790209,-0.7024068,0.06905334,-0.1533342,0.05699757,-0.619442,-0.2630467,-0.2650987,-0.6905221,0.04215332,-0.303065,0.2455977,-0.6292987,-0.2577417,-0.2480617,-0.6899402
1,0,0,-0.0266953,-0.1061004,-0.122498,-0.01415568,0.02106307,-0.968191,-0.2489219,-0.04260911,-0.08975237,-0.1141494,-0.02343458,0.00536316,-0.9592422,-0.2815606,0.09004905,-0.0688568,-0.1540345,-0.02080342,-0.006162564,-0.9588506,-0.2830807,-0.02160451,-0.111731,-0.0646778,-0.02491413,-0.02127895,-0.954098,-0.2976969,0.0222137,-0.06285518,-0.07024708,-0.03099607,-0.03706041,-0.9475256,-0.3160079,-0.01344193,-0.04299591,-0.02484212,-0.02998939,-0.04652188,-0.9490792,-0.3101371,0.009455262,-0.0642109,-0.02393247,-0.0307296,-0.05526581,-0.9506127,-0.3038697,0.008338487,-0.08227713,-0.07598966,-0.03383023,-0.06437922,-0.9475722,-0.3111556,-0.02116427,-0.07646456,-0.1054151,-0.03772571,-0.07550709,-0.9426602,-0.3229042,0.03692208,-0.0275968,-0.04298796,-0.03446845,-0.08264266,-0.9431592,-0.3200513,-0.009082795,-0.01958122,0.01490866,-0.0375996,-0.08503388,-0.9400065,-0.3282427,-0.03718131,0.04408981,0.1249603,-0.03949768,-0.08544856,-0.9374777,-0.335073,0.03128893,0.07153597,0.09140322,-0.03939028,-0.07813397,-0.9375848,-0.3365684,0.0519301,0.0859,0.04026133,-0.02595133,-0.0717297,-0.9432796,-0.3231175,-0.02154328,0.1351553,0.05600272,-0.02241123,-0.05395883,-0.9449718,-0.3218919,0.01624305,0.0802135,0.08364519,-0.005261682,-0.04020813,-0.9575959,-0.2852467,-0.01759336,-0.03729453,0.1183924,-0.01601479,-0.03575999,-0.9479376,-0.3160362,-0.03001184,0.2822219,0.4234838,-0.007290956,-0.01618232,-0.9576483,-0.2873927,-0.03379859,0.1869668,0.03339535,0.003804468,0.0505937,-0.973164,-0.2244495,0.03023882,-0.1461585,-0.02202068,-0.008394089,0.03252569,-0.9658196,-0.2570291,0.03730959,-0.1544645,-0.2731143,-0.006286758,-0.001585258,-0.9626444,-0.2706912,-0.0980184,0.0246233,-0.08593294,-0.02824448,0.001923827,-0.9496342,-0.3120789,0.07864442,-0.1582241,-0.07261866,-0.01377534,-0.02102304,-0.9565086,-0.2906193,-0.01709315,-0.08258925,-0.08083366,-0.02580051,-0.03624611,-0.9487596,-0.312851,0.02751255,-0.0390989,-0.02061447,-0.02254855,-0.04571695,-0.9509374,-0.305155,-0.008631488,-0.09946919,0.008360094,-0.02799852,-0.05571146,-0.9471784,-0.3145878,0.02638977,-0.05147723,-0.05467227,-0.02870739,-0.06592327,-0.9473357,-0.3120657,-0.03568249,-0.05472935,-0.06912825,-0.02897514,-0.07533485,-0.9467576,-0.3116652,0.03847989,-0.0916742,-0.1831233,-0.03740118,-0.08118663,-0.9415621,-0.3247624,-0.03432681,0.001765775,0.09636305,-0.03902712,-0.08857688,-0.9390275,-0.3299367
0,1,0,-0.04803777,-0.318817,0.1373721,-0.5958652,-0.2903998,-0.2850316,-0.6923652,0.02133592,-0.2209532,0.072109,-0.5790064,-0.2633241,-0.2748306,-0.7210271,-0.1850623,0.02547618,0.08027577,-0.5554715,-0.2278119,-0.2655112,-0.7543586,-0.03864363,0.05656122,-0.08130594,-0.5319626,-0.2102317,-0.2685134,-0.7750605,0.001367169,0.141859,-0.04117028,-0.5256699,-0.2086651,-0.2764949,-0.7769688,0.05185075,0.2249125,-0.01622785,-0.529031,-0.2159622,-0.2820712,-0.7706635,-0.03591912,0.2567069,-0.03686999,-0.5472558,-0.2310775,-0.283461,-0.7528374,-0.01115453,0.3373025,0.008623514,-0.5669873,-0.2420131,-0.2796193,-0.7360489,0.03100685,0.4494503,0.1251833,-0.5906287,-0.2603227,-0.2740001,-0.7129611,-0.04479718,0.6624929,0.1961882,-0.5904388,-0.2705567,-0.2788554,-0.7074044,-0.000871455,0.08436687,-0.0324264,-0.5764541,-0.2768462,-0.2933457,-0.7106372,-0.1067104,0.1955868,-0.2053193,-0.5666039,-0.2792748,-0.3022777,-0.7138584,0.02448373,-0.06451695,-0.04450104,-0.5644723,-0.2814457,-0.3070724,-0.7126471,0.02710386,-0.06108547,-0.1313937,-0.5512701,-0.2842153,-0.3202892,-0.7160571,-0.04043159,-0.1630493,-0.1209024,-0.5521265,-0.2915002,-0.3246664,-0.7104756,0.179103,-0.121519,-0.2004634,-0.5543984,-0.2983107,-0.3315282,-0.7026678,0.04661184,-0.1987351,-0.08525577,-0.5640605,-0.3046388,-0.3293372,-0.69323,0.06690521,-0.2080494,0.1261124,-0.5751994,-0.3033981,-0.3197556,-0.6890948,0.06346519,-0.4531871,0.1359987,-0.5931643,-0.2985135,-0.2985905,-0.6854848,-0.04285848,-0.4321086,0.1603919,-0.5996883,-0.2772617,-0.2678326,-0.70126,-0.04662385,-0.2799422,0.09744105,-0.5857018,-0.2522767,-0.2530783,-0.7275034,-0.03984633,-0.08244642,0.05843912,-0.5626731,-0.2262857,-0.2507666,-0.7545263,0.03969906,0.02037009,0.005191107,-0.5358269,-0.2149675,-0.2591014,-0.774303,0.09061145,0.1846633,-0.006474826,-0.5152228,-0.2103724,-0.2709505,-0.7854137,-0.1126901,0.1736369,0.0112599,-0.5210353,-0.2099577,-0.2730177,-0.7809619,-0.02340777,0.213269,0.006868558,-0.5401527,-0.2188525,-0.2730419,-0.7653671,0.03201861,0.3088664,0.08516624,-0.5586496,-0.231649,-0.2735254,-0.7479527,-0.02473334,0.301431,0.23138,-0.5778745,-0.2491589,-0.2705363,-0.7285541,0.01885968,0.390409,0.1510366,-0.5777274,-0.2542538,-0.2722297,-0.7262761,0.1008329,0.104507,0.005092547,-0.5605658,-0.2542534,-0.2914158,-0.7322554
1,0,0,0.1788872,0.006733541,0.6625783,-0.8219357,-0.5573461,-0.005067918,-0.1173086,-0.03130932,-0.06122609,0.2143694,-0.8259204,-0.5576997,-0.008849595,-0.08214708,0.02508196,-0.02026778,0.009179504,-0.8279165,-0.5548176,-0.00344475,-0.08197446,0.0428085,0.0403646,-0.1856635,-0.8279455,-0.5495824,0.006344512,-0.1114685,-0.1181293,0.05122132,-0.3588238,-0.8320841,-0.5409791,-0.004486103,-0.1223007,-0.1180499,0.04656734,-0.4749356,-0.8374274,-0.5368579,-0.002742752,-0.1024266,-0.05759192,-0.04614732,-0.2846494,-0.8367459,-0.5412024,0.01854688,-0.08131619,-0.01065948,-0.1070129,-0.2346579,-0.8333072,-0.5484671,0.04684828,-0.05087475,-0.0000910117,-0.1212582,0.1440015,0.8294985,0.5539126,-0.0518149,0.04927772,-0.03200665,0.007627102,0.1017291,-0.826715,-0.5570328,0.01942225,-0.07667726,0.1307307,0.126771,0.3890641,-0.8262904,-0.5510758,0.002525698,-0.1164183,0.008992813,0.01573495,0.4552847,-0.8304293,-0.5470964,0.007413864,-0.1049657,-0.07138035,-0.06257676,0.2072962,-0.8314946,-0.5502886,0.009813454,-0.07551767,0.1160174,-0.008834359,0.05333064,-0.8321463,-0.5471697,0.02528533,-0.08659332,0.01719169,0.01698752,-0.03497028,-0.831026,-0.5446115,0.01693208,-0.1118372,-0.1388002,0.07426059,-0.2227746,-0.831014,-0.5419866,-0.01744913,-0.1239427,-0.03205586,0.07231819,-0.4175228,-0.8351974,-0.5382494,-0.009850986,-0.1124091,0.02873623,0.007451399,-0.3983249,-0.8365014,-0.5393969,0.02435933,-0.09339719,-0.01920444,-0.1217427,-0.1794019,0.835551,0.5451953,-0.05286271,0.04268466,-0.08557048,-0.1244833,0.1453937,0.8320383,0.5519027,-0.04130846,0.03754204,0.05533127,0.01216782,0.2350552,-0.8277391,-0.5545443,0.02769246,-0.08100463,0.04714369,0.1476543,0.3086128,-0.8293836,-0.5461501,0.007114768,-0.1174404,0.006053184,0.006895689,0.4185377,-0.8333989,-0.5446616,0.005156264,-0.0936127,0.05653144,-0.08527602,0.2518951,-0.8335035,-0.5475681,0.02936496,-0.06766625,-0.003307103,-0.02613782,0.1047921,-0.8313805,-0.5498329,0.01733164,-0.07867461,-0.03954606,0.1383474,-0.1035406,-0.830143,-0.5444514,-0.01482023,-0.1192292,-0.02797012,0.1321829,-0.1357414,-0.8302353,-0.5396691,-0.0226979,-0.137664,-0.02730033,0.08178873,-0.4708168,-0.8359284,-0.53684,-0.01551104,-0.1130748,0.02821008,-0.06977478,-0.2793128,-0.8401522,-0.5359822,0.0339662,-0.0755877,-0.06945901,-0.1935807,-0.2680395,0.838996,0.5403923,-0.06231318,0.01337166
0,1,0,0.03816829,-0.06957626,0.03579481,-0.7018682,-0.2798761,-0.224892,-0.6152024,-0.06529436,0.07966708,0.06961124,-0.6960906,-0.2644284,-0.2229414,-0.6291523,0.04371973,0.08470228,-0.006363276,-0.6886157,-0.2511802,-0.2186708,-0.6441273,0.04779661,-0.4709643,0.03046975,-0.6981757,-0.2399326,-0.2073111,-0.6418762,-0.1656644,-0.03646614,-0.004653649,-0.7030599,-0.2359457,-0.2130698,-0.6361114,-0.0340777,-0.4104859,-0.1535759,-0.6899886,-0.2379855,-0.2217886,-0.6465976,-0.002378806,-0.2854833,-0.05854546,-0.6600857,-0.2341942,-0.2354275,-0.6738055,0.0555568,-0.04436956,-0.02720635,-0.6371535,-0.2325234,-0.2449186,-0.6928081,-0.02981584,0.077603,0.009939434,-0.6107068,-0.2314474,-0.2633286,-0.7100193,0.0754555,0.2300964,0.05442437,-0.5842521,-0.2315202,-0.277688,-0.7265929,0.04685534,0.349849,0.1194989,-0.5631428,-0.2327119,-0.2921492,-0.7371324,-0.04213959,0.11922,0.1873909,-0.5566261,-0.2285055,-0.2939692,-0.7426538,0.07835739,-0.02687956,0.3173558,-0.5482861,-0.2142805,-0.2899596,-0.7545791,0.101446,0.1205034,0.237094,-0.5356603,-0.2062126,-0.2882952,-0.76644,-0.09066159,0.2289645,0.1036284,-0.5374305,-0.2079306,-0.2875578,-0.7650123,-0.04450044,0.232132,-0.04873747,-0.5394287,-0.2193587,-0.2931343,-0.7582682,-0.04376351,0.2289992,0.01853636,-0.5401818,-0.2304853,-0.3000125,-0.7517133,0.02316499,0.162424,0.02187011,-0.5408781,-0.2353904,-0.306447,-0.7470826,0.05056006,0.1064691,0.04995019,-0.5405805,-0.2409306,-0.3130571,-0.7427788,0.0292846,0.003305353,-0.1429826,-0.5399296,-0.2537774,-0.3217303,-0.7352296,0.003100026,0.1145702,-0.2580283,-0.537616,-0.2666747,-0.3309883,-0.7282172,-0.05960835,-0.09469263,-0.08791755,-0.5430924,-0.277409,-0.3301753,-0.7204715,-0.08465054,0.04311584,-0.026432,-0.5512555,-0.2937624,-0.3324503,-0.7066101,-0.06459335,-0.3389017,-0.08415323,-0.5666035,-0.3082727,-0.3254743,-0.6913716,0.04503252,-0.3245312,-0.1538495,-0.5862253,-0.3006879,-0.309697,-0.685576,-0.2996057,-0.0500146,-0.01895487,-0.6100681,-0.2993302,-0.3019443,-0.6686164,0.03925284,-0.4140348,0.1098662,-0.622998,-0.2952781,-0.2862636,-0.6653852,-0.02216072,-0.4848799,0.1766802,-0.6211405,-0.2754587,-0.2761135,-0.679756,-0.05141788,-0.2987179,0.131291,-0.6039894,-0.2529629,-0.2649492,-0.7078194,0.05309741,-0.1136936,-0.006226115,-0.5802627,-0.2287637,-0.2577236,-0.7379301
1,0,0,0.03204552,0.07806183,0.1547172,-0.826374,-0.5570908,0.001910474,-0.0821715,-0.02208904,0.1764649,0.2426588,-0.823616,-0.5533931,-0.0367274,-0.1185909,0.003448805,-0.00390886,0.4403264,-0.8279015,-0.5527904,-0.01581736,-0.09355055,0.07510743,-0.08688073,0.2766809,-0.8303954,-0.5536559,0.01513392,-0.06065944,0.02307048,-0.04400938,0.1427469,-0.828222,-0.5553209,0.01448873,-0.07387164,-0.07478981,0.08931524,-0.04394274,-0.8266485,-0.5524094,-0.02158408,-0.1050254,-0.04768346,0.1400097,-0.2557018,-0.8262208,-0.5492837,-0.04839724,-0.1153442,0.05799946,0.08526976,-0.3201917,-0.8300604,-0.5459802,-0.0294912,-0.1097066,0.002171195,-0.09378134,-0.3500059,-0.8361433,-0.5449336,0.01785871,-0.05994164,-0.1223491,-0.2469746,-0.2327277,0.8357973,0.547444,-0.04153904,-0.004739622,-0.03409886,-0.1912566,0.03443269,0.8305323,0.555298,-0.0421902,-0.008959448,0.09004355,-0.03582699,0.2963077,-0.8246251,-0.5621083,0.009993786,-0.06267162,0.003840689,0.2425432,0.3489777,-0.8235192,-0.5517039,-0.04101203,-0.1255273,-0.04703261,0.08064984,0.4674998,-0.8275373,-0.5493132,-0.04042023,-0.1086428,0.05960876,-0.06801707,0.2213295,-0.8315513,-0.5527279,-0.001246758,-0.05488966,0.0002350477,-0.07797772,0.09402239,-0.8290865,-0.5567421,-0.002199885,-0.05146776,-0.02181488,0.0252961,-0.05361685,-0.8267901,-0.5555433,-0.02493932,-0.0846627,-0.01991063,0.09710488,-0.2223417,-0.8253977,-0.5515562,-0.0402145,-0.1135216,0.01741607,0.09167746,-0.2922691,-0.8287516,-0.5466292,-0.03092288,-0.1158062,-0.03100392,0.02654017,-0.425347,-0.8318346,-0.5480801,-0.01485653,-0.08624835,-0.04797876,-0.1616275,-0.1504639,-0.8323059,-0.5534524,0.01364416,-0.0277706,0.03739724,-0.166686,0.01183767,0.8301178,0.5564947,-0.03117796,0.0156832,0.03731606,0.008489604,0.1401785,-0.827486,-0.5580047,0.009201733,-0.06174815,-0.04979936,0.13639,0.1457672,-0.8246309,-0.5543578,-0.02573834,-0.1095847,0.002300601,0.09278222,0.39226,-0.8275918,-0.5489807,-0.01668012,-0.1159038,0.0403141,-0.0621836,0.3757997,-0.8317247,-0.5488824,0.008403219,-0.08301444,-0.01903274,-0.07474726,0.1484999,-0.8318728,-0.5513887,0.004526064,-0.0627504,0.01791787,0.04352321,0.06236914,-0.8296707,-0.5500174,-0.007076815,-0.09527432,-0.05617017,0.1418988,-0.205577,-0.8289497,-0.5456199,-0.03598626,-0.1176696,-0.01829327,0.07785022,-0.3341766,-0.8291647,-0.5465596,-0.03476231,-0.1120265
1,0,0,0.03851987,0.0449088,0.2642278,0.007919699,-0.9980874,-0.03302892,-0.05165163,0.0350235,0.1757815,0.5390019,0.01259708,-0.9945178,-0.09631994,-0.0387046,0.03628004,0.1113541,0.3280527,0.01428571,-0.9936804,-0.1009133,-0.04702948,-0.03241496,-0.0101093,0.04100323,0.01212499,-0.99674,-0.07217021,-0.03396723,-0.01994522,-0.116056,-0.1521163,0.006346911,-0.9977196,-0.06119232,-0.02776134,-0.003629841,-0.007226028,-0.4870187,0.002235413,-0.995922,-0.08871921,-0.01622491,0.0282607,0.2039343,-0.6017981,0.001193464,-0.9924718,-0.1200316,-0.02430192,0.04970418,-0.0005129452,-0.1691958,0.004765809,-0.9961793,-0.07986394,-0.03501246,-0.06250194,-0.1668429,-0.004696092,0.009054393,-0.999631,-0.01725288,-0.01892114,-0.04633319,-0.00590042,0.09656824,0.008853734,-0.9993557,-0.03284451,-0.01144128,0.1057219,0.1225746,0.5432709,0.01156652,-0.9965731,-0.07923885,-0.02072355,0.1122368,0.1548642,0.3874364,0.0142701,-0.9944268,-0.09856199,-0.034601,-0.08398901,0.01644659,0.1893023,0.01439372,-0.9958813,-0.08305538,-0.03339227,-0.14259,-0.07531542,0.2128601,0.003045112,-0.9965656,-0.07691788,-0.03051898,0.06702336,-0.02639955,0.3413511,-0.006043881,-0.994568,-0.09900158,-0.03156824,0.08577248,0.5780794,-0.1496113,-0.02064809,-0.9924194,-0.104363,-0.06152873,0.06984623,-0.2344448,-0.3569305,-0.0483346,-0.9929395,0.01598739,-0.1071418,-0.1261594,-0.228969,-0.0330863,-0.02128512,-0.980948,0.09881411,-0.1659026,-0.1247086,-0.5473082,-0.5475369,0.01215026,0.9580833,-0.2134545,0.1906983,0.1170938,-0.5110741,0.1021371,-0.008072168,0.9733652,-0.1725711,0.1507127,0.02756929,-0.1815006,0.01168062,-0.01854771,-0.9882486,0.09740631,-0.11633,-0.01217366,0.01670676,0.2677109,-0.02176431,-0.994251,-0.06041669,-0.0856798,0.06039717,0.009639704,-0.02121984,-0.04794207,-0.9849794,-0.1516559,-0.06721395,-0.04997688,-0.00522016,-0.07442815,-0.0708231,-0.9712696,-0.2208851,-0.05319007,0.01576982,0.1078301,-0.1379017,-0.0785425,-0.9477332,-0.3071009,-0.03635874,-0.05742748,0.1737512,-0.1355585,-0.08242327,-0.9185806,-0.3861362,-0.01774615,-0.01013764,0.1409064,-0.005661324,-0.08502641,-0.8833284,-0.4608972,-0.008669913,0.004873314,0.1068852,0.09947828,-0.08823255,-0.8565403,-0.5079769,-0.02265094,-0.0935984,0.003977237,-0.1693777,-0.09881261,-0.8350415,-0.5395359,-0.04292718,-0.3320846,-0.1038241,0.3659389,-0.1081897,-0.8054702,-0.5768018,-0.08253667
1,0,0,0.001233897,0.1105498,0.2022088,-0.6783019,-0.7343421,0.003016697,-0.0252804,0.09016838,0.03687637,0.5227241,-0.679591,-0.7328892,0.003586479,-0.03188152,0.005912661,-0.01454384,0.3170111,-0.6817652,-0.7308609,-0.004900429,-0.03184902,-0.02205616,0.003047914,0.2869233,-0.682144,-0.7290177,-0.02415129,-0.05127829,-0.04462896,0.1053229,0.2543444,-0.6900406,-0.7194943,-0.05821488,-0.0527534,0.06887862,0.3036643,-0.02087169,-0.709451,-0.6997842,-0.07442157,-0.03798285,-0.003348877,-0.1575715,-0.6687405,-0.6979234,-0.7141033,-0.05357854,0.009424845,-0.1868096,-0.2846255,-0.6349776,-0.7178484,-0.6961268,-0.007753657,-0.006419122,0.1079395,-0.1931609,-0.03454696,-0.7300985,-0.6797388,0.002718996,-0.07002747,-0.2355997,-0.1090695,0.8992934,-0.725379,-0.6740476,0.01128957,-0.1391316,0.1179181,0.0003711702,-0.2954178,-0.7230245,-0.6708488,-0.01723728,-0.1640131,-0.01651667,-0.09698836,-0.1612513,-0.7310933,-0.6331471,0.02222778,-0.2532452,0.0693614,-0.2414703,-0.1090083,-0.7234687,-0.605038,0.01930921,-0.3318874,-0.01217201,-0.2803504,-0.1491815,-0.7094162,-0.581394,-0.01583157,-0.3980692,0.04846622,0.1485553,-0.056539,-0.6717848,-0.5857554,-0.0695494,-0.448061,-0.2036111,0.05394384,0.135925,-0.6257594,-0.6023158,-0.1402764,-0.4753562,0.2821433,0.5136451,0.4258333,-0.5879441,-0.5891545,-0.2058849,-0.5146165,-0.3118966,-0.8133602,-0.8395782,-0.6001215,-0.5917859,-0.2099684,-0.4955369,0.2194077,0.1022975,-0.08056064,-0.6153768,-0.5494555,-0.2328766,-0.5149549,-0.050897,0.7638164,-0.2413147,-0.6941603,-0.4725547,-0.3117461,-0.4445762,-0.1345959,0.4290471,-0.05245102,-0.7112706,-0.4352523,-0.3326675,-0.4404337,0.02497539,0.1600643,-0.02803401,-0.712926,-0.397763,-0.3591032,-0.4522899,-0.04829358,-0.1660187,0.01503673,-0.7158233,-0.3803491,-0.3635328,-0.4591029,0.1213121,0.1082852,0.1359912,-0.7094181,-0.3503957,-0.3805003,-0.4787152,0.08089907,-0.1322555,-0.2094882,-0.7124319,-0.3626475,-0.3602721,-0.4807614,0.003203145,-0.181549,-0.7362072,-0.7460762,-0.3011305,-0.3516893,-0.478545,-0.5360306,-0.07449117,-0.09616909,-0.8033081,-0.2363059,-0.3350168,-0.4319946,0.2094145,0.4131741,0.1724133,-0.8452597,-0.2621929,-0.3161889,-0.3417828,0.04109591,-0.09203222,0.284492,-0.8545273,-0.2852392,-0.3136051,-0.3001224,-0.02829033,-0.1520261,0.2442135,-0.846579,-0.2921247,-0.3373516,-0.2901053
0,0,1,-0.02706783,-0.01516277,-0.05032863,-0.5968056,0.5060969,0.3478054,-0.5164498,0.0110844,0.02800724,-0.06743808,-0.5938096,0.5105711,0.3542338,-0.5111024,-0.02437492,-0.05356637,-0.09511952,-0.5901464,0.5138933,0.366464,-0.5033339,-0.1379342,-0.07879127,0.01886367,-0.5797971,0.5216577,0.3820907,-0.4956967,-0.08334563,-0.03247568,0.02047548,-0.5712467,0.5281047,0.3852528,-0.4963495,-0.0114956,0.02646412,0.04801848,-0.5692264,0.526418,0.3841567,-0.5012872,0.04500797,0.06970395,0.08363634,-0.5747632,0.5148178,0.381169,-0.5092347,0.09680964,-0.006249235,0.04991114,-0.5793926,0.5066197,0.3820444,-0.5115495,0.03626057,-0.0369165,0.04061363,-0.5845898,0.4969756,0.3857492,-0.5123158,0.04543015,0.04797988,-0.01063193,-0.5946953,0.4845443,0.3892953,-0.5099052,-0.01685309,-0.0001865211,-0.009287169,-0.6019614,0.4799372,0.388192,-0.5065667,0.03031212,0.0150838,-0.03807735,-0.6107737,0.4731938,0.3800546,-0.5085287,0.07631477,0.002177085,-0.02398318,-0.6207029,0.4655657,0.3651629,-0.5144245,0.01829777,-0.0338423,-0.07698482,-0.6289239,0.4564401,0.3476852,-0.5246257,0.1114583,-0.06058718,-0.01693329,-0.6392371,0.4361637,0.3276632,-0.5420092,0.1107396,-0.01363821,0.01296163,-0.6496595,0.4149871,0.324569,-0.5480723,0.0422196,-0.04126794,0.001137154,-0.6573275,0.4056687,0.3199505,-0.548621,-0.007399723,0.07237768,0.1104481,-0.6543832,0.4060768,0.323179,-0.5499451,-0.04993943,0.06312155,0.08030711,-0.6540568,0.4055766,0.3151399,-0.5553415,-0.07292929,-0.03893332,0.03289648,-0.65454,0.4089774,0.3099465,-0.5552008,-0.0555809,0.07494463,0.01176559,-0.6498885,0.4215958,0.3027243,-0.5552115,0.00803959,0.04108745,-0.004382954,-0.6496153,0.4293524,0.2956768,-0.553382,-0.001479983,-0.01748864,-0.01198685,-0.6514301,0.4336788,0.2943861,-0.548542,-0.008900883,0.04480708,-0.03825681,-0.648235,0.4403419,0.2984499,-0.5448099,-0.02662414,0.00285529,-0.05192291,-0.6464003,0.4429426,0.3058035,-0.5407889,-0.06579579,-0.02774108,-0.03654593,-0.6401698,0.4482238,0.3226863,-0.5339959,-0.04622927,-0.07561165,0.03965307,-0.6303862,0.4594709,0.3338124,-0.5292155,-0.04545835,0.07311988,-0.002204557,-0.6213946,0.4692364,0.3396044,-0.5275933,-0.04519421,0.009521037,0.01631853,-0.6180264,0.4745615,0.3425339,-0.5248858,0.04493005,0.05083362,0.07034002,-0.6200948,0.4676148,0.344004,-0.527712
0,0,1,0.003302216,-0.01643872,0.001190409,0.1209856,-0.08337159,0.7670871,0.624491,-0.01095795,-0.01197589,-0.02400083,0.1205349,-0.08241802,0.7674361,0.6242759,-0.006923332,-0.0006746515,0.007100736,0.1196501,-0.08303957,0.7675536,0.6242193,0.02552966,0.01678245,0.007987733,0.1186323,-0.08350827,0.7666801,0.6254234,-0.003392219,0.0006951069,-0.005591257,0.1182393,-0.08420584,0.7658736,0.6263916,-0.009181278,-0.002034188,0.004768736,0.1189969,-0.08346731,0.7662885,0.6258394,-0.009333762,-0.01644757,0.007485448,0.1196024,-0.08229354,0.7661245,0.62608,0.006020266,-0.01701639,0.02758791,0.1190859,-0.08088439,0.765551,0.627063,0.003398005,-0.002869854,0.01224728,0.1194405,-0.08189764,0.7661917,0.6260806,-0.01276906,0.0124213,0.01093132,0.1235971,-0.08616128,0.7648492,0.6263431,-0.01304172,-0.01126033,-0.007836221,0.1231581,-0.08712388,0.7641797,0.6271132,0.03341427,0.01924741,-0.002719435,0.1193488,-0.08788529,0.7641506,0.6277786,0.01079277,-0.01071002,0.001520371,0.1195535,-0.08632839,0.7651277,0.6267647,-0.03061626,-0.01526885,0.001859182,0.1201633,-0.08349553,0.7657051,0.6263266,0.00004911009,0.00157092,0.01192802,0.1192806,-0.08182288,0.7653798,0.6271132,0.008966385,-0.003958107,-0.003903134,0.1182985,-0.08018726,0.7655537,0.6272981,-0.01626804,-0.01277949,-0.01847249,0.1170492,-0.08155451,0.7666508,0.6260151,-0.003613919,-0.0001545479,-0.03056603,0.1169268,-0.08331195,0.7657398,0.6269209,0.004549321,0.009491176,-0.01463559,0.1182516,-0.08336754,0.764637,0.6280102,-0.008287523,-0.02702043,0.01195894,0.1191703,-0.08242689,0.7642819,0.6283928,-0.01059028,-0.00504507,0.02396942,0.1196443,-0.08358001,0.7647124,0.6276261,-0.01369664,0.001042843,0.01302789,0.1194028,-0.08475801,0.7642826,0.6280376,0.01126252,-0.00001995553,-0.007853142,0.1213191,-0.08595859,0.7638788,0.6279983,-0.001562722,-0.009771073,-0.02587791,0.1233733,-0.08503409,0.764543,0.6269149,0.003091943,-0.01132189,0.01327091,0.1240829,-0.08401344,0.764811,0.6265854,-0.003399172,-0.007531741,0.01793929,0.1240868,-0.08296858,0.7654435,0.6259512,0.000922273,0.002063025,-0.01156732,0.1246994,-0.0838002,0.7660992,0.6249157,0.01188732,0.009493368,-0.006943389,0.1244294,-0.08323744,0.766053,0.6251014,-0.00006146055,-0.0006583579,-0.002191185,0.1224025,-0.08124793,0.7657406,0.6261452,-0.02411242,0.001674092,-0.001970725,0.1225776,-0.0776338,0.7662022,0.6260048
0,1,0,0.05061308,-0.1792667,0.08952894,0.4386413,-0.4654993,-0.5625058,0.5239192,0.0999269,-0.230185,0.003558026,0.4264278,-0.447734,-0.5816138,0.5286009,0.04140914,0.03693186,0.03865154,0.4162605,-0.4338645,-0.5933089,0.5352321,0.1128496,0.1607792,0.0364385,0.4096398,-0.4328822,-0.5994506,0.5342912,0.006185319,0.3650783,-0.01960728,0.4157002,-0.447074,-0.5897124,0.5287319,0.1073752,0.3149416,-0.03959476,0.4312457,-0.4752613,-0.5693846,0.5137655,-0.04157684,0.1534415,-0.08561985,0.4536016,-0.5142059,-0.5399378,0.488165,0.01166698,0.2567115,0.2339519,0.4671828,-0.5283433,-0.5238423,0.4776849,0.07657629,0.2986906,0.130769,0.4694641,-0.5152035,-0.5236928,0.4898109,0.02118419,0.1027917,0.1062123,0.4568998,-0.4978701,-0.5370191,0.5049539,0.01773304,0.05538316,0.03304457,0.4399273,-0.4813327,-0.5554326,0.5160207,-0.01950981,0.01998732,-0.2203981,0.4243009,-0.4794571,-0.5689286,0.516149,-0.02530262,-0.02787217,-0.127187,0.4177908,-0.4797122,-0.5755122,0.513919,0.1598688,-0.03922827,-0.07207423,0.415073,-0.481912,-0.5773991,0.5119429,0.1994001,-0.1646682,-0.03446511,0.4126934,-0.4894669,-0.5750389,0.5093492,0.1116533,-0.2502566,0.000638018,0.4124437,-0.4990741,-0.5707174,0.5050712,-0.1381868,-0.207389,0.03113641,0.4195738,-0.5121647,-0.5583402,0.4999013,-0.0139428,-0.2566712,0.05725124,0.4351852,-0.5211301,-0.5437784,0.4932973,-0.07968325,-0.307097,0.2194823,0.4427062,-0.5193052,-0.5367367,0.4962328,-0.07552667,-0.2096805,0.1777318,0.4455087,-0.4925931,-0.5442789,0.5124788,-0.005472714,-0.1065472,0.08933293,0.4396171,-0.4698266,-0.5588218,0.5231806,0.06210828,-0.07620282,-0.06684453,0.4273635,-0.4491825,-0.5766979,0.5319915,-0.0463959,-0.04949529,-0.1211161,0.4161218,-0.4357194,-0.5907162,0.5366988,-0.09525557,0.02960152,-0.06943735,0.4124879,-0.4251143,-0.5990285,0.5387916,0.0621175,0.2295888,-0.06237281,0.4137057,-0.414212,-0.5998875,0.5453539,0.02704041,0.2565097,-0.08444634,0.4223962,-0.4297724,-0.5889889,0.5384878,0.01291184,0.2388147,-0.09920632,0.4396917,-0.4561069,-0.5678335,0.5255499,0.0579446,0.2789926,-0.044714,0.456875,-0.486944,-0.5426189,0.5096228,-0.04362389,0.1310528,0.08380556,0.4707982,-0.5189868,-0.518624,0.4899294,-0.04520986,0.1793863,0.2970204,0.4669344,-0.5272177,-0.5164651,0.4871114
0,1,0,0.01986098,-0.09170469,0.0431456,-0.5448282,-0.2223796,-0.2797138,-0.7585971,-0.04540264,0.02689308,0.01956592,-0.5253839,-0.2125725,-0.2842639,-0.7732908,0.002015918,0.1699824,-0.060899,-0.515169,-0.2126957,-0.29136,-0.7774771,-0.03452495,0.2260867,-0.05511193,-0.5217764,-0.2182075,-0.2942516,-0.7704225,-0.001465013,0.1979568,0.01235591,-0.5385139,-0.2305366,-0.2934176,-0.7554878,0.04599695,0.1685391,0.05553032,-0.5682122,-0.247721,-0.2887927,-0.7296355,-0.08364169,0.2249006,0.1979606,-0.5892065,-0.2702402,-0.2871466,-0.7052323,0.007510429,0.355961,0.09400976,-0.5902843,-0.2857236,-0.2894073,-0.6972587,0.08818617,0.1174378,-0.03382868,-0.5818595,-0.2860618,-0.2978337,-0.7006449,-0.02460734,0.05937099,0.06537944,-0.5674957,-0.2782075,-0.3095487,-0.7104426,-0.06465298,-0.08545555,-0.03987169,-0.5522871,-0.2803415,-0.3235312,-0.7153426,0.04849096,-0.1472026,-0.003561819,-0.5452292,-0.2801329,-0.3324652,-0.716741,0.02566477,-0.1223249,-0.1238507,-0.5383956,-0.2795008,-0.3441208,-0.716652,-0.0007987,-0.06921869,-0.1052628,-0.5417317,-0.2803152,-0.3459075,-0.7129503,-0.05308229,-0.08675332,-0.1309625,-0.5497398,-0.2838797,-0.3444551,-0.7060801,-0.05827399,-0.02066407,0.0008504799,-0.5608739,-0.2853117,-0.3369356,-0.7003514,-0.02130751,-0.3284886,0.0468967,-0.5723662,-0.2886098,-0.3246723,-0.6954776,-0.01170946,-0.454233,0.1184683,-0.5804014,-0.2807363,-0.3083758,-0.6994467,0.009874052,-0.3846969,0.1226752,-0.5779852,-0.2639492,-0.2904524,-0.7154728,-0.03452131,-0.2247777,0.1232788,-0.5635904,-0.2400272,-0.27738,-0.740144,0.01406971,0.01795601,0.09293322,-0.5426743,-0.2219269,-0.2732989,-0.7626013,-0.06943668,0.05944335,0.01333541,-0.5299461,-0.204463,-0.2712478,-0.7770307,0.006288602,0.1585102,-0.0859962,-0.5281688,-0.2011059,-0.2755879,-0.7775895,-0.01054001,0.2066578,-0.05076649,-0.5365533,-0.2058581,-0.2764188,-0.7702763,0.01173173,0.170761,0.0450553,-0.5582021,-0.2164622,-0.2742838,-0.7525443,-0.02003061,0.3184645,0.1766415,-0.585253,-0.2299443,-0.2635071,-0.7315522,0.001688488,0.3705182,0.1579439,-0.6035118,-0.2520278,-0.2614164,-0.7098711,0.03139197,0.4126218,0.1377703,-0.5971049,-0.2631503,-0.2735165,-0.7066869,-0.03753287,0.1508407,0.01445072,-0.5839944,-0.2672171,-0.2867966,-0.7108399,-0.1311531,0.06736388,-0.1689472,-0.5680726,-0.2628749,-0.3006651,-0.7195768
0,0,1,-0.004594363,-0.01159718,-0.006724193,-0.4329091,-0.2653872,-0.4642256,-0.7257092,-0.002047356,-0.0007470569,0.008478785,-0.4359543,-0.2621219,-0.4639478,-0.7252506,-0.01972136,0.005615472,-0.00860759,-0.4378167,-0.2591031,-0.4647602,-0.7246931,-0.01162124,0.003953606,-0.004945046,-0.4375333,-0.2589161,-0.4674815,-0.7231791,-0.006989695,-0.01102886,-0.007731388,-0.4363565,-0.2593854,-0.471535,-0.7210873,-0.01005656,0.007945624,-0.0006728569,-0.4346024,-0.2591207,-0.4759462,-0.7193416,-0.004284148,0.00366196,-0.005626558,-0.4326152,-0.2595097,-0.48135,-0.7167991,0.001545755,-0.00391461,0.007018708,-0.4307818,-0.2607393,-0.4866946,-0.7138419,-0.01425048,0.0002704459,-0.001041329,-0.4274769,-0.2632856,-0.495598,-0.7087502,0.005524181,-0.00619536,-0.001211123,-0.4236448,-0.2665557,-0.5045429,-0.7034982,0.01623867,-0.01001671,0.01414531,-0.4211721,-0.269123,-0.5104874,-0.6997066,0.0259344,0.000008168808,0.01323323,-0.4210755,-0.2697652,-0.5139958,-0.6969436,0.02468759,-0.01750138,0.001385002,-0.4236454,-0.2695841,-0.5093555,-0.6988605,0.001468726,0.00114587,-0.002630064,-0.4250341,-0.268732,-0.506795,-0.7002056,0.01766362,0.002527663,-0.002607843,-0.4263625,-0.266829,-0.503201,-0.7027134,-0.004390485,0.002474176,-0.00555761,-0.4265459,-0.2655774,-0.5024925,-0.7035826,0.004107063,0.008964002,0.004977089,-0.4276835,-0.2639341,-0.4986195,-0.7062607,-0.00203531,-0.001035396,0.007423404,-0.4276207,-0.262618,-0.4969358,-0.7079739,-0.003294461,0.006456665,0.01006733,-0.4271348,-0.2608107,-0.4954251,-0.7099912,-0.01199105,0.004677907,0.00233978,-0.4280125,-0.258454,-0.4919809,-0.7127143,0.0001546482,-0.01682998,-0.00598161,-0.4289673,-0.2571685,-0.4912093,-0.7131373,-0.003823367,0.007383824,-0.01145466,-0.4276954,-0.2580227,-0.4923624,-0.7127975,0.002283972,-0.007774469,0.01143123,-0.4272242,-0.2588402,-0.4932898,-0.712142,0.01054971,-0.0005745395,0.006760466,-0.4276228,-0.259693,-0.4927706,-0.7119518,-0.005228736,0.01402341,-0.009575788,-0.4268634,-0.2606326,-0.4957518,-0.7099919,-0.02616611,0.01326206,-0.01703911,-0.4238959,-0.2625002,-0.5039515,-0.7052934,-0.03369053,0.01130475,-0.004039767,-0.4174409,-0.265346,-0.5157786,-0.6995048,-0.02227244,0.008879106,0.002506074,-0.4107422,-0.2670878,-0.5293673,-0.692622,0.007723207,-0.01109207,0.02436532,-0.4052496,-0.2689853,-0.5409099,-0.686175,-0.0112216,0.004114745,0.00916832,-0.4012634,-0.275492,-0.5491261,-0.6793764
0,1,0,-0.04032763,-0.2577334,0.05941038,-0.5395819,-0.2714983,-0.3619535,-0.7100209,-0.05796105,0.05555703,0.04509306,-0.5185891,-0.2525338,-0.3583855,-0.7340652,0.05854995,0.0570635,-0.008519994,-0.5046998,-0.2411586,-0.3632162,-0.7451138,0.06440262,0.1704788,-0.03883641,-0.4940774,-0.2369966,-0.3726185,-0.7489163,0.07759156,0.2229587,-0.02008899,-0.4977011,-0.242434,-0.3787184,-0.7416816,0.01290861,0.2383936,0.03247702,-0.5151494,-0.2553324,-0.3781931,-0.7255318,-0.05636606,0.1577099,0.1865737,-0.546176,-0.2647712,-0.3632389,-0.7068561,-0.002714278,0.4814031,0.2612776,-0.5570179,-0.2792225,-0.3639405,-0.6923245,0.06512456,0.3149153,0.06481557,-0.5483944,-0.2932,-0.375302,-0.6873469,0.06006234,0.126573,0.02620065,-0.5354564,-0.2926495,-0.3877645,-0.6908556,-0.06630159,0.04833649,-0.08369678,-0.529663,-0.2925388,-0.3958955,-0.6907568,-0.1870849,-0.1228558,-0.1852988,-0.5287479,-0.3040254,-0.4075212,-0.6796475,0.05423502,-0.02970606,-0.2130242,-0.5297347,-0.3090781,-0.4159277,-0.6714581,0.08571383,-0.08454133,-0.174998,-0.5347994,-0.3144131,-0.4179481,-0.6636666,0.04337708,-0.01670638,0.09090184,-0.5506082,-0.3197283,-0.4088507,-0.6537932,0.08841428,-0.2707841,0.04408357,-0.5685692,-0.3280055,-0.3964134,-0.6418705,-0.02460682,-0.4530339,0.08149453,-0.5781544,-0.3226548,-0.3844696,-0.6432841,-0.0008823346,-0.5424419,0.144395,-0.587943,-0.3003079,-0.3600167,-0.659186,-0.05154035,-0.3713006,0.09582381,-0.576035,-0.278585,-0.348491,-0.6849293,0.008248146,-0.1504644,0.03663978,-0.5465983,-0.2589467,-0.3484322,-0.7160809,0.05198567,-0.06682036,0.01306282,-0.5100742,-0.246879,-0.3588867,-0.7416706,-0.04148416,0.2337768,-0.001243993,-0.4731468,-0.2390375,-0.382069,-0.7569785,-0.001218475,0.2139954,-0.06124039,-0.4643519,-0.242874,-0.390817,-0.7567375,0.02559954,0.2279028,0.07029634,-0.4739161,-0.2476054,-0.3926042,-0.7483028,0.09564111,0.5006498,0.09236131,-0.4993528,-0.2588025,-0.3857279,-0.7313563,-0.02081056,0.4278735,0.1046672,-0.5295876,-0.2649525,-0.3734656,-0.7140452,0.006405643,0.3494447,0.08554444,-0.5311468,-0.2673815,-0.3751295,-0.7111034,0.05692229,0.1469672,0.1028531,-0.5243856,-0.2657512,-0.3793522,-0.7144845,0.02965439,0.06837176,0.1298164,-0.5207203,-0.2638859,-0.3855976,-0.7145131,-0.2201312,0.01958851,0.1252982,-0.5050927,-0.2699905,-0.4084052,-0.7107683
1,0,0,0.0681573,0.01952237,-0.380575,-0.8337635,-0.5459408,-0.00003856421,-0.08238412,0.003219404,-0.1766562,-0.2621337,0.8330601,0.5513195,-0.0352512,0.02854733,-0.07118496,-0.1920033,-0.1031263,0.830228,0.555922,-0.04069673,-0.003979005,0.03821408,-0.02417163,0.1631912,-0.827008,-0.5600005,0.0138641,-0.04759087,-0.02592874,0.2427724,0.1900542,-0.8243412,-0.5546139,-0.03095048,-0.1091195,-0.09025238,0.1010663,0.3424168,-0.8288268,-0.5493111,-0.04025442,-0.09840197,0.1058031,-0.1180132,0.3043029,-0.8311752,-0.5537564,-0.0005451012,-0.05001265,0.1389042,-0.1559657,0.1844797,-0.8296428,-0.5555965,0.02918928,-0.04640422,-0.05604402,0.01908842,0.04587126,-0.8281971,-0.5530916,0.004056886,-0.09034739,-0.1746628,0.168053,-0.1368178,-0.8256199,-0.5470266,-0.04241399,-0.1315855,-0.007763449,0.1071599,-0.2702289,-0.8284339,-0.5447507,-0.03848803,-0.1243492,0.09360286,0.02608044,-0.3743413,-0.8333637,-0.544431,0.00568901,-0.09522307,-0.03432935,-0.1561112,-0.2731556,-0.8348119,-0.5474191,0.03935321,-0.04327469,-0.1508391,-0.218404,-0.3113859,0.8349348,0.5482792,-0.04546508,-0.01437677,0.05316449,-0.1663516,0.07869226,0.8287708,0.5569196,-0.04722939,0.02736228,0.07919802,0.1502252,0.1892837,-0.8268037,-0.5531077,0.001239896,-0.1023035,-0.1404419,0.1824727,0.3121193,-0.825773,-0.550683,-0.03395703,-0.1170218,0.09293284,0.007544794,0.4423665,-0.8315901,-0.5483021,-0.009441227,-0.08794121,0.08266328,-0.07722287,0.2375253,-0.8316122,-0.5515268,0.01632627,-0.0630293,-0.09251714,-0.02456618,0.09907714,-0.8295678,-0.5534501,-0.008502081,-0.07374252,-0.1024975,0.09891763,-0.1886242,-0.8258573,-0.5525545,-0.04272397,-0.1040084,0.06742869,0.08818885,-0.2944863,-0.827761,-0.5468568,-0.02901941,-0.1221358,0.02900594,0.02840596,-0.4931344,-0.8334611,-0.5438908,0.009663403,-0.09711824,-0.07276545,-0.1747775,-0.2578854,-0.8342034,-0.5484735,0.0332022,-0.04668088,-0.1016983,-0.192033,-0.2118675,0.8345628,0.5486393,-0.0499621,0.001917858,0.06876115,-0.08696099,0.1265587,0.8287246,0.5559924,-0.04994689,0.03991631,-0.03319144,0.06401316,0.2918748,-0.8243912,-0.5561193,-0.001836617,-0.1053898,0.036024,-0.09069688,0.01202312,-0.8150805,-0.5704459,-0.01805993,-0.09954441,0.05774866,0.08122737,0.8327876,-0.8272963,-0.5538594,-0.01072961,-0.09330408,-0.04803177,-0.03724117,0.2472007,-0.8262513,-0.557702,-0.001399733,-0.07921623
0,0,1,-0.02926757,-0.02336046,-0.0004295067,0.317382,-0.701671,-0.5554335,0.3137199,0.003752874,0.07290797,-0.0431314,0.3083667,-0.7088078,-0.5568437,0.3040172,-0.04919575,-0.03461931,-0.08066708,0.3027006,-0.7154529,-0.5593544,0.2891747,-0.005789035,-0.001918211,-0.1041245,0.2944286,-0.7173923,-0.5680521,0.2756392,-0.1336082,-0.1376032,0.005204187,0.2766266,-0.7251529,-0.5768676,0.254666,0.005116494,-0.1195145,0.05312808,0.2579072,-0.7328872,-0.5803841,0.243956,0.02523533,0.1101339,0.09961384,0.249866,-0.7333224,-0.5851534,0.2395844,0.03156746,-0.07447434,0.03126366,0.2424004,-0.7354143,-0.5870915,0.2360749,0.04335574,0.04739241,0.03977564,0.2467023,-0.7252437,-0.5999125,0.230791,0.0640585,0.02939896,-0.02710023,0.2568967,-0.7227203,-0.6005751,0.225807,-0.05116904,-0.007573944,0.005993802,0.2592444,-0.722513,-0.6009765,0.2226984,0.05806739,0.02598576,-0.07169625,0.2676133,-0.721983,-0.5945967,0.2314701,0.04339261,0.01089583,-0.05738733,0.2719795,-0.7249054,-0.5857925,0.2395547,0.02601013,-0.07197935,-0.09775056,0.279356,-0.7256088,-0.5759875,0.2523697,0.05851413,-0.08928157,0.005989025,0.3052147,-0.7090524,-0.5780367,0.2645037,0.005097312,0.1269072,0.03491888,0.3235412,-0.7002075,-0.5814756,0.2586826,-0.03166256,0.04270089,0.08901211,0.320363,-0.702103,-0.5786346,0.2638198,-0.10512,0.0145149,0.08317307,0.3250649,-0.7006837,-0.5721056,0.2758082,-0.02665274,-0.02652344,0.03532376,0.3239814,-0.6996312,-0.5684432,0.2870966,-0.1017533,0.0868177,0.01037403,0.3149437,-0.705723,-0.5599651,0.2986716,-0.05058322,-0.0008277725,-0.006940193,0.3224596,-0.7053992,-0.5502395,0.309303,-0.03190172,0.008570246,-0.08270814,0.3322835,-0.7041689,-0.54296,0.3145286,-0.02481358,-0.01041961,-0.06768293,0.3377692,-0.7028888,-0.5444095,0.3089944,-0.1079927,-0.03849911,-0.06406507,0.3359613,-0.6991915,-0.554949,0.3004875,-0.1457546,0.02311734,0.04158512,0.322746,-0.7040285,-0.558761,0.2965888,-0.03418465,0.0690345,0.07985416,0.3266384,-0.7013955,-0.5579774,0.3000216,0.03399603,0.09069594,0.09938075,0.339696,-0.691076,-0.5555784,0.313613,0.05965151,-0.07426545,0.07282294,0.3542528,-0.6840937,-0.5501337,0.3222944,0.0489125,0.01530718,0.03571681,0.3777828,-0.6693068,-0.5473958,0.3311592,0.02268216,0.04188663,-0.009391357,0.4050241,-0.6548491,-0.541612,0.3373196
0,1,0,-0.01420668,-0.06928812,-0.1303197,-0.1584068,-0.754648,-0.5719661,-0.279765,-0.009607442,0.1125649,-0.1061203,-0.165843,-0.7425016,-0.5815381,-0.2880986,-0.0127246,0.1118348,-0.1779108,-0.155106,-0.7299411,-0.5980763,-0.2922889,0.06056687,0.02230007,-0.269168,-0.1169592,-0.7145697,-0.6281206,-0.2849125,-0.03526484,-0.08450136,-0.2027779,-0.08687267,-0.6869595,-0.6674565,-0.2739372,-0.007429774,-0.13866,-0.09202899,-0.07390788,-0.6696119,-0.6894611,-0.2660846,-0.05138871,-0.3884574,-0.1342099,-0.07445106,-0.6553596,-0.7034945,-0.2646812,-0.1388767,0.7688828,0.1582703,-0.08754051,-0.6600762,-0.6929923,-0.2764013,0.007843757,0.9316413,-0.1777547,0.0233399,-0.625061,-0.7409006,-0.2445818,-0.951075,-1.557138,-0.8060268,-0.002184272,-0.6399725,-0.7283444,-0.2448363,0.03719753,-0.241985,0.09168979,-0.09980687,-0.6677696,-0.6980859,-0.2383242,0.002829058,-0.2400425,0.2273623,-0.1009933,-0.682505,-0.6863533,-0.230014,-0.002845711,-0.136845,0.1909438,-0.1033343,-0.7010702,-0.6702243,-0.2205038,0.0370982,-0.02370092,0.3112784,-0.1238545,-0.7313992,-0.6337941,-0.2191354,0.05885342,0.1362828,0.2971611,-0.119989,-0.7661911,-0.593862,-0.2142,-0.06254333,-0.005477964,0.272968,-0.1495604,-0.7953728,-0.5474064,-0.2129788,-0.04946522,-0.152053,0.2117093,-0.1830874,-0.8054315,-0.523266,-0.2096468,-0.1010691,0.07567253,0.1429103,-0.2091729,-0.8139309,-0.5031611,-0.2014745,0.01839771,0.07055954,0.07798795,-0.1957852,-0.8282502,-0.4886241,-0.1921356,0.005626546,0.01961944,-0.03734959,-0.1850238,-0.8349743,-0.4851816,-0.1821619,0.04209156,0.03286263,-0.02958873,-0.1697038,-0.8390399,-0.485539,-0.1773823,0.03146975,-0.05470446,-0.03837779,-0.1313144,-0.8408719,-0.497138,-0.1689522,0.006589152,-0.01398976,-0.09818237,-0.1164446,-0.8366816,-0.5096112,-0.163404,0.0318334,0.007018854,-0.04672359,-0.1053641,-0.8332033,-0.5169342,-0.1656796,-0.1127826,0.006186024,0.06203121,-0.1269716,-0.8299053,-0.5181449,-0.1632828,0.1310042,-0.02537708,-0.03158649,-0.1164794,-0.8303038,-0.5188017,-0.1669516,-0.03711111,0.01909799,0.07769893,-0.1162884,-0.8324895,-0.513541,-0.1723773,0.03079244,0.01912279,0.08127283,-0.1309681,-0.8371751,-0.5006706,-0.1769578,-0.01763575,0.03232874,0.03904437,-0.1418853,-0.8404931,-0.4898608,-0.1829651,0.04391363,-0.1286964,-0.02324026,-0.1639031,-0.8345587,-0.4893632,-0.1927978
0,1,0,0.01507718,0.05553175,-0.02584081,-0.4957338,0.4223556,0.3791647,-0.6573415,0.04011301,-0.05789944,-0.005681418,-0.4893094,0.4266444,0.3939242,-0.6506723,0.03525283,-0.03210682,-0.03413249,-0.4881535,0.4251868,0.4029203,-0.6469756,0.1129276,-0.007202944,-0.001253207,-0.4825849,0.4252764,0.426016,-0.6362092,0.3065918,0.0851783,0.02919368,-0.4930797,0.408094,0.4600575,-0.6153687,0.1326569,-0.06747892,-0.02096754,-0.5056365,0.3900355,0.48624,-0.5964686,0.03884028,-0.002179127,-0.01066499,-0.5062023,0.3870484,0.4976176,-0.5884976,-0.1192151,0.0367432,0.02357746,-0.5044035,0.3874555,0.487992,-0.5977617,-0.2326595,-0.04835215,-0.06706798,-0.4911318,0.4028444,0.4633898,-0.61788,-0.1663356,0.09627777,0.03819781,-0.4858868,0.412186,0.4298626,-0.6397147,-0.1734694,-0.01570337,-0.01064391,-0.4849467,0.4125234,0.3847829,-0.6682763,-0.01271035,-0.02431232,0.002568725,-0.487767,0.4089366,0.3679996,-0.6778129,0.07191607,0.00426791,0.06346048,-0.5041866,0.3974524,0.3574064,-0.678298,0.1725922,0.009420289,0.02573057,-0.5161864,0.3911783,0.3745521,-0.6635073,0.1066564,0.006685878,0.01602718,-0.5174941,0.391806,0.4069638,-0.6427039,0.0656006,-0.003430607,-0.00903317,-0.512504,0.397542,0.4281721,-0.6292604,0.01537976,-0.02925639,-0.0467689,-0.5075114,0.3997027,0.4444954,-0.6205591,-0.08601686,-0.08250214,0.008967589,-0.5015503,0.4060381,0.4422567,-0.622888,-0.09427034,-0.07536668,-0.01292025,-0.4974903,0.410475,0.431369,-0.6308205,0.02896774,0.1815432,-0.1326294,-0.4683536,0.4266546,0.4583262,-0.623336,0.02214449,-0.06806027,-0.07214368,-0.4555854,0.4291313,0.4792737,-0.6152926,-0.004178759,-0.03301647,0.001120245,-0.4492442,0.4336405,0.4805195,-0.6158219,0.01192214,-0.0222885,0.07873946,-0.4593481,0.4352395,0.4789761,-0.6083977,0.002288688,0.02039897,0.1498558,-0.479551,0.4361105,0.4608555,-0.606177,-0.01088341,-0.04575748,0.1366272,-0.492491,0.4435678,0.4511014,-0.5976687,-0.05950658,0.01515061,0.1588715,-0.5161649,0.4460687,0.4209845,-0.5978031,0.01740333,0.07465736,0.1689961,-0.5352182,0.4547572,0.402764,-0.586957,0.03707403,0.1443004,0.2017124,-0.5654827,0.4546959,0.3772936,-0.5754393,0.004122981,0.1937039,0.1875072,-0.5943686,0.4490839,0.3475501,-0.569437,-0.01322669,0.2582538,0.08011849,-0.6337228,0.4311413,0.2980715,-0.5689166
0,0,1,0.09937239,0.026691,0.02736925,-0.4645234,-0.1950898,-0.3097825,-0.8063453,0.05640457,0.01446754,0.01185649,-0.4583332,-0.2136201,-0.3546249,-0.786472,0.03322252,0.0353899,-0.03336146,-0.4584396,-0.2262956,-0.3893892,-0.7661589,-0.03700452,-0.03600101,0.08962227,-0.4470941,-0.2516263,-0.4313442,-0.742114,-0.2768321,-0.08921155,-0.0508341,-0.4398686,-0.2765494,-0.4703358,-0.7133164,-0.1681074,0.0159073,0.006029018,-0.4348309,-0.2937034,-0.5092533,-0.6821448,-0.08101257,0.06553377,0.03596357,-0.4189779,-0.3042338,-0.5525563,-0.6531315,-0.08574597,0.009719618,-0.0244153,-0.4032647,-0.3178507,-0.5912176,-0.6219406,-0.1110592,-0.1817741,0.01469282,0.3855186,0.3430678,0.625127,0.5855733,-0.07502559,0.1462647,0.05501011,0.361232,0.353089,0.655337,0.5615807,-0.09184103,0.1009612,0.04426035,0.3381142,0.3649107,0.6837507,0.5338575,-0.1381027,-0.3228929,-0.02061613,0.3338369,0.3875192,0.6952136,0.5050345,0.007900836,0.1711922,-0.008980292,0.3234396,0.3887005,0.7058763,0.4960216,0.06080683,0.05936283,-0.002503156,0.3176456,0.3958849,0.7111393,0.4864742,0.1343367,-0.2356045,-0.06755575,0.3156477,0.4024322,0.7103031,0.4836159,0.1488808,0.06515451,0.03458255,0.3099934,0.4005642,0.7051445,0.4962092,0.1203598,0.003630841,0.03269794,0.3134072,0.4025314,0.6896117,0.5139845,0.0221545,-0.01402117,-0.004510203,0.3215472,0.4000343,0.6698463,0.5365499,0.04759163,-0.05029642,-0.04163622,0.3289155,0.395026,0.6513947,0.5580807,0.01663514,-0.09499595,-0.01828588,0.341071,0.3858982,0.630017,0.5812329,0.02540665,0.1016228,0.02233206,-0.3507573,-0.3665576,-0.6093459,-0.6093459,0.01527008,0.1140619,0.04531845,-0.3606655,-0.3479691,-0.5857792,-0.6369463,0.03310116,-0.2644558,-0.01942124,-0.3808101,-0.335673,-0.5577254,-0.656696,-0.000285574,0.0891496,-0.02469941,-0.3934554,-0.3154797,-0.5305071,-0.6813425,-0.021273,0.1585716,0.0505163,-0.4029136,-0.2995036,-0.5109674,-0.697761,0.005838177,-0.1248129,-0.1150422,-0.4137077,-0.294706,-0.4990701,-0.702085,-0.05553334,-0.04028837,-0.0007411249,-0.4193934,-0.2921857,-0.4912875,-0.7052469,0.0006953888,0.1467782,0.03886053,-0.4163773,-0.2820053,-0.4889089,-0.712791,-0.01844739,-0.01628802,0.004317799,-0.4181207,-0.2798434,-0.4883834,-0.7129827,-0.09177797,-0.07336853,-0.08709326,-0.4203929,-0.2767868,-0.4871485,-0.7136842
0,1,0,-0.005927095,-0.3677382,0.1114107,0.4612436,-0.4640857,-0.5432165,0.5261127,-0.01251891,-0.1524125,0.00596024,0.4477867,-0.4423904,-0.5615893,0.5370243,0.04576106,0.1070355,-0.06048091,0.4261259,-0.4173927,-0.5838186,0.5507775,0.025045,0.252445,-0.05337375,0.4183422,-0.4198542,-0.5892712,0.5490643,-0.01564713,0.2745219,-0.0494834,0.4225283,-0.4389534,-0.5853035,0.5349856,0.03678601,0.3120103,-0.0343444,0.4359379,-0.4625822,-0.5740586,0.516171,-0.1044701,0.2825194,0.1152021,0.4525656,-0.4833415,-0.5583276,0.4998356,0.03222243,0.4500115,0.2350343,0.4625076,-0.488749,-0.5477341,0.4971905,0.05617596,0.3451089,0.1496084,0.4609778,-0.4774483,-0.5484705,0.5086479,0.06299186,0.2188763,-0.1163961,0.4470179,-0.4659384,-0.558249,0.5209937,-0.006785567,0.07288221,-0.1817843,0.4279891,-0.4620366,-0.5672976,0.5305855,0.1140081,-0.04312936,-0.2202279,0.4135513,-0.4574637,-0.5733998,0.5393652,0.03170375,-0.2382612,-0.1598304,0.4132931,-0.4587193,-0.56881,0.543342,-0.01164666,-0.1425832,0.000465075,0.4257833,-0.4641045,-0.555846,0.542541,0.007649794,-0.1906627,-0.000749087,0.4423112,-0.4704601,-0.5419446,0.5378886,-0.1273136,-0.243118,0.1473801,-0.4613964,0.4785645,0.527455,-0.5290373,0.007287386,-0.5606672,0.1764351,0.482738,-0.4898343,-0.513758,0.5129123,-0.01404391,-0.5376182,0.2367048,-0.4915358,0.4914087,0.5074704,-0.5092974,-0.04476165,-0.286174,0.1378531,0.4709923,-0.4681705,-0.5299825,0.527353,-0.05894056,-0.1796699,0.05472831,0.4470329,-0.4460298,-0.5554366,0.5410261,-0.04065912,0.04221912,-0.01790634,0.4213457,-0.4239902,-0.5799738,0.5534713,0.05913542,0.186328,-0.06915594,0.4076197,-0.4158842,-0.5918677,0.5572962,0.07792096,0.2378026,-0.007954839,0.4034771,-0.4248753,-0.5948515,0.550308,-0.07031399,0.2996732,-0.0009833446,0.4128458,-0.4484716,-0.5882143,0.5314465,0.0547015,0.3591487,-0.05487948,0.4355527,-0.4761838,-0.5730699,0.5051075,0.03397804,0.4568378,0.06589992,0.4556751,-0.4923988,-0.5556441,0.4910838,0.05007498,0.2782843,0.1960192,0.454997,-0.4842273,-0.5560147,0.4993488,0.05845638,0.2078826,0.1281637,0.440363,-0.4747606,-0.5649214,0.5114161,0.01140841,-0.05519226,0.02320348,0.4251929,-0.4715422,-0.5764716,0.5143341,-0.1314263,0.09547936,-0.3243009,0.4067704,-0.4675154,-0.5856978,0.5224224
0,1,0,-0.03954426,-0.3742775,-0.05488093,0.500002,-0.4405477,-0.5522459,0.5009392,-0.0006820711,-0.5211336,0.08662795,0.5148603,-0.4414768,-0.5418278,0.4964268,-0.02556004,-0.3982293,0.2420536,0.5193666,-0.4355123,-0.5396786,0.499334,0.03393653,-0.2682522,0.07788139,0.5066549,-0.4149986,-0.5543318,0.5136079,0.122768,-0.2427931,-0.0351762,0.4847201,-0.3869921,-0.576445,0.5319725,0.05367767,-0.08812772,-0.05470731,0.4510077,-0.3502975,-0.6037357,0.5562255,0.1185071,0.0711933,-0.05507114,0.4331048,-0.3324302,-0.6155023,0.5683901,0.1344995,0.2573862,0.08574978,0.4256421,-0.3333024,-0.6170527,0.5718254,-0.008723983,0.2765424,0.05452516,0.4287085,-0.3523563,-0.6083374,0.5674324,-0.002143923,0.3333549,-0.007892552,0.4427753,-0.3793699,-0.5927049,0.5556341,-0.00733672,0.2626859,0.02202325,0.4705386,-0.4176485,-0.5658987,0.5328432,-0.003177824,0.2776325,0.1756798,0.4819786,-0.4331399,-0.5537357,0.5229371,-0.07580731,0.3030447,0.2623762,0.4720966,-0.426562,-0.5640843,0.5262874,-0.07270243,0.3119746,0.2068997,0.4546584,-0.4057511,-0.5846388,0.535583,-0.04672804,0.2030036,-0.1058671,0.4464377,-0.3871133,-0.598544,0.5409082,0.2276274,0.09097271,-0.417913,0.4257252,-0.3764202,-0.6155032,0.5460968,-0.08574475,0.03719958,-0.09117217,0.4107163,-0.3811817,-0.6282135,0.539778,-0.1191643,-0.02681217,-0.2193216,0.4139333,-0.3900266,-0.6266599,0.5327625,-0.06863656,-0.07111084,-0.2311678,0.4238546,-0.3991535,-0.6205132,0.5253447,-0.2335337,0.1510255,0.06481171,0.4494185,-0.3983784,-0.6025512,0.5255946,0.1252955,-0.1918452,-0.1329497,0.4861414,-0.3949762,-0.5810282,0.5196794,-0.06593074,-0.3207541,0.173948,0.5032349,-0.4125696,-0.5631832,0.5092795,-0.105266,-0.3569159,0.1606633,0.5035827,-0.4222029,-0.5603828,0.5041033,0.05727648,-0.2275277,0.2087731,0.4886108,-0.4140978,-0.5745682,0.5095625,-0.04338289,-0.1032372,0.2248334,0.4613045,-0.3958808,-0.5981743,0.5221724,-0.06333121,-0.08587858,-0.08711869,0.4309406,-0.3685437,-0.6237218,0.5379933,0.02052009,0.1049369,-0.147866,0.4117368,-0.35384,-0.6402802,0.5434256,0.05395787,0.1806119,-0.07407928,0.40695,-0.3510334,-0.6438974,0.5445763,0.03495427,0.1882245,0.00611693,0.4184299,-0.3514057,-0.6348391,0.5462689,0.01246587,0.211322,0.02508065,0.4482187,-0.3636984,-0.6092029,0.5437787
1,0,0,0.01239896,-0.1382582,0.1950655,0.008368939,-0.9984224,-0.01030232,-0.05455735,-0.08916303,0.02715899,0.3306485,0.01134843,-0.9982355,-0.04430189,-0.0378731,0.1159646,0.1671078,0.4936375,0.01437858,-0.9944029,-0.09058105,-0.05245244,0.08275514,0.09017235,0.4087884,0.01787597,-0.9935443,-0.09720697,-0.05568627,-0.05758794,-0.008326045,0.01634151,0.01284072,-0.996822,-0.07315519,-0.02879566,-0.043554,-0.05206763,-0.3074903,0.008110702,-0.9978728,-0.06298722,-0.01472162,0.03989812,-0.08303585,-0.4235544,0.004564971,-0.996874,-0.07343552,-0.02878566,-0.007663132,0.0919875,-0.5041913,0.001086473,-0.9947074,-0.09190952,-0.04591992,-0.04660482,0.06680465,-0.2422726,0.003919214,-0.9961109,-0.07873689,-0.03934593,-0.05324219,-0.105671,-0.06199872,0.004575312,-0.9992672,-0.02677719,-0.02696702,0.05113548,-0.0654127,0.1478686,0.006361037,-0.9996548,-0.01669034,-0.0192705,0.03715719,-0.09410232,0.578117,0.007236212,-0.9972426,-0.07125413,-0.01943286,0.03793243,0.1598353,0.6900788,0.007021219,-0.9940436,-0.1080157,-0.01267419,-0.04071928,0.1163655,0.2438803,0.007067084,-0.9942485,-0.1064187,-0.009745538,0.0003020788,-0.08839674,-0.1079604,0.00848192,-0.9971952,-0.07288525,-0.01474798,-0.01101743,-0.1376118,-0.3235656,0.002169937,-0.9971896,-0.07130165,-0.02289487,-0.009764722,0.07701579,-0.569394,-0.007573843,-0.9949349,-0.09636965,-0.02756723,-0.01774967,0.1555748,-0.4300397,-0.005588859,-0.9947067,-0.09892815,-0.02721202,-0.0344396,-0.1535435,0.009269652,-0.003244877,-0.9992435,-0.03234794,-0.02133968,0.007600699,-0.1207417,0.09854899,-0.001244366,-0.9996346,-0.006316299,-0.02625246,-0.00201403,0.08512352,0.3263543,-0.0003396273,-0.9980869,-0.05661465,-0.02484129,0.09509866,0.152443,0.5199221,0.00005784631,-0.9958149,-0.08682454,-0.02853132,0.09384358,0.05333434,0.3326278,0.002040118,-0.9963614,-0.07540467,-0.03967235,-0.03584241,0.004062146,0.07489105,-0.0002610385,-0.9971318,-0.06864629,-0.03187206,-0.07432401,-0.04183054,-0.115912,-0.004891634,-0.9967207,-0.07777709,-0.0217874,-0.02676145,0.02838464,-0.4539033,-0.008964419,-0.9938201,-0.1080362,-0.02386574,0.004455349,0.1838786,-0.4687382,-0.006643564,-0.9912511,-0.1272885,-0.03427501,0.00004334209,-0.009236819,-0.205908,-0.002903193,-0.9958456,-0.08544411,-0.03134599,-0.01116832,-0.1945729,0.02176696,0.001502573,-0.9989209,-0.03516982,-0.0302972,-0.0147788,-0.1062112,0.3853517,0.002397865,-0.9987694,-0.02548931,-0.04247481
0,0,1,0.02555838,-0.01722646,-0.021313,-0.4406646,-0.05781987,-0.128588,-0.8865307,0.02280844,-0.003422001,-0.01325715,-0.4212482,-0.05758741,-0.1214542,-0.8969294,0.02074328,0.05404566,0.004739027,-0.3865785,-0.05688794,-0.1135208,-0.9134734,0.04653835,0.0110276,0.01356722,-0.3605777,-0.05640602,-0.106882,-0.9248667,-0.03020308,-0.01064809,-0.003316682,-0.3340474,-0.05245575,-0.09460157,-0.9363286,0.0129302,-0.02800418,0.007858685,-0.3074623,-0.0490059,-0.08446151,-0.9465366,0.01086904,-0.0339042,0.07091692,-0.279814,-0.04907154,-0.06879854,-0.9563278,-0.01650821,0.02511145,-0.009988897,-0.2647978,-0.04062237,-0.05024907,-0.9621366,-0.02774437,-0.05961596,0.0278534,-0.2394391,-0.03059329,-0.04419571,-0.9694223,-0.01635399,0.02003585,0.1051176,-0.2070733,-0.0266123,-0.04532954,-0.9769123,-0.03099838,0.02002253,0.01630212,-0.177103,-0.02584604,-0.04674825,-0.9827416,-0.03470359,-0.01977464,0.003333554,-0.1523745,-0.0242346,-0.05073625,-0.9867221,-0.04239229,0.01469938,0.002735578,-0.1296422,-0.02204731,-0.05416608,-0.9898348,0.00887575,-0.006902059,-0.031316,-0.1142064,-0.02264277,-0.06290984,-0.9912046,0.003810977,-0.01356914,0.05350462,-0.1031535,-0.02887429,-0.06942472,-0.9918194,0.04956387,-0.01343218,0.01037361,-0.09493758,-0.03880771,-0.07122335,-0.9921733,0.007872537,-0.01528726,-0.01728763,-0.09399541,-0.04061075,-0.0671269,-0.9924765,-0.01464117,0.003235833,-0.003996395,-0.09321205,-0.03674059,-0.06260961,-0.9929963,-0.02146281,0.02059562,0.01828442,-0.09506026,-0.03491902,-0.06365418,-0.9928204,-0.008014469,-0.00396192,-0.01015509,-0.09938851,-0.03392843,-0.06543246,-0.9923152,-0.01978193,0.01422294,-0.01164571,-0.1010334,-0.0320837,-0.06964502,-0.9919236,0.003011901,0.0103934,0.009259539,-0.1022453,-0.03461499,-0.07484069,-0.9913357,0.0154674,0.0007772524,0.01776025,-0.1034842,-0.03807804,-0.08131698,-0.9905698,0.004881847,0.004298082,-0.02046889,-0.1049018,-0.03701745,-0.08445027,-0.9901987,0.005293175,-0.01664519,-0.003172804,-0.1048028,-0.03482632,-0.09082198,-0.9897246,-0.002827909,-0.0102609,0.002396086,-0.1049345,-0.03372959,-0.0948227,-0.9893734,0.03197927,0.004659649,0.002386362,-0.1040838,-0.03413398,-0.09466788,-0.9894642,0.006702768,-0.02778304,-0.01839732,-0.1020161,-0.03007017,-0.09091222,-0.9901633,-0.06358399,0.03167375,0.002870655,-0.09792773,-0.0245647,-0.08802831,-0.9909883,-0.02433015,0.0002660698,-0.001841774,-0.09924687,-0.0264502,-0.09087035,-0.9905518
1,0,0,-0.01134489,0.004194671,-0.3421248,-0.8415704,-0.5316656,-0.007087536,-0.0950829,0.0302241,0.03698711,-0.4327278,-0.8424548,-0.5317706,0.0008333549,-0.08654027,-0.0417154,-0.09530706,-0.1388606,-0.8396187,-0.5392504,0.01419859,-0.06362244,-0.08170728,-0.08972031,-0.07007145,-0.8391718,-0.5414621,0.01541955,-0.04869978,0.03804364,-0.02236092,0.08591194,-0.8371897,-0.5424948,0.01619777,-0.067458,0.08539124,0.06467463,0.1828704,-0.8367105,-0.5390717,0.01119647,-0.0958735,-0.005725739,0.01001559,0.4701786,-0.8369894,-0.5368446,0.004327685,-0.1059618,0.01765398,0.02164704,0.3347836,-0.8391194,-0.5334848,0.008370936,-0.1058421,-0.0076497,-0.008662449,0.1912412,-0.8403125,-0.5324005,0.007994328,-0.1017876,-0.07492219,0.02044615,-0.1009102,-0.8386596,-0.5339632,-0.01134462,-0.1067922,0.0581709,0.04477508,-0.2067623,-0.839444,-0.5295908,-0.006357517,-0.1217663,-0.01929107,0.07634721,-0.4769009,-0.8429847,-0.5244745,0.00339571,-0.1195482,-0.05880652,-0.003625322,-0.4278174,-0.8453121,-0.5267304,0.006196812,-0.08924124,-0.04624574,-0.1549273,-0.1847547,-0.8443466,-0.5334768,0.02569491,-0.04267278,0.03801456,-0.1072257,0.03065316,-0.8388603,-0.5424188,0.02949781,-0.03500046,0.04146032,0.02322109,0.3039024,-0.8326384,-0.5457617,0.00884705,-0.09369707,-0.05034664,0.1192956,0.2713996,-0.8286818,-0.5427312,-0.01221431,-0.1363087,-0.00678383,-0.03536068,0.350023,-0.8276618,-0.5455135,-0.006035358,-0.1317365,0.08922099,-0.07702855,0.2360616,-0.8351725,-0.538587,0.02353165,-0.1088908,0.005766546,-0.06879301,0.1169334,-0.8377982,-0.5359133,0.02774822,-0.1006045,-0.1147128,0.02526544,-0.1051721,-0.83654,-0.5361423,0.005061936,-0.1128118,-0.02223539,0.07356121,-0.190123,-0.8348181,-0.5325347,-0.01329777,-0.1389556,0.04197953,0.1119412,-0.4005965,-0.8395197,-0.5272159,-0.008967046,-0.1310335,0.01388221,-0.05842752,-0.2697353,-0.8398118,-0.5347961,0.01677207,-0.09180391,-0.1179451,-0.1603447,-0.1761,-0.840449,-0.5400648,0.02593066,-0.036097,0.01463294,-0.1168598,-0.03993079,-0.8373468,-0.5453292,0.02515383,-0.02887247,0.1423359,0.03340199,0.3230577,-0.8334125,-0.5452045,0.01401652,-0.08932589,-0.08318763,0.1017217,0.3349739,-0.8280101,-0.5459561,-0.0228667,-0.1257309,0.04205539,0.07244089,0.3951105,-0.8324512,-0.540983,-0.01303252,-0.1191322,0.1203824,-0.04257382,0.1875196,-0.8358443,-0.5397972,0.01870293,-0.09814961
0,1,0,0.05971666,-0.01137993,-0.007437846,-0.1279361,-0.6046039,-0.7343845,-0.2806523,-0.01502814,0.02694311,0.004366848,-0.1318644,-0.6031246,-0.7328475,-0.2859845,0.0801822,0.01862094,-0.04517082,-0.1065168,-0.6048391,-0.7391253,-0.2766181,0.06414448,-0.1639736,-0.08208989,-0.08745733,-0.6001935,-0.7488065,-0.2672223,-0.03649267,-0.1839579,0.1580844,-0.09912056,-0.6167701,-0.7333116,-0.2683725,-0.02336465,-0.1396855,0.1477755,-0.1334988,-0.6382374,-0.7074382,-0.2726943,0.1362324,-0.177784,0.2086087,-0.1287453,-0.6687284,-0.6846378,-0.259804,0.005281633,-0.1944696,0.1859902,-0.1071282,-0.6917757,-0.6709431,-0.2445513,-0.01263256,0.01744906,0.3073883,-0.1423116,-0.7153691,-0.6412749,-0.2382456,0.00810116,0.05536789,0.155152,-0.1411563,-0.7428564,-0.613258,-0.2283722,-0.1015413,-0.07379624,0.2051952,-0.1594813,-0.7635069,-0.5851357,-0.2218989,-0.09215268,0.03358965,0.1258182,-0.1985974,-0.7696037,-0.5668857,-0.2165864,0.02485525,0.00163736,0.1539266,-0.1919952,-0.7832253,-0.5560962,-0.2011293,-0.04478431,0.0439089,0.09201758,-0.1837658,-0.7967609,-0.543535,-0.1896627,0.1458551,0.0603708,-0.03970357,-0.1505316,-0.8059671,-0.5445982,-0.1765505,0.02536186,0.05547165,-0.02379236,-0.108099,-0.8103062,-0.5511473,-0.1671979,0.0177528,0.04072131,-0.03160755,-0.1018132,-0.8102657,-0.5527924,-0.1659041,-0.02822436,0.002530677,0.003470017,-0.1020136,-0.8094515,-0.5532963,-0.1680616,-0.08570605,-0.01107272,0.02200217,-0.1355285,-0.8072801,-0.5468723,-0.1756743,-0.04912387,-0.01358385,0.00656072,-0.1640764,-0.8032614,-0.5423405,-0.1836215,-0.05912575,0.01454048,0.009191149,-0.1939855,-0.7996931,-0.5326355,-0.1978889,0.06692191,-0.002009235,-0.01827975,-0.2120226,-0.7945884,-0.5282617,-0.211223,0.03020312,-0.1966216,-0.1902571,-0.2073603,-0.7801194,-0.5456329,-0.225167,0.04481747,0.0695328,-0.05335822,-0.2058327,-0.766822,-0.5575185,-0.2424663,-0.01955754,0.2813974,-0.1428051,-0.1952017,-0.7663468,-0.5591666,-0.2488807,0.04757847,0.2899335,-0.2839419,-0.1607571,-0.7634023,-0.5782513,-0.2387456,0.0122367,0.1793197,0.1249815,-0.08239377,-0.7678691,-0.5959551,-0.2200587,-0.1399923,-0.3503153,0.05623971,-0.1666479,-0.7571089,-0.5904591,-0.2244383,0.186026,-0.1323021,0.01142108,-0.1277855,-0.7605633,-0.6028239,-0.2044936,-0.1602793,0.02130095,0.1594504,-0.1208355,-0.773191,-0.5918563,-0.1930816
1,0,0,-0.04680841,0.09037294,-0.1920426,-0.02934076,-0.02073403,0.4544013,-0.8900723,-0.03318346,0.1339112,-0.1506675,0.0006832643,-0.01613789,0.4624417,-0.8865026,0.01063348,0.191019,-0.1214017,0.02820466,-0.0326943,0.4905649,-0.8703341,-0.03888846,0.05386142,-0.09850094,0.0442685,-0.03786313,0.4953559,-0.8667348,0.0199792,0.1463844,-0.2792571,0.05133241,-0.04552348,0.4991215,-0.8638115,-0.003922503,0.1137185,-0.162737,0.06994654,-0.05082057,0.5126982,-0.8542045,0.03765291,0.005520412,0.1046981,0.07072785,-0.05940368,0.5225816,-0.8475714,0.01274947,-0.04770623,0.1549997,0.07058289,-0.06209531,0.5352684,-0.8394343,-0.02334875,-0.1440002,0.1671433,0.06086882,-0.05733746,0.5347705,-0.8408495,0.0861119,-0.2383585,0.2607245,0.03693026,-0.05248913,0.5274931,-0.8471316,0.09315184,-0.3573411,0.4151028,-0.01875262,-0.03918553,0.477357,-0.877635,0.04773876,-0.06856278,0.03922375,-0.06940613,-0.03443331,0.4373936,-0.8959264,-0.1017176,0.06777404,-0.2563808,-0.04707581,-0.02282118,0.4471484,-0.8929285,-0.1073732,0.1028921,-0.2450758,-0.01894132,-0.01583005,0.4591206,-0.8880309,0.09202267,0.1038167,-0.1678884,-0.006687618,-0.02542662,0.473034,-0.8806517,0.0001364446,0.1594,-0.07319884,0.01299456,-0.04028223,0.4914648,-0.8698682,-0.01198728,0.1204986,-0.09905623,0.03223091,-0.0510637,0.5050437,-0.8609788,-0.04410036,0.06526674,-0.1460317,0.04803297,-0.05014989,0.4962146,-0.8654183,0.02656148,0.08289526,-0.1441961,0.05246566,-0.05263242,0.4920056,-0.8674144,-0.03325417,0.09615856,-0.04908063,0.0665172,-0.05785287,0.502104,-0.8603023,0.02226608,0.02322798,0.06086423,0.06932627,-0.06648383,0.5160434,-0.8511598,0.03552051,-0.1027689,0.1558834,0.06132383,-0.07102064,0.5280004,-0.8440444,-0.0142075,-0.1488996,0.1258583,0.04811657,-0.06400111,0.5232457,-0.8484118,-0.001805471,-0.1689648,0.2087707,0.03069881,-0.05185358,0.5162964,-0.8542873,0.01611621,-0.1935652,0.3636438,0.005198514,-0.03764843,0.503504,-0.8631566,0.08550093,-0.2745023,0.1028132,-0.05776098,-0.02029974,0.4369477,-0.8974009,-0.2043231,0.1170167,-0.03643638,-0.04818451,-0.01707735,0.4427015,-0.8952106,0.1001059,0.1281529,-0.254588,-0.02714958,-0.01225632,0.4468057,-0.8941349,0.06351259,0.09146985,-0.187476,-0.01924739,-0.04975713,0.4960889,-0.8666312,-0.1203207,-0.006395715,-0.07607631,-0.002086429,-0.03264168,0.4743484,-0.8797293
0,0,1,0.06447467,-0.03716166,-0.08023142,-0.3331499,-0.6943436,-0.5521907,-0.3193485,0.05358899,-0.0284647,0.09995651,-0.2974396,-0.7041357,-0.5700762,-0.3012238,0.01079157,-0.1209668,0.08151916,-0.2722485,-0.7174149,-0.5784617,-0.2767283,-0.06071381,0.1000212,0.1489388,-0.267674,-0.7183444,-0.5873318,-0.2595635,-0.06577184,-0.02102748,0.03897415,-0.2641852,-0.7243232,-0.5926928,-0.2329752,-0.06529415,-0.02805665,0.00636868,-0.2592291,-0.7284004,-0.5989689,-0.2084929,-0.03950096,0.04409678,-0.003624799,-0.2535449,-0.7308629,-0.6051542,-0.1879969,-0.02037001,0.02044867,0.01486268,-0.2443638,-0.7302253,-0.6144936,-0.171624,-0.007839916,0.01434025,0.0004739975,-0.2310158,-0.7305292,-0.6236917,-0.154814,-0.03565833,0.02549971,0.03942641,-0.2206558,-0.7335281,-0.6266756,-0.143266,-0.03296498,0.01537652,-0.000213325,-0.2086375,-0.7377384,-0.6275516,-0.1356156,-0.05281608,0.02314078,-0.01900551,-0.1975439,-0.742295,-0.6267529,-0.1309787,-0.07203098,-0.01126187,-0.02555739,-0.1911233,-0.7470995,-0.6230031,-0.1310777,-0.05215041,-0.02174128,-0.05639503,-0.1766187,-0.7510757,-0.622488,-0.1311483,-0.03578877,0.02328246,-0.007744808,-0.1702015,-0.7524904,-0.6226621,-0.1306962,-0.0390395,-0.04147255,0.04848818,-0.1642542,-0.7519236,-0.6254091,-0.1284319,0.03082307,0.06223416,0.08140536,-0.1520966,-0.7484441,-0.6337066,-0.1229388,0.1137695,0.0192037,0.07082374,-0.132446,-0.7506939,-0.6370528,-0.1143698,0.09702131,-0.001854611,0.04517525,-0.1139068,-0.7526593,-0.639335,-0.1085356,0.04590878,0.03417508,0.03483532,-0.08906329,-0.7545663,-0.6416718,-0.1046653,0.0027772,0.006781764,0.01740842,-0.05342677,-0.7568588,-0.6452361,-0.08933431,0.04144779,0.001733343,-0.006448265,-0.02431229,-0.7578561,-0.6479988,-0.07183698,0.01410423,0.01943816,-0.05313705,0.001250744,-0.7603828,-0.6473424,-0.05257428,0.02921271,0.003490512,-0.04765445,0.02210793,-0.7633379,-0.6450577,-0.02696431,0.05611637,-0.03017081,-0.09348014,0.04226944,-0.7650119,-0.6426257,0.001489252,0.04969642,-0.07671386,-0.08266968,0.06417543,-0.7620462,-0.6437852,0.0266037,0.1058918,-0.09181459,0.01670901,0.09361929,-0.7571962,-0.6450605,0.04226214,-0.00629141,-0.04012431,0.0168168,0.1105129,-0.7567705,-0.6423137,0.05018425,-0.01698262,0.06735785,0.1378739,0.1113725,-0.7548809,-0.6435801,0.0596295,-0.04661024,-0.0000275211,0.08831662,0.1118664,-0.7566137,-0.6401807,0.07204273
0,0,1,0.01195352,-0.004358618,0.003690843,0.1092243,-0.06174561,0.7676104,0.6285155,-0.01605428,-0.01643604,0.0007384019,0.1113038,-0.06145776,0.7676114,0.6281776,0.02941571,-0.01128516,-0.02410022,0.1112494,-0.06343941,0.7681113,0.6273786,-0.006771626,-0.00920057,-0.003202075,0.1118982,-0.06466486,0.7680113,0.6272606,-0.004244109,-0.02147372,0.01136048,0.1121673,-0.06446087,0.7679762,0.6272766,-0.01201731,0.01945512,0.01161799,0.1117351,-0.06664377,0.7667299,0.6286487,0.004329736,0.03403044,-0.01836222,0.1118935,-0.06643445,0.7658253,0.6297444,0.009611283,-0.02424815,0.03472016,0.1117444,-0.06153738,0.7674524,0.6282859,0.0174072,0.009995391,0.002738107,0.1098004,-0.06061002,0.7679392,0.6281239,-0.02844415,0.01166323,-0.01096225,0.110265,-0.05887582,0.7684016,0.6276419,-0.009424422,-0.02768162,0.005428465,0.1099379,-0.05557615,0.768391,0.628013,0.002662813,-0.0108535,0.02571259,0.1071092,-0.05451917,0.7687014,0.6282144,-0.00927731,-0.002853777,0.02626709,0.1048557,-0.05485125,0.7684059,0.6289269,0.0161896,-0.0008489725,0.01890087,0.1058355,-0.05631912,0.7678991,0.6292519,-0.006985838,0.001192971,-0.02246442,0.1078757,-0.05897724,0.7678242,0.6287531,-0.004211166,-0.0164227,-0.02905703,0.110183,-0.06095886,0.7679256,0.6280398,0.002767451,0.006947313,0.01176765,0.1103185,-0.06171767,0.7679033,0.6279691,0.004120969,0.02574393,0.01957752,0.1102218,-0.06236023,0.7686636,0.6269917,-0.006500767,-0.003988688,0.01193142,0.11017,-0.06354703,0.7685719,0.6269941,-0.01449621,-0.003167799,0.01248262,0.1103128,-0.06549509,0.7671722,0.628481,-0.006810695,-0.01894342,0.02266941,0.1110564,-0.06592286,0.7666653,0.6289236,-0.00776224,-0.00699405,-0.01009898,0.1109319,-0.06594827,0.7661943,0.6295167,0.001202152,-0.02155495,-0.01550226,0.1099531,-0.0643165,0.7669567,0.6289285,0.003967075,0.01199406,0.01770881,0.1081293,-0.06335624,0.7660085,0.6304958,0.0190024,-0.003910118,0.002360688,0.1064853,-0.06127055,0.7662179,0.6307272,0.001105925,0.007842031,-0.002874448,0.107382,-0.05895325,0.766929,0.6299314,-0.003669497,-0.002535154,0.005121745,0.1094668,-0.05823183,0.7673783,0.6290919,0.01479536,0.01411476,-0.02043534,0.1080745,-0.05862119,0.7669442,0.6298254,0.006223416,-0.0005210502,-0.002636969,0.1074896,-0.05909476,0.7669377,0.6298891,0.0004826404,-0.01771648,-0.007554883,0.1086672,-0.05890529,0.7673439,0.6292098
1,0,0,-0.09311029,-0.009911641,-0.0104011,0.085294,0.030465,-0.843017,0.5302067,-0.06401778,-0.007158407,0.02649223,0.081317,0.033762,-0.844666,0.5280029,-0.01271586,-0.03898375,-0.05287228,0.079531,0.033377,-0.84663,0.5251461,-0.1322878,0.01374577,-0.008698179,0.08042,0.029755,-0.844568,0.5285378,-0.07050318,-0.001713123,0.05033319,0.080721,0.028572,-0.843886,0.5296453,-0.07458204,-0.02887836,0.07959904,0.079522,0.029554,-0.844731,0.5284244,-0.0988003,-0.001325631,0.1126786,0.081059,0.032972,-0.845409,0.5269023,-0.1455747,-0.07573432,0.03319176,0.086801,0.036992,-0.843869,0.5281878,0.01590757,0.02770569,-0.05580907,0.088939,0.037943,-0.842628,0.5297436,-0.014378,-0.02629848,-0.0761626,0.096291,0.036231,-0.840094,0.532595,-0.0100748,-0.01829371,-0.06813743,0.104979,0.039353,-0.839147,0.5322247,-0.03394635,-0.075459,-0.04812041,0.115998,0.040078,-0.837208,0.5329362,-0.009932036,-0.04103338,-0.01995585,0.122327,0.038954,-0.83475,0.5354541,-0.01818154,-0.0546058,-0.05298445,0.125538,0.041652,-0.835319,0.5336174,-0.01774306,-0.04053372,-0.08790974,0.129793,0.045965,-0.835131,0.5325385,0.03595519,-0.01092116,-0.1201022,0.130391,0.045274,-0.835448,0.531954,0.04307281,-0.1103639,-0.1358364,0.131223,0.041268,-0.833526,0.5350811,-0.02618631,0.007321562,-0.06420133,0.128288,0.04054,-0.832645,0.537216,-0.03661801,-0.04414351,0.005251538,0.125442,0.040473,-0.834126,0.5355932,0.04002386,-0.05823599,-0.01726379,0.119566,0.036592,-0.835614,0.5348964,0.01340927,-0.0004180836,-0.04738621,0.112135,0.03349,-0.83758,0.5336327,-0.04067648,-0.03059148,0.02277026,0.105821,0.030231,-0.83812,0.5342686,-0.02868461,-0.01997624,0.0004384779,0.100955,0.032963,-0.840085,0.5319575,-0.08240326,0.04997629,0.03210067,0.102691,0.030013,-0.839592,0.5325778,-0.06465001,0.005404496,0.01467372,0.10268,0.024839,-0.83774,0.5357533,-0.08253583,-0.06257998,-0.05195454,0.102064,0.02377,-0.838174,0.5352404,-0.1139737,-0.007362351,-0.03007143,0.100143,0.022557,-0.837712,0.5363778,-0.05528901,0.01091096,0.0197519,0.096554,0.017292,-0.837285,0.537896,-0.08955148,-0.0197417,0.03104016,0.093624,0.014592,-0.837723,0.5378121,-0.07932372,-0.03101977,0.07822242,0.09073,0.012365,-0.837702,0.5383963
1,0,0,-0.05360599,-0.02263388,-0.3795659,-0.8022933,-0.594115,-0.006693427,-0.0575151,0.0468598,-0.1205665,-0.245246,-0.8016089,-0.5971206,0.01930961,-0.02229971,-0.00902508,-0.01946321,0.07750399,0.7990319,0.6002719,-0.03363856,0.00948961,-0.001474093,0.2183338,0.1775682,0.8017901,0.5967741,-0.03143059,0.002313308,0.03518116,-0.02298684,0.2590149,0.8013487,0.5959624,-0.04688956,-0.02168744,-0.05321641,0.04017857,0.3139513,0.7988006,0.5996631,-0.04383045,-0.0200122,0.09187935,0.07230492,0.2790606,0.8009671,0.5976858,-0.03497449,0.0002944861,-0.07875262,0.09980774,0.05943547,-0.8024451,-0.5958105,0.01962847,-0.02657683,-0.01559729,0.05097012,-0.1032313,-0.8033465,-0.5940077,0.00670871,-0.04176479,0.03498676,-0.04690389,-0.2902316,-0.8019589,-0.5955084,-0.003328357,-0.04712436,-0.004727825,0.0256667,-0.4383388,-0.8006148,-0.5962343,-0.007535541,-0.05885366,-0.06691451,-0.06277195,-0.3296645,-0.8011309,-0.5971566,0.007889452,-0.0391261,-0.009927751,-0.1275283,-0.1695685,0.8002635,0.5987695,-0.03095283,0.009770202,0.04925339,-0.006141357,0.1700574,0.7975647,0.6019327,-0.0319683,0.02335737,-0.08122981,0.2452257,0.175199,-0.7981794,-0.6012321,0.008965085,-0.03673279,-0.004702675,-0.1306835,0.406954,0.7982076,0.6016862,-0.02650448,0.011658,0.1047232,0.0529277,0.4063184,0.7977963,0.601993,-0.0265569,0.02049749,-0.03811169,0.08187962,0.2202476,-0.7994275,-0.59914,0.018686,-0.03996968,-0.01495827,0.01732918,-0.01331243,-0.8006157,-0.5969213,0.01146445,-0.0506762,0.005934979,0.001524322,-0.2524767,-0.7983826,-0.5986652,-0.008329852,-0.06415483,-0.02811535,0.009110712,-0.2537106,-0.797439,-0.5972723,-0.02197974,-0.08290757,0.000392978,0.03263174,-0.4389795,-0.8012598,-0.5938667,-0.01864158,-0.07041052,-0.001238589,-0.0885016,-0.247769,-0.8005252,-0.5979751,0.01253232,-0.03779114,-0.006663097,-0.1359202,0.0101159,0.7992847,0.6000115,-0.03228364,0.009378615,0.001491889,0.0444563,0.2480784,0.7985417,0.6004301,-0.03934715,0.01632791,-0.07293127,0.1498003,0.3036742,0.8034511,0.5939172,-0.04147007,0.002973184,0.07314993,-0.03933615,0.1953809,0.8008568,0.5964042,-0.04490378,-0.03023285,0.00838716,0.0706025,0.3807028,0.800697,0.5974163,-0.03922337,-0.02096707,-0.03285152,0.005820258,0.1646227,0.8018516,0.5966748,-0.03174362,-0.002324278,-0.02249315,0.07860388,0.0240234,-0.804054,-0.5936816,0.01600009,-0.02798538
1,0,0,-0.07400897,0.01795562,-0.4508756,0.5700274,-0.8165697,-0.09092242,-0.003968865,-0.03529171,-0.1339122,-0.358881,0.5691388,-0.8195277,-0.0432059,-0.0508773,-0.02880839,-0.2113484,-0.204195,0.5686763,-0.8183987,-0.000763014,-0.08264594,-0.03251883,-0.1262429,0.1750491,0.572363,-0.8172619,-0.01955369,-0.06404157,-0.04707373,0.04276849,0.2390723,0.580359,-0.8117225,-0.06390756,-0.01434855,0.07803616,0.2827489,0.3783566,0.5841559,-0.8031762,-0.1150145,0.02101434,0.08475516,0.05754015,0.5442952,0.5906933,-0.8020195,-0.08840544,0.005524822,-0.0121441,-0.08857986,0.2845916,0.587016,-0.8072175,-0.05244256,-0.03258429,-0.03088587,0.01100868,0.02260932,0.5827859,-0.8088862,-0.0749083,-0.02126885,-0.01704481,0.1321089,-0.130203,0.5791166,-0.8072696,-0.1137398,0.001736976,-0.02376571,0.08572625,-0.2375517,0.5759863,-0.8086075,-0.1199602,0.00177699,-0.05105015,-0.0130902,-0.3948887,0.5718261,-0.8153985,-0.08842909,-0.01790361,-0.04236064,-0.1302331,-0.4523686,0.5724043,-0.8172643,-0.03440253,-0.05699871,-0.04537335,-0.1962766,-0.2854317,0.5709032,-0.8164271,-0.0004424714,-0.08669487,-0.03659869,-0.1221288,0.2621709,0.5736476,-0.8160893,-0.02936117,-0.06375343,-0.005243633,0.1041242,0.3517642,0.579711,-0.8086928,-0.09946604,-0.007585656,0.1205545,0.2830913,0.4792182,0.5850968,-0.8008947,-0.1271013,0.008647513,0.04530524,-0.01123774,0.459513,0.5917854,-0.8017346,-0.08087119,-0.0217132,0.04816616,-0.1027701,0.2646528,0.5882258,-0.805267,-0.0557182,-0.04930428,-0.0539719,0.02222045,0.01616247,0.5853038,-0.8066877,-0.07851171,-0.02258845,-0.05094233,0.1513943,-0.1894354,0.5843993,-0.8032804,-0.1127041,0.0227112,0.03141876,0.07881622,-0.2560211,0.5817568,-0.8055108,-0.1122666,0.01037601,-0.02172062,-0.03489314,-0.3883411,0.5763661,-0.8128972,-0.07825419,-0.02960679,-0.06430296,-0.1692583,-0.3665398,0.5736338,-0.8165596,-0.02143604,-0.06095193,-0.07654644,-0.2493944,-0.2438273,0.5703075,-0.815922,0.01288322,-0.09409879,-0.01277634,-0.1485786,0.2758751,0.5712913,-0.8175657,-0.01894826,-0.06966772,-0.01873252,0.1377968,0.1399049,0.578603,-0.8106592,-0.08885476,0.01245396,0.08973699,0.2145624,0.5339282,0.5852692,-0.7989178,-0.1351331,0.03048302,-0.0234548,0.03979196,0.4587778,0.5908641,-0.8010151,-0.09446592,0.01818301,0.03517126,-0.107705,0.2829623,0.5873254,-0.8077069,-0.04567726,-0.02391523
1,0,0,-0.03634093,0.007559089,-0.3134941,-0.8382907,-0.5347787,-0.01432667,-0.1052379,-0.02990791,-0.04262447,-0.4157601,-0.8411418,-0.5367581,0.002004914,-0.06608427,0.002068155,-0.1545725,-0.1910764,-0.8371855,-0.5449533,0.02638594,-0.03807923,0.02160347,-0.08511578,-0.0329449,-0.8349435,-0.5476084,0.0290318,-0.04638468,0.00322251,0.05878904,0.192366,-0.8335549,-0.5437975,0.01190785,-0.09658559,-0.01652819,0.101242,0.17866,-0.8306453,-0.5418859,-0.002046123,-0.1279995,0.0514888,0.07897825,0.3268069,-0.8360376,-0.5339944,0.0008849055,-0.1260569,0.05976487,-0.07547383,0.2791841,-0.8377757,-0.5380509,0.02216989,-0.09023042,0.01831348,-0.1007475,0.1453732,-0.8361381,-0.5421857,0.02206224,-0.08013076,-0.01778464,0.06548122,0.005098017,-0.8342988,-0.5396749,-0.01054386,-0.1121839,-0.0324024,0.1537381,-0.1828074,-0.8333196,-0.5335495,-0.03004971,-0.1414229,-0.02218495,0.0946238,-0.3235796,-0.8373188,-0.5301362,-0.03206839,-0.129709,-0.01005025,-0.00269753,-0.3642554,-0.8428684,-0.5312107,0.004097361,-0.08585568,-0.02277957,-0.2030703,-0.235514,0.8415202,0.538029,-0.04146738,0.02547663,-0.008214539,-0.1732422,-0.04579648,0.8372997,0.5438207,-0.05412599,0.01608077,0.01014354,-0.02106348,0.2115166,-0.8344634,-0.5470678,0.01892817,-0.06347831,0.005096042,0.1158283,0.2142285,-0.8281672,-0.5443422,-0.03126451,-0.1298202,0.05995673,0.1622726,0.3692051,-0.8352983,-0.5294808,-0.02537483,-0.1458866,-0.05847315,-0.0979989,0.3434067,-0.841262,-0.5340675,0.001273267,-0.08395515,0.01722091,-0.2098315,0.1989549,-0.8387824,-0.5411095,0.02759426,-0.05369562,0.03195503,-0.01905128,0.06441037,-0.8366473,-0.5403862,0.009583198,-0.08895105,-0.06462868,0.202324,-0.1419004,-0.8346705,-0.5318023,-0.03713479,-0.1383196,-0.05042557,0.1638573,-0.0802033,-0.8361724,-0.5267995,-0.05235286,-0.1433776,0.08551996,0.03566664,-0.3693972,-0.8431974,-0.5281752,-0.01826144,-0.09856744,0.04877077,-0.1588961,-0.2646987,-0.8419102,-0.5360221,0.03125228,-0.05376622,-0.1115631,-0.2326872,-0.165752,0.8424612,0.537151,-0.0409777,0.006988628,-0.07061486,-0.1553675,0.07294697,0.8379014,0.5447066,-0.03208038,0.01366758,0.07425463,0.02847278,0.1925849,-0.8335296,-0.5476469,-0.01318739,-0.07167528,0.08498759,0.1523121,0.3964863,-0.8279033,-0.5408067,-0.04201135,-0.1426164,-0.02266534,-0.09300076,0.04181409,-0.8329827,-0.5364612,-0.03657528,-0.130428
0,0,1,0.001405983,0.0285072,-0.002376248,0.1047674,-0.06734099,0.7666627,0.629855,0.0144566,-0.002154879,0.01513826,0.1040232,-0.06525552,0.7674985,0.6291796,-0.01344474,0.00194686,0.01200708,0.1025399,-0.06482423,0.7684067,0.6283586,0.002986818,0.01903495,0.01357899,0.1016589,-0.0638458,0.7682878,0.6287472,0.01995341,-0.007002586,-0.001776327,0.1006939,-0.06158422,0.7685947,0.628753,-0.007160933,-0.01383838,0.0158224,0.09985747,-0.06106957,0.7686288,0.6288948,-0.008770163,-0.00532007,0.004410475,0.09950393,-0.06197347,0.7689102,0.6285185,-0.006727694,-0.01583516,-0.001278905,0.1021731,-0.06352333,0.7680131,0.629032,-0.03172884,-0.02385585,0.001629774,0.105342,-0.06724513,0.7654729,0.631215,0.02884265,0.02181409,-0.02871015,0.1059312,-0.07383796,0.7620866,0.6344687,-0.01189318,-0.00372659,-0.03351341,0.1054963,-0.07521987,0.76184,0.634675,0.02186894,-0.00849579,0.01839022,0.1045426,-0.07430347,0.7627725,0.6338201,-0.0003053821,-0.01194432,0.02637961,0.1046197,-0.07284153,0.7645662,0.6318128,-0.0144337,-0.01142605,0.01063258,0.1062282,-0.07398136,0.7643538,0.6316689,0.0001302633,-0.00399075,-0.01133957,0.1072672,-0.07458752,0.7637171,0.632192,0.003671126,-0.02083874,0.009353772,0.1084871,-0.07384178,0.763757,0.6320231,0.02437932,-0.009583634,-0.0001477193,0.1068407,-0.06945831,0.7647944,0.6315458,-0.0316263,0.01814238,-0.01511891,0.1090108,-0.06680805,0.7669381,0.6288555,-0.008838893,-0.01915968,-0.008977326,0.1099667,-0.06332681,0.7684457,0.6272067,-0.008972074,0.009856855,-0.01070824,0.1083297,-0.06316184,0.7688823,0.6269732,0.007095923,-0.006702716,-0.003596804,0.1105253,-0.06040659,0.7694017,0.6262237,-0.004335887,0.01584949,-0.002746762,0.1132578,-0.05840633,0.7696146,0.6256635,-0.00283443,-0.01031945,0.009317012,0.1132571,-0.05832546,0.7688492,0.6266115,-0.0102945,-0.0002558223,0.01537603,0.1116012,-0.061112,0.7684004,0.6271932,-0.00591818,0.02758223,0.0149071,0.1111786,-0.062456,0.7684046,0.6271307,-0.01677336,-0.001673256,0.01271621,0.1125033,-0.06107255,0.7693419,0.6258804,0.0168701,-0.0008243992,0.004399778,0.1106969,-0.06108282,0.7695717,0.6259189,-0.004693904,-0.01461678,0.0007983065,0.1090223,-0.06188013,0.7689306,0.6269216,-0.005576865,-0.01990551,0.003782353,0.1066501,-0.06158899,0.7686454,0.6277075,-0.008469936,0.003535997,0.0006097432,0.1063502,-0.06272317,0.7686959,0.6275843
1,0,0,-0.04010752,0.1555768,-0.4433056,-0.5648323,-0.8120149,-0.0625813,-0.1329648,-0.07930084,0.1539272,-0.3406345,-0.5657734,-0.812868,-0.05878958,-0.1252591,-0.07314431,-0.1433404,-0.1188229,-0.566329,-0.8204004,-0.01226345,-0.07787371,0.04414158,-0.1540521,0.08854317,-0.561125,-0.8251238,0.0248655,-0.060755,0.05349029,-0.007082235,0.2451059,-0.5590367,-0.8252689,0.002744555,-0.08001111,0.1026524,0.08895433,0.563038,-0.5571204,-0.8225836,-0.0357367,-0.1081481,0.04663288,0.1549918,0.3141458,-0.5623292,-0.8162175,-0.05260178,-0.1216876,0.02103535,0.03081186,0.1629915,-0.5669681,-0.815571,-0.03256699,-0.1110433,-0.03062857,-0.07453093,-0.09836315,-0.5701538,-0.8161854,-0.0107798,-0.09300495,-0.02881946,-0.1282173,-0.2834726,-0.5693753,-0.8153923,-0.01937667,-0.1028186,-0.02164236,0.1130473,-0.4047229,-0.5691954,-0.8102562,-0.04983932,-0.1304512,-0.06917727,0.1686384,-0.2796906,-0.5674801,-0.8102127,-0.05890303,-0.1343583,-0.07319599,-0.08123567,-0.1168884,-0.5675719,-0.8180031,-0.01979503,-0.09132946,0.009728552,-0.1512852,0.06773235,-0.5624903,-0.8238496,0.01809921,-0.06744583,0.04096749,-0.04949143,0.1540815,-0.5566266,-0.8269988,0.01450342,-0.07764953,0.1059166,0.2087403,0.455631,-0.5574721,-0.8247803,-0.0105557,-0.09407842,-0.02041787,-0.002426184,0.3950425,-0.5605385,-0.8231068,-0.008218996,-0.09068779,0.01525997,-0.02080565,0.1649424,-0.5606796,-0.823513,-0.01250629,-0.08548872,0.08317447,0.04032505,-0.07203955,-0.5593401,-0.822243,-0.03051078,-0.1006184,-0.008684562,0.06028493,-0.1369233,-0.5584522,-0.8195166,-0.04643569,-0.1198644,-0.09319625,0.04917474,-0.3726405,-0.5666783,-0.8119618,-0.05303351,-0.1295422,-0.07480321,0.07424165,-0.5314048,-0.5686381,-0.8121966,-0.05111884,-0.1198929,0.01598667,-0.1458642,-0.1526746,-0.5679625,-0.8173031,-0.01897289,-0.09525883,0.007409145,-0.08097799,-0.02863624,-0.5635901,-0.8223644,0.008096769,-0.07757183,0.00135573,-0.07145306,0.2116531,-0.5615947,-0.823719,0.004435666,-0.07796618,0.1224923,0.2436634,0.3424185,-0.5678623,-0.8177896,-0.01502357,-0.09234114,0.02888376,-0.09900647,0.3915072,-0.5648509,-0.8214678,0.005430367,-0.07813182,0.002622929,-0.05418501,0.2642197,-0.5622349,-0.8225282,-0.0008496381,-0.08566438,0.03432586,0.04647858,0.02666834,-0.5640202,-0.8185974,-0.02914633,-0.1045469,0.01411342,0.06033522,-0.1290283,-0.5643572,-0.8154411,-0.03796156,-0.1229458
0,1,0,0.01088382,0.1004667,-0.04835942,-0.5207105,0.2946357,0.2115097,-0.7728609,0.01600661,0.02703438,-0.05736159,-0.5123772,0.2936822,0.2173151,-0.7771708,0.01940187,-0.01192169,-0.05841006,-0.5032387,0.2948585,0.2298528,-0.7790873,0.02012539,0.01379284,-0.06703081,-0.4925818,0.2968682,0.2459948,-0.7802044,0.01318825,0.001714963,-0.06552697,-0.4787879,0.2988743,0.2650614,-0.7817793,-0.03239124,-0.03863963,-0.04550223,-0.4730498,0.2988441,0.2634097,-0.7858316,-0.002791058,-0.07977317,-0.04764875,-0.4705887,0.2965624,0.264093,-0.7879415,0.004428126,-0.02901376,0.0009300772,-0.4700125,0.2978655,0.2700266,-0.7857798,0.04086096,-0.02363431,0.06915294,-0.474473,0.3035955,0.2829262,-0.7763104,0.06769662,-0.02044779,0.1547786,-0.4860481,0.3113241,0.2912337,-0.7629007,0.1017098,-0.0009279377,0.1246046,-0.4932725,0.3260434,0.3194512,-0.7404922,0.01335885,0.02528567,0.1330758,-0.5041639,0.3415648,0.3319588,-0.7203857,-0.04977332,0.04147916,0.2426194,-0.527016,0.3554692,0.3083274,-0.7076933,0.002417469,0.05609686,0.3046302,-0.5629143,0.3623115,0.2824826,-0.6870673,0.003452817,0.1043823,0.2425627,-0.6050346,0.3583883,0.2422206,-0.668446,0.07866322,-0.004876584,0.2680541,-0.6413678,0.3504975,0.221885,-0.6454192,0.03409263,-0.07395747,0.2847197,-0.6874101,0.3334628,0.1886816,-0.616984,0.02062274,0.7919549,-0.1331915,-0.706255,0.3314103,0.1606324,-0.6046224,0.132527,0.2219577,-0.2394181,-0.7089315,0.3341545,0.1639253,-0.5990704,-0.09445212,-0.3587571,0.1130535,-0.7020883,0.3396307,0.19345,-0.5952312,-0.1684529,-0.4233454,-0.2431628,-0.6959074,0.33887,0.1875113,-0.6047474,-0.0739803,-0.007717967,0.01968346,-0.6928125,0.3329756,0.1674031,-0.6173446,0.0160902,-0.1728948,-0.1595269,-0.6602275,0.3482646,0.2061762,-0.6326948,0.03450486,-0.04869349,-0.2663298,-0.6288899,0.3546568,0.23152,-0.6520081,-0.01401183,-0.04460033,-0.2339759,-0.6143429,0.3472853,0.2453062,-0.6646808,0.05292426,0.0175503,-0.2017044,-0.5804489,0.3457737,0.2686307,-0.6865546,-0.004399912,-0.07384641,-0.2130983,-0.5461091,0.3398837,0.296717,-0.7058349,-0.03053915,0.01646705,-0.1443541,-0.531105,0.3236183,0.2898625,-0.7274464,-0.1129498,-0.03658031,-0.1302881,-0.5230992,0.3072821,0.2614236,-0.7507347,0.05311292,0.02742327,-0.158615,-0.5035902,0.296576,0.2747586,-0.7635098
0,0,1,0.05055185,-0.00982163,0.01999219,-0.5119065,-0.2528075,-0.3423375,-0.7462205,0.02873876,0.02233401,0.0018347,-0.5030848,-0.240538,-0.3343686,-0.7597662,-0.002618817,0.02119835,-0.008379932,-0.5008874,-0.231781,-0.3328493,-0.7645919,0.05926067,-0.0520534,-0.02783594,-0.4972379,-0.2235831,-0.3325492,-0.7695298,-0.00189414,0.03157458,0.008740916,-0.4963162,-0.2208846,-0.3319691,-0.7711529,0.003872886,-0.008915184,0.02471526,-0.4957498,-0.218248,-0.3318306,-0.7723266,0.00965138,0.007283854,0.007761535,-0.4926376,-0.2148829,-0.3326312,-0.7749129,0.01180312,0.007558384,-0.002596757,-0.4911331,-0.2093071,-0.3306346,-0.7782413,-0.003954538,0.005991432,-0.007553084,-0.4930257,-0.2041402,-0.3252528,-0.7806811,-0.003390717,0.00215394,0.00588091,-0.495132,-0.2010664,-0.3218811,-0.7815427,-0.006754864,0.006651063,-0.01119715,-0.4976881,-0.1957403,-0.3169616,-0.7832801,-0.008413848,-0.001606338,-0.01865843,-0.4988091,-0.1907467,-0.3126822,-0.7855158,-0.01848427,-0.001385099,-0.0120998,-0.4985981,-0.1856437,-0.3093056,-0.7882045,-0.005441639,0.01137506,0.01334195,-0.4966183,-0.1772262,-0.3022797,-0.7940958,-0.000720019,-0.005672459,0.00998486,-0.496768,-0.1689965,-0.292852,-0.7993119,-0.0001780469,-0.004540496,-0.01510301,-0.4974095,-0.1638045,-0.2853051,-0.8027159,0.001487779,-0.0000424,-0.007310111,-0.4973628,-0.1570064,-0.2758059,-0.8074096,-0.006807653,-0.0005190111,-0.001354126,-0.4981219,-0.1505298,-0.2658898,-0.8114913,-0.001333841,0.001771173,-0.009503435,-0.4987327,-0.1434711,-0.2562892,-0.8154739,-0.000971488,0.0007014478,-0.0007915964,-0.4995126,-0.1398988,-0.250492,-0.8174162,0.004026174,-0.01684573,-0.004786192,-0.5011261,-0.1363704,-0.2435887,-0.8191094,0.007627206,0.006578905,-0.003495958,-0.5017626,-0.1330841,-0.2380338,-0.8208915,0.004219446,-0.009002902,-0.005835155,-0.5024929,-0.1279788,-0.229335,-0.8237279,0.001658818,-0.002932602,0.008718841,-0.5022829,-0.1240165,-0.2231676,-0.8261524,0.01276421,0.01409285,0.01008692,-0.5026755,-0.1202633,-0.2165341,-0.8282312,-0.002547367,0.0003474661,-0.001484438,-0.5041227,-0.116854,-0.2094888,-0.8296505,0.0109093,-0.005111923,0.007799267,-0.5043202,-0.1150288,-0.2046066,-0.8310027,0.0002700128,-0.002290864,-0.005353389,-0.5049828,-0.1142425,-0.2011194,-0.8315599,0.004490955,0.00008732844,0.003687147,-0.5057032,-0.1124023,-0.1948348,-0.8328682,0.008353337,0.009432347,-0.00415379,-0.5064365,-0.1102204,-0.1906357,-0.8336855
1,0,0,0.05709344,0.01768017,0.2653878,-0.6465816,-0.7594188,-0.02144742,-0.06895849,-0.02582253,0.08446124,0.08624579,-0.648003,-0.754025,-0.04897132,-0.09560447,-0.02123968,0.0629986,-0.2390589,-0.6495628,-0.7473994,-0.06645264,-0.1226629,-0.03934232,0.1665659,-0.5553063,-0.6584895,-0.7371486,-0.07686286,-0.1307503,0.01454944,0.02003874,-0.4534466,-0.6592351,-0.7409004,-0.06183212,-0.1124826,0.003790205,-0.1107246,-0.1461553,-0.655816,-0.7505336,-0.03572797,-0.07299331,-0.001321803,-0.1075025,0.08462749,-0.6509765,-0.7570914,-0.01447502,-0.05322196,-0.06121685,0.1236465,0.1270112,-0.6496549,-0.7579079,-0.02269417,-0.0548542,0.07306234,0.0960339,0.5084696,-0.6496005,-0.7579947,-0.01987179,-0.05539324,-0.03925916,-0.002017708,0.3962961,-0.6482371,-0.7583342,-0.03028836,-0.06164931,0.0474379,0.07739984,0.15751,-0.6478487,-0.7554585,-0.04464971,-0.08706816,0.004168924,0.03112537,-0.08591301,-0.6496881,-0.7502576,-0.05996753,-0.1068783,0.02340035,0.005644719,-0.3091695,-0.6532968,-0.7426979,-0.0705373,-0.1289485,-0.09513352,0.1480986,-0.4771197,-0.655456,-0.7365115,-0.08208431,-0.1455692,-0.02038967,0.03059301,-0.4050906,-0.6540251,-0.7419258,-0.07022658,-0.1298672,0.07933661,-0.02131444,-0.09797688,-0.6503879,-0.7516045,-0.0479056,-0.09895062,-0.01897621,-0.09315141,0.2616922,-0.6481552,-0.756552,-0.02397778,-0.08336084,0.05288292,0.0135536,0.4782541,-0.6516138,-0.7542287,-0.01212881,-0.07994685,0.03460545,-0.02052651,0.5084209,-0.6552169,-0.7524001,-0.01340439,-0.06637171,0.09763259,0.07901305,0.3325123,-0.6542113,-0.7505664,-0.0303704,-0.08795043,-0.05811843,0.0316879,-0.03909767,-0.65706,-0.7449149,-0.05010758,-0.1042264,-0.03837314,0.0475455,-0.258066,-0.6588229,-0.7391994,-0.06524283,-0.1236119,-0.02452938,0.1543922,-0.5442484,-0.6592358,-0.7362953,-0.08168012,-0.1288631,-0.007213282,-0.0001574927,-0.4737981,-0.6584732,-0.7400447,-0.06732358,-0.1192241,-0.04143213,-0.05945144,-0.2016469,-0.6534438,-0.7493502,-0.04765809,-0.09598998,0.1298041,-0.0199598,0.1601422,-0.6530553,-0.7532029,-0.02385356,-0.07506708,-0.1140641,0.0519974,0.2562436,-0.6537134,-0.7541887,-0.01052844,-0.06121485,0.02274048,0.002013745,0.4807344,-0.6525663,-0.7563856,-0.00547925,-0.04481016,0.0346402,-0.008691046,0.3007511,-0.6509632,-0.7568277,-0.01465451,-0.05695656,0.001257115,-0.013382,0.1845831,-0.6487386,-0.7563906,-0.03161591,-0.07753653
0,0,1,-0.01232966,0.006551967,-0.005656073,-0.4590726,-0.1915408,-0.2670022,-0.8253934,-0.01206168,0.005021094,0.003203777,-0.4588444,-0.1941333,-0.2733268,-0.8228405,-0.01178433,-0.003765626,-0.002560873,-0.4593088,-0.1959265,-0.2786442,-0.8203691,-0.0001565992,-0.005511709,-0.01101817,-0.4598298,-0.1975763,-0.2835562,-0.8179951,-0.002198485,0.001443642,-0.0165821,-0.4592889,-0.200536,-0.2891662,-0.8156114,-0.004379654,0.002643874,0.005687824,-0.4576231,-0.2050005,-0.2966607,-0.8127412,-0.0006473598,0.01026712,0.004251913,-0.4553907,-0.2097021,-0.3028901,-0.8104948,-0.002215054,0.006942709,0.001280606,-0.4542947,-0.2129513,-0.307348,-0.8085823,-0.002738951,-0.000170378,0.0005802771,-0.4537939,-0.2166866,-0.3120036,-0.8060842,0.002261307,-0.008790416,-0.003538601,-0.4536599,-0.2186548,-0.3149878,-0.8044659,0.004245592,-0.0001563743,-0.0006947863,-0.4534016,-0.2202696,-0.3169958,-0.8033815,0.002830012,0.008073505,0.003716808,-0.4536552,-0.221045,-0.3187813,-0.8023182,-0.005239914,-0.0005838753,-0.00391602,-0.4544295,-0.2206502,-0.3178461,-0.8023597,-0.003131693,-0.00800796,-0.007862331,-0.4538971,-0.221444,-0.3190877,-0.8019495,-0.002290384,0.002046967,-0.005203288,-0.4534189,-0.2219202,-0.3199791,-0.8017331,-0.004697052,0.005745979,0.001038897,-0.453615,-0.2221411,-0.3203679,-0.8014058,-0.001208497,-0.003961483,0.00393824,-0.4535083,-0.2230301,-0.3214926,-0.8007686,-0.002946405,-0.0003994936,0.0006820955,-0.4540297,-0.2235533,-0.3221741,-0.8000529,0.0003789865,-0.006858492,-0.001490127,-0.4547446,-0.2232806,-0.3225029,-0.7995905,-0.010164,0.00747018,0.01799851,-0.4553629,-0.2228532,-0.3215887,-0.7997261,0.003881831,-0.008363304,0.001132547,-0.4550912,-0.2243535,-0.3239161,-0.798521,-0.0008401108,0.0118686,-0.002570841,-0.4548954,-0.2253322,-0.3251261,-0.797865,-0.004695703,0.0005823193,0.007626992,-0.4550283,-0.2265335,-0.3264287,-0.7969167,-0.002075047,0.001094134,0.004023138,-0.4554613,-0.2267797,-0.3263532,-0.7966301,0.001147219,0.0005593689,-0.002802485,-0.4552846,-0.2269942,-0.3268179,-0.7964795,-0.003259604,0.006769608,-0.007291974,-0.4552501,-0.2271709,-0.3277271,-0.7960752,-0.0009395041,-0.003268593,0.001072788,-0.4553412,-0.2277276,-0.3289436,-0.7953619,-0.001876115,0.00512476,-0.008143183,-0.4546211,-0.2289135,-0.3317922,-0.7942495,0.009166594,-0.007567137,0.0002314982,-0.4545016,-0.2298747,-0.3321857,-0.7938756,-0.000820327,0.005742088,0.004781767,-0.4539676,-0.2302964,-0.3340601,-0.7932722
0,0,1,0.01389555,-0.01293502,0.002694588,-0.5172971,-0.08348945,-0.1629131,-0.8359979,0.003203185,-0.01298986,-0.00810229,-0.5176938,-0.08224399,-0.160138,-0.836412,0.01884197,0.002449767,0.003355289,-0.5181444,-0.08202572,-0.1569486,-0.8367588,-0.004056585,-0.0086249,-0.02024153,-0.5177398,-0.08158544,-0.1537257,-0.8376501,0.002415098,0.008380225,-0.01139087,-0.5154588,-0.08479874,-0.1570247,-0.8381257,-0.01374559,0.01039597,-0.00913934,-0.5130308,-0.08852538,-0.1588173,-0.838892,-0.01717173,-0.01063997,-0.001313379,-0.5103437,-0.09550892,-0.1679091,-0.8379939,-0.007638205,-0.008438475,-0.00919657,-0.5096312,-0.09894593,-0.1731294,-0.8369659,-0.01654284,0.01617803,0.01147217,-0.5076981,-0.1015119,-0.1790119,-0.8365959,-0.01713166,0.002724492,0.01138678,-0.507879,-0.1033448,-0.1853117,-0.8348882,-0.02708871,0.01645986,0.003137552,-0.5075271,-0.1038177,-0.1951074,-0.8328092,-0.0214573,0.02391963,-0.01292349,-0.5067846,-0.1035532,-0.2042252,-0.8311065,-0.01174621,-0.009593681,-0.0001492266,-0.5073922,-0.1056035,-0.2162529,-0.8274271,-0.006874824,-0.009239603,0.004655443,-0.507495,-0.1033816,-0.2225115,-0.825984,0.01001642,-0.0350966,0.007887519,-0.5099955,-0.09954441,-0.2261767,-0.8239172,0.02582297,0.008494879,-0.002323394,-0.5112962,-0.09648731,-0.2288812,-0.8227271,0.01269534,0.0009034313,-0.008612161,-0.5127645,-0.09394541,-0.2290231,-0.8220677,0.01824723,-0.002248756,-0.005172119,-0.514249,-0.09186079,-0.2270349,-0.8219274,0.0102463,-0.003508503,0.008095873,-0.5149123,-0.09110849,-0.226316,-0.8217941,0.02979928,-0.00433861,-0.01003635,-0.515955,-0.08825919,-0.2204666,-0.8230402,0.03800957,-0.03721213,-0.0189742,-0.5160651,-0.08783682,-0.2182193,-0.8236152,0.04970579,-0.0115436,0.002287704,-0.5180093,-0.0858313,-0.21551,-0.8233194,0.06678861,-0.009856542,0.04154203,-0.5196272,-0.08305626,-0.2078166,-0.8245614,0.03246477,-0.0187831,0.01072385,-0.5221117,-0.08017215,-0.1965173,-0.8260465,0.00552708,0.01426702,0.001953464,-0.5241781,-0.08154239,-0.1853022,-0.8271948,-0.01859131,0.002574828,-0.004991774,-0.525439,-0.08380662,-0.176668,-0.8280571,-0.02793606,-0.007511219,-0.00906762,-0.5261134,-0.08948377,-0.1739891,-0.827602,-0.02826139,0.007719621,-0.006901816,-0.5249668,-0.09545726,-0.1795805,-0.8264675,-0.003017934,0.008752878,0.004820132,-0.5235548,-0.09870653,-0.1807441,-0.8267278,-0.02104923,0.01122618,0.01546453,-0.5228578,-0.1007384,-0.1792496,-0.8272491
0,1,0,-0.01446793,0.2355163,-0.09589779,0.4278738,-0.4361337,-0.583669,0.5348287,0.06614038,0.3433584,-0.04584223,0.4337826,-0.4333158,-0.5795851,0.536797,0.06560966,0.5061044,0.06031318,0.4526342,-0.4444232,-0.5642784,0.5283939,-0.1190284,0.689279,0.2939757,0.4906378,-0.4444221,-0.5325255,0.5274277,0.06808738,0.5869926,0.1696065,-0.4941992,0.4190525,0.5258771,-0.551013,-0.1142851,0.1833605,0.133494,-0.4831591,0.4097016,0.5256637,-0.5677848,-0.02344885,-0.1068648,-0.1721676,-0.4657197,0.3878596,0.5353861,-0.5882447,-0.01878131,-0.1056365,-0.01037956,-0.4542612,0.3789091,0.5422672,-0.5966749,-0.04887654,-0.01264629,-0.1450892,-0.447658,0.3715153,0.5468607,-0.602098,-0.09476493,-0.1392713,-0.2315012,-0.4496165,0.3690058,0.5484356,-0.6007479,-0.05924835,-0.1201147,-0.13366,-0.4534711,0.3734038,0.5465924,-0.5968,0.1177255,-0.009461522,0.02091723,-0.4665533,0.3872468,0.5370478,-0.5864704,-0.09149031,-0.1917473,0.1826619,-0.4792357,0.4093225,0.5273381,-0.569827,-0.04637105,-0.6668928,0.0957308,-0.498874,0.4283457,0.511708,-0.5529916,0.01912622,-0.6068687,0.1270784,-0.5002766,0.418247,0.5129664,-0.5582635,-0.003814277,-0.4466217,0.02970721,-0.4887679,0.4042019,0.5218203,-0.570465,0.03147772,-0.09412227,-0.04746889,-0.4598927,0.3825995,0.5387213,-0.5932079,0.03292276,0.2824889,-0.03589043,-0.4425721,0.3773116,0.549447,-0.5998949,-0.01010051,0.2658901,-0.07586447,-0.4449963,0.3844479,0.5506919,-0.5923821,0.001004909,0.2937219,0.007953575,-0.4578466,0.3991471,0.5468094,-0.5762444,-0.02527315,0.3164228,0.1481031,-0.4833443,0.426106,0.5317417,-0.5496023,-0.05977435,0.5291046,0.2924702,-0.5061637,0.4324192,0.5131948,-0.5417039,-0.06744906,0.4511795,0.1168403,-0.5123727,0.4214511,0.5064449,-0.5507872,0.007303006,0.07904255,-0.03604327,-0.5101073,0.4028634,0.5052266,-0.5676598,0.03750473,0.06791703,-0.1393833,-0.489556,0.3879175,0.5160958,-0.5860888,0.07947454,0.0719071,-0.3286244,-0.4733251,0.3802746,0.5266595,-0.5949658,0.06927121,0.07036183,-0.3070704,-0.4645372,0.3796684,0.5331707,-0.596478,0.05300541,-0.1215129,-0.1436199,-0.4659606,0.3833601,0.5355957,-0.5908071,-0.02380372,-0.1176043,0.08658781,-0.4737681,0.3884306,0.5329759,-0.5836113,0.02159679,-0.1932391,0.03562522,-0.4865946,0.390563,0.5262706,-0.5776898
0,0,1,-0.02239279,-0.005156949,-0.02244866,-0.4966776,-0.157688,-0.2787977,-0.8066707,0.007753893,0.01753717,-0.001705822,-0.4941146,-0.1558738,-0.2783274,-0.8087569,0.000752126,-0.005413488,-0.004759206,-0.4971827,-0.1536432,-0.2749045,-0.8084743,-0.005264861,0.009616924,-0.009817983,-0.5004589,-0.1456511,-0.2629494,-0.8119016,-0.04572468,0.0006433909,0.0007438477,-0.5044584,-0.1378738,-0.2512816,-0.8144753,-0.07556424,-0.01030874,-0.02702344,-0.5121753,-0.1280051,-0.2364997,-0.8156953,-0.04828344,0.004289888,-0.008334907,-0.5167615,-0.1190608,-0.2274611,-0.8167273,-0.02931635,-0.006780597,-0.01477202,-0.516766,-0.1095093,-0.2247648,-0.8188049,-0.03124245,-0.002125446,-0.0004772432,-0.5169756,-0.1003715,-0.2205687,-0.8209817,-0.02374781,0.01039442,-0.007046278,-0.5162808,-0.09467547,-0.2176741,-0.8228661,-0.006075284,-0.005389954,-0.001257316,-0.5159808,-0.09257029,-0.2158038,-0.8237859,0.008610203,0.02549738,0.01534948,-0.5139633,-0.08929653,-0.2107944,-0.8267003,0.01708421,-0.006474947,0.0004575991,-0.5148004,-0.08686922,-0.2068631,-0.8274309,0.02027315,0.01355585,-0.009802132,-0.515596,-0.08463737,-0.2002236,-0.828799,0.02101386,0.006934637,0.004932064,-0.5167162,-0.08220272,-0.194939,-0.8296058,0.02399209,0.009063973,0.004754975,-0.5174836,-0.07969591,-0.1906147,-0.8303766,0.02352525,-0.003358742,0.001556206,-0.5190098,-0.07713917,-0.1869729,-0.8304935,0.03482635,-0.004799077,-0.0075119,-0.5183925,-0.07567598,-0.1865479,-0.831109,0.03456196,-0.005297861,-0.01301889,-0.5168395,-0.07643688,-0.1845235,-0.8324574,0.02919356,0.002679952,-0.005195946,-0.5151484,-0.07839631,-0.182401,-0.8337901,0.03442437,-0.007241259,0.005876923,-0.5127103,-0.08215241,-0.17967,-0.8355225,0.02753896,0.01440326,0.01082304,-0.5105513,-0.08679271,-0.1785439,-0.836616,0.01543976,-0.003880864,0.02077182,-0.5097517,-0.09243241,-0.1780195,-0.8366113,0.02036822,-0.009677412,0.007858394,-0.5081736,-0.09886423,-0.177444,-0.8369582,0.02279891,-0.000626567,-0.001862051,-0.506714,-0.1031966,-0.1764591,-0.8375282,0.01044199,-0.005566848,-0.00278921,-0.5055671,-0.1072393,-0.174057,-0.8382158,0.003303638,0.0008233964,0.003958954,-0.504848,-0.1101859,-0.1709709,-0.838902,-0.004780415,0.003915874,0.0005562569,-0.5041599,-0.1130206,-0.1704286,-0.839049,-0.002614868,-0.008327808,-0.006795621,-0.5046833,-0.1154518,-0.1687441,-0.8387438,0.005394127,0.0005154129,-0.00520499,-0.5050373,-0.1178236,-0.164258,-0.8390913
0,1,0,0.08215154,-0.2201094,0.05312588,0.4818472,-0.5239966,-0.5697083,0.4107107,-0.06112094,-0.2145132,0.2166657,0.5009913,-0.53689,-0.5561195,0.3892144,0.05950691,-0.3679988,0.3298608,0.5127477,-0.5409082,-0.5438262,0.3856958,0.01079736,-0.2816478,0.2904175,0.5054221,-0.5291274,-0.5498456,0.4027935,0.08343682,-0.121812,0.1560674,0.4826031,-0.5072705,-0.5685138,0.4319293,-0.06627518,-0.2034731,0.1172676,0.4517958,-0.4864804,-0.5900512,0.4594093,-0.009409428,-0.04093711,0.04397982,0.4193992,-0.4612698,-0.615792,0.4818035,0.03803931,0.1098215,-0.07824014,0.3937522,-0.4558894,-0.6295189,0.4907443,0.1182148,0.2580377,-0.04454677,0.3838675,-0.4706379,-0.6299042,0.484114,0.01124427,0.3035097,-0.01650233,0.3899189,-0.5002971,-0.6160417,0.4670746,0.008746983,0.3415873,-0.05098871,0.4105369,-0.5323634,-0.5943303,0.4413844,-0.01280564,0.4550012,-0.0531842,0.4401645,-0.552592,-0.570357,0.4190347,0.05156006,0.7164888,-0.02184511,0.4546282,-0.551414,-0.560051,0.419045,0.08270499,0.1972418,-0.1132488,0.4525171,-0.5367693,-0.5666471,0.431298,0.1546483,0.06820595,0.05097945,0.437275,-0.5209107,-0.5850682,0.4417441,0.01656183,-0.0309237,-0.1837378,0.4217336,-0.5149273,-0.5964205,0.4486349,0.02732646,-0.1256583,-0.3227264,0.417179,-0.5048217,-0.6019299,0.4569433,-0.03309994,-0.2016426,-0.1782421,0.4251103,-0.4986876,-0.6005274,0.4582125,0.009597572,-0.25679,-0.1859629,0.4364675,-0.4953013,-0.594254,0.4593853,-0.10568,-0.02372737,0.02269074,0.4577934,-0.5067111,-0.576467,0.4487257,-0.01053757,-0.1647768,0.04537093,0.4772462,-0.5185412,-0.5678404,0.4253334,0.05436389,-0.229142,0.1578884,0.491925,-0.5309411,-0.5556571,0.4090922,0.07781783,-0.3690683,0.2149014,0.4983671,-0.5326372,-0.5504805,0.4060776,0.0007910251,-0.301145,0.2354504,0.4908584,-0.5210621,-0.557228,0.420772,0.02092846,-0.1818826,0.1749317,0.4683599,-0.4960105,-0.5814393,0.4433295,-0.06642351,-0.1054096,-0.03342384,0.4313381,-0.4660438,-0.6131878,0.4698417,-0.009069473,0.05733239,-0.03763761,0.4063379,-0.4529254,-0.6304656,0.481935,0.09466511,0.1122999,-0.05576981,0.391212,-0.4553424,-0.6369244,0.4836772,0.0475526,0.165287,-0.06517972,0.3895064,-0.4699793,-0.6327328,0.4765011,-0.03248702,0.1801957,-0.01086873,0.4013738,-0.4920577,-0.6188045,0.4624492
0,1,0,0.01629607,0.04803424,0.2008572,-0.599561,0.4651257,0.3508974,-0.5486854,-0.05453909,0.05896518,0.1615298,-0.6277879,0.4568674,0.3227248,-0.5412978,0.09754553,0.6436672,0.004781573,-0.6710927,0.4285225,0.2690423,-0.5418665,-0.0437999,0.1057143,-0.1014649,-0.6174057,0.4640407,0.2985778,-0.5606493,-0.1494153,-0.5868822,0.07510001,-0.6380751,0.4509644,0.2725709,-0.5614235,0.1064655,-0.415205,-0.1707431,-0.5416348,0.507435,0.3884009,-0.5461559,-0.07611396,-0.04584977,-0.06098779,-0.5420172,0.5042505,0.389148,-0.5481902,0.008591811,-0.08897417,-0.1234724,-0.5073936,0.5133033,0.4221364,-0.5485183,-0.01176668,-0.02222363,-0.05873208,-0.5133733,0.4988011,0.4155121,-0.5612441,0.05317332,-0.02738029,-0.09145635,-0.5192661,0.4735135,0.410506,-0.5810615,0.02114763,-0.1367461,-0.1282297,-0.5244708,0.4464271,0.4027326,-0.6028596,0.03227698,-0.05801127,-0.1578472,-0.5232825,0.4154192,0.403626,-0.6250507,0.008099331,-0.05599241,-0.2596814,-0.5172755,0.3860973,0.3994606,-0.6509885,0.04936559,0.01085955,-0.1760959,-0.5022739,0.3604349,0.4096143,-0.6708382,0.06512011,0.01892674,-0.2092296,-0.4940547,0.335151,0.4118707,-0.6884375,0.03136698,0.05932188,-0.1497652,-0.4752595,0.3172292,0.4260147,-0.701431,0.02806526,0.1118813,-0.09459718,-0.4592164,0.3052961,0.4390082,-0.7093563,-0.00367356,0.06686101,-0.02180128,-0.4512503,0.2989734,0.4435888,-0.7142947,0.02726616,0.03635985,0.02160995,-0.4481794,0.3002555,0.4506424,-0.7112687,0.01828879,0.01762683,0.01980873,-0.4488564,0.301942,0.4567041,-0.7062438,0.0326721,-0.004493525,0.01102541,-0.443662,0.3106182,0.4739136,-0.6943243,0.005353224,-0.006161713,0.005599183,-0.4414853,0.3175405,0.4879899,-0.6827332,0.01552234,-0.05801283,0.002865161,-0.436863,0.3253351,0.5006628,-0.6727886,0.006815661,-0.1073526,-0.009144203,-0.4355292,0.3318273,0.5090646,-0.664122,0.01206886,-0.05166081,-0.05164782,-0.4265842,0.3421985,0.526206,-0.6511784,0.06988464,-0.06117941,0.07444634,-0.4205689,0.3535932,0.5534124,-0.6259621,-0.03892186,-0.06170231,0.08693926,-0.4247985,0.3672675,0.5553593,-0.6133814,0.02694857,0.04185794,0.1911275,-0.4230424,0.4008507,0.5775807,-0.5716244,0.0550662,0.05820743,0.3617366,-0.4333127,0.432476,0.5817919,-0.5354648,-0.0009799348,-0.004206352,0.235945,-0.4652305,0.4511852,0.5621245,-0.5138175
1,0,0,-0.009891868,0.04447828,-0.2388417,-0.8608615,-0.4937649,0.001128994,-0.1229324,-0.02992786,0.05660594,-0.5119969,-0.8645557,-0.4922115,0.009744678,-0.1008775,-0.0341515,-0.1408355,-0.2194105,-0.8632904,-0.5001178,0.03510233,-0.05813451,-0.03799708,-0.1577212,-0.1150957,0.8621047,0.5039911,-0.04051268,0.0335729,0.01037505,-0.09551062,0.2413506,-0.8583635,-0.5093642,0.03439103,-0.05076848,0.008362927,0.06117332,0.2026277,-0.8556638,-0.509171,-0.005205143,-0.0925048,0.1102642,0.1426711,0.3195132,-0.8549302,-0.5014145,-0.01265007,-0.1323547,0.00691238,0.01563027,0.3178679,-0.8606335,-0.4980303,0.007158868,-0.1059463,-0.1154847,-0.1123323,0.1443756,-0.8633253,-0.500261,0.01149728,-0.06539212,-0.005497626,-0.04134423,-0.07433596,-0.8613585,-0.5026837,-0.01191125,-0.07230984,0.1460542,0.1003866,-0.1766809,-0.8595526,-0.4978483,-0.01442447,-0.114491,-0.02571259,0.1190382,-0.2945907,-0.8599097,-0.4917223,-0.01525094,-0.1361316,-0.1523596,0.05940722,-0.4240841,-0.8621438,-0.4940428,-0.03757269,-0.1059147,-0.1015307,-0.09687899,-0.2353596,-0.8635579,-0.5005563,-0.01926324,-0.05779243,0.1729634,-0.165682,-0.003693371,0.8610526,0.5056386,-0.04041189,0.03584443,0.03905341,-0.04764317,0.3000737,-0.8600214,-0.5051361,0.03729358,-0.06172472,-0.1981342,0.08545932,0.1318358,-0.8561618,-0.5067921,-0.02077567,-0.09857538,0.07178652,0.1390433,0.2649042,-0.8565524,-0.5015552,-0.02281279,-0.1193312,0.2170712,0.01297387,0.4380073,-0.8600891,-0.4982352,0.0152967,-0.1085098,-0.06824508,-0.1274519,0.1636378,-0.8619413,-0.5016108,0.01788307,-0.0715818,-0.1017123,0.05395467,-0.1216163,-0.8593519,-0.5023299,-0.01778306,-0.09414203,0.02161719,0.09699227,-0.1347219,-0.8584658,-0.4972585,-0.01797843,-0.1242867,0.02445447,0.1163329,-0.4366956,-0.8608786,-0.4913151,-0.006914198,-0.1320973,-0.02807217,0.04542938,-0.3339854,-0.8629563,-0.493399,0.004648581,-0.108822,-0.06026456,-0.1093138,-0.1634912,-0.8663555,-0.4964091,0.02248379,-0.0500057,0.02775235,-0.1889443,0.1183454,0.8621454,0.5039709,-0.04877241,0.01843604,0.03298601,0.003159347,0.2136657,-0.8582548,-0.5083611,0.02018305,-0.06752996,-0.0001642271,0.2240644,0.2043294,-0.8532072,-0.4982974,-0.03417655,-0.1502303,0.01070768,-0.3288687,0.1333531,-0.856623,-0.4955438,-0.02458182,-0.1415243,0.1099477,0.0621946,0.4520116,-0.8640088,-0.4853119,0.001144901,-0.1340148
0,0,1,-0.003556592,0.01558613,-0.01753405,0.1120067,-0.06419357,0.763636,0.6326087,-0.002556399,0.006568016,0.0006238441,0.1119346,-0.06656703,0.7633399,0.6327335,0.0193202,-0.01465761,0.006515402,0.1102163,-0.06684867,0.76366,0.6326192,-0.02011452,-0.006488003,-0.0006548661,0.1095494,-0.06597507,0.7647057,0.6315627,0.002774331,-0.03061835,0.01267245,0.1123049,-0.06570195,0.7651052,0.6306226,0.01276984,0.01518325,-0.003868125,0.1122355,-0.06756538,0.7638609,0.6319451,-0.00208786,-0.01809711,0.0115256,0.1129589,-0.06753721,0.763412,0.6323615,-0.0006214615,0.006902327,0.01191343,0.1127439,-0.06799059,0.7637105,0.6319908,0.01791546,-0.005845858,-0.002916945,0.1120523,-0.06706583,0.7634529,0.6325237,-0.01436084,-0.0191062,0.008579485,0.1124236,-0.06657019,0.763122,0.6329093,0.006259908,-0.03196212,0.01391372,0.1126588,-0.06684454,0.7638271,0.6319873,0.007192392,0.01262045,0.008975964,0.1124301,-0.06631196,0.7641493,0.6316946,0.01246341,-0.003497775,-0.03132962,0.1118024,-0.06558472,0.7645063,0.6314499,-0.007761413,0.006371442,0.01181219,0.1118446,-0.06531607,0.7648231,0.6310866,0.01737012,-0.0145758,0.01266311,0.1108347,-0.06332226,0.7651389,0.6310851,-0.01061157,-0.00511358,0.007783707,0.1104772,-0.06393457,0.7647505,0.6315567,-0.01048892,-0.02242533,0.009508687,0.1113526,-0.06483096,0.765637,0.6302361,-0.0004631665,-0.002690173,-0.01327499,0.1114742,-0.06545512,0.7654752,0.6303467,0.01435982,-0.02108977,-0.02723763,0.1105269,-0.06681177,0.7654352,0.6304197,-0.00640736,0.01478635,0.006390439,0.1087267,-0.06856838,0.7651225,0.6309234,0.002424945,-0.005024248,0.007342105,0.1073372,-0.06651727,0.7653017,0.6311637,0.006617561,0.01981366,-0.009875116,0.1089646,-0.06519741,0.764698,0.6317539,-0.008404342,-0.01279807,0.009001054,0.1122671,-0.06304887,0.7642872,0.6318908,-0.0163912,0.02096931,0.005689672,0.1108793,-0.06376648,0.7654432,0.6306634,0.007224338,-0.002628645,-0.002150633,0.1107788,-0.06377376,0.7661642,0.6298043,-0.01041552,-0.002337513,-0.0002111248,0.1109577,-0.06449297,0.7656007,0.6303844,-0.001920788,-0.03836875,-0.0005971982,0.112802,-0.06417842,0.7656216,0.6300638,0.01837141,0.00002785235,-0.004535342,0.1139151,-0.06552676,0.7659675,0.6293039,-0.003028829,-0.01141491,0.00381989,0.1155713,-0.06629267,0.7655751,0.6293992,-0.0001030583,0.007130123,-0.01228093,0.1168916,-0.06743128,0.7651708,0.629526
0,0,1,0.08025507,-0.08402835,-0.03228269,-0.1664278,-0.7430043,-0.6211756,-0.1854374,0.05502453,-0.02764461,0.043726,-0.1299939,-0.7514206,-0.6256986,-0.1642249,0.0138278,-0.03359072,0.03299881,-0.1013465,-0.7619448,-0.6244673,-0.1385987,-0.005400524,0.05233279,0.09992311,-0.0787251,-0.765226,-0.6288358,-0.1131241,-0.02585912,0.02231981,0.09903829,-0.066733,-0.7692703,-0.6294101,-0.08725134,-0.07321043,-0.0140696,0.0439063,-0.05925748,-0.7726469,-0.6290296,-0.06186301,-0.05812285,0.01783154,0.01440287,-0.05572113,-0.7751683,-0.6279454,-0.04115635,-0.008231721,0.04525977,-0.0212777,-0.04600233,-0.7776945,-0.6266322,-0.0201776,-0.04166154,0.002900899,-0.02075176,-0.03527033,-0.7791845,-0.6257576,-0.007404506,-0.06044953,0.02673165,-0.02374823,-0.03228167,-0.778901,-0.6262741,-0.007207245,-0.05883637,-0.02637426,-0.05179707,-0.02453327,-0.7789581,-0.6264811,-0.0119943,-0.05615995,-0.07020419,-0.07433441,-0.0177969,-0.7766268,-0.6294834,-0.01687002,-0.07122728,-0.1349744,0.08996117,-0.02156091,-0.773973,-0.6323737,-0.02458465,-0.0734807,0.1301009,0.02661895,-0.0286068,-0.768348,-0.6391687,-0.01692247,0.07176052,0.0532016,0.0674577,-0.01902944,-0.7653872,-0.6432033,-0.01047865,0.06811201,-0.01985254,0.05491491,-0.009714037,-0.7626051,-0.6466749,-0.01227388,0.1020914,0.02513902,0.05022752,0.003561497,-0.7590287,-0.6508619,-0.01554143,0.0306452,0.009421066,0.01821029,0.0196102,-0.7590947,-0.6503128,-0.02199873,0.008600138,0.01139831,-0.007684259,0.02926901,-0.7579266,-0.6512502,-0.02374336,0.0363944,0.002694345,-0.03478541,0.04175431,-0.7587994,-0.6497376,-0.01792148,0.02897465,0.02777084,-0.07076699,0.04922193,-0.7612515,-0.646559,-0.005888313,0.02535263,-0.02601065,-0.078398,0.05443448,-0.7664099,-0.6399354,0.01164052,0.0876067,-0.1011995,-0.06585294,0.0620881,-0.7625201,-0.6435688,0.02296296,0.08726916,-0.02520729,0.04950058,0.07512972,-0.7533799,-0.6529828,0.0196856,0.02377105,0.02004402,0.08070832,0.06637153,-0.7570909,-0.6496955,0.01743251,-0.1150739,0.1027602,0.1443768,0.05915129,-0.7561843,-0.6513627,0.02032286,0.02158257,-0.1147626,0.03995223,0.05356815,-0.7620068,-0.6449618,0.02236721,-0.0646916,0.08888305,0.02444223,0.02431381,-0.7637637,-0.6446724,0.02170908,-0.004175668,0.0006620624,0.03317355,0.01168168,-0.7689025,-0.638908,0.02118951,-0.01834378,0.003049883,-0.005260919,0.0004183054,-0.7724106,-0.6349732,0.0138104
0,1,0,0.008439801,0.1880697,-0.0639014,0.4169364,-0.5208126,-0.6001184,0.4413346,-0.04637266,0.5115029,0.05546952,0.4307192,-0.5488014,-0.5809073,0.4193382,-0.009084356,0.7205487,0.01557087,0.4453231,-0.5604544,-0.5656964,0.409348,0.03766811,0.2508284,-0.1187503,0.4440801,-0.5487198,-0.5692777,0.4214526,0.07796059,-0.07937222,0.01373156,0.4352551,-0.5306715,-0.5819862,0.4361568,-0.1114551,-0.09603707,-0.1262541,0.4219093,-0.5202691,-0.5947181,0.444548,0.02027197,0.1188237,-0.1454648,0.4142298,-0.5080547,-0.6027339,0.454979,-0.1550327,-0.01210715,-0.1122411,0.4155883,-0.4990647,-0.6029066,0.4633837,-0.06621962,-0.1557319,-0.3038408,0.4204546,-0.4958105,-0.5985815,0.4680706,-0.08002535,-0.4104906,-0.2490068,0.427358,-0.5092792,-0.5901123,0.4580036,0.07149801,-0.1318601,0.0004548458,0.4422126,-0.5184816,-0.5814279,0.4444844,0.0704152,-0.1484165,0.2413174,0.4713886,-0.5304993,-0.5654758,0.4202386,0.1145378,-0.3989871,0.2422815,0.4827771,-0.537832,-0.5575268,0.4084443,0.03491985,-0.4293225,0.2575474,0.4795027,-0.5366864,-0.5596491,0.4108987,-0.02957635,-0.2628146,0.1614276,0.4572472,-0.5082871,-0.5841001,0.4374884,0.0113699,-0.1493361,-0.01054394,0.4295021,-0.4821263,-0.6121794,0.4564192,0.06103766,-0.03647907,-0.05217396,0.4046794,-0.467944,-0.6299483,0.4694976,0.07195006,0.114571,-0.0649898,0.3880448,-0.4613646,-0.6389052,0.4778745,0.009936778,0.1674448,-0.09081104,0.3911119,-0.4611538,-0.6368989,0.4782556,-0.01488012,0.2097408,-0.05545478,0.4039746,-0.4693227,-0.6260343,0.4739427,0.0001764681,0.2233185,-0.07329282,0.4234671,-0.4971213,-0.6063421,0.4537568,0.06371965,0.2875367,0.009876843,0.4426266,-0.5245916,-0.5837794,0.4336899,-0.05151005,0.2648515,0.1795873,0.4552824,-0.5425774,-0.567696,0.4195817,-0.0856606,0.1822216,0.2140416,0.453828,-0.538066,-0.5689527,0.425227,0.03821712,0.1346674,0.08808869,0.4401933,-0.5233542,-0.5819925,0.4400168,-0.06166293,0.09177082,0.00355517,0.4228532,-0.5065891,-0.5968613,0.45642,0.1268901,0.04269301,-0.217,0.4121412,-0.4937082,-0.6069003,0.4669731,0.1425866,-0.2074952,-0.150437,0.4125663,-0.4935147,-0.6076975,0.4657639,0.1050325,-0.2228866,0.0481294,0.4151966,-0.5004605,-0.6041713,0.4605738,0.1066551,-0.1723117,0.03232285,0.423361,-0.5014964,-0.5975284,0.4606807
0,0,1,-0.01977865,0.03854915,0.05346339,0.107664,-0.07648993,0.7656446,0.6295602,0.01575313,0.007425904,-0.0009700459,0.1091292,-0.07486843,0.7653351,0.6298792,0.02114411,0.01889971,-0.01842776,0.1099767,-0.07714869,0.7639336,0.6311566,0.02088084,-0.01402036,-0.01083865,0.1113302,-0.07815782,0.7640978,0.6305962,0.006179557,-0.0439694,0.01794648,0.1135779,-0.07812785,0.7631702,0.6313219,-0.0002146743,0.00727611,0.008484961,0.1130779,-0.07952391,0.7628394,0.6316371,-0.01462698,-0.01667811,0.03911964,0.1154977,-0.08233125,0.7629864,0.6306612,-0.01100168,0.005496166,-0.02388054,0.1163133,-0.08492897,0.761646,0.6317861,-0.02084653,-0.003275323,0.03425813,0.1165426,-0.08503402,0.7618673,0.6314628,0.00624148,0.01844435,-0.01070882,0.1159897,-0.08513785,0.7616044,0.6318676,-0.00995943,0.01622954,0.00970007,0.1158179,-0.08492898,0.76189,0.6315829,0.00799048,0.008028842,0.003902551,0.1148036,-0.08337858,0.7626804,0.6310204,0.0003503106,-0.01013418,0.007529599,0.1153614,-0.08322877,0.7633421,0.6301377,0.001090973,-0.008659853,-0.006303305,0.1168278,-0.08218554,0.7639492,0.6292681,0.0003733583,-0.02284892,-0.008769701,0.1171843,-0.08195306,0.7636575,0.6295862,-0.004068674,-0.02122301,0.0178362,0.1175902,-0.08309339,0.7636791,0.6293347,0.005017155,-0.009612435,0.02646003,0.1170184,-0.08290727,0.7640613,0.6290019,-0.02281925,-0.01676773,0.0009652808,0.1178719,-0.0814817,0.7650417,0.6278361,0.007852389,0.01102244,-0.03460541,0.1180613,-0.07923684,0.7658988,0.6270424,-0.008525367,-0.006879543,0.007033052,0.1186585,-0.0808943,0.7656822,0.6269825,0.0293831,0.0116326,0.01084302,0.1173593,-0.08309432,0.7648168,0.6279948,-0.02660265,-0.003414619,0.03104565,0.1180273,-0.08452448,0.7652192,0.627188,0.02406725,-0.01461726,0.020154,0.1176196,-0.0848778,0.7649726,0.6275176,0.0006533344,0.005550495,-0.01204889,0.1156287,-0.08470552,0.765221,0.627608,0.00006785459,-0.03397859,0.008037621,0.1139894,-0.08215569,0.7648175,0.6287376,-0.01063153,-0.01468349,0.0006228716,0.1115633,-0.08093427,0.7645608,0.6296428,0.0108173,-0.02276663,-0.01898596,0.1124612,-0.08079991,0.7643045,0.6298115,0.008421506,0.03828643,-0.01668246,0.1135856,-0.0829247,0.7630806,0.6308168,0.008439254,-0.02144138,-0.01689066,0.1152064,-0.08267402,0.7634175,0.6301478,-0.02027848,-0.006899583,0.007774469,0.1162921,-0.08221382,0.7638795,0.6294482
0,0,1,-0.02340948,-0.02007718,0.004280163,-0.5085338,-0.03004277,-0.08859345,-0.8559451,-0.02945454,-0.02861222,0.01981286,-0.5087068,-0.03135638,-0.09288418,-0.8553401,-0.04759056,-0.0118366,0.02271186,-0.5051025,-0.03060056,-0.09468913,-0.8573033,-0.03038915,-0.001559173,0.02537465,-0.5032285,-0.03540383,-0.1007512,-0.8575294,-0.05826247,-0.008613035,0.008961814,-0.5066303,-0.04796866,-0.1140029,-0.8532456,-0.03208966,-0.007578417,-0.002519834,-0.5082413,-0.06589887,-0.1276138,-0.8491542,0.02533859,-0.03323149,-0.003883928,-0.5083238,-0.07651541,-0.1374562,-0.8466747,0.00922572,0.06100573,0.01326114,-0.5063827,-0.07987741,-0.1433421,-0.8465513,0.01891544,-0.005932305,0.03009019,-0.5075138,-0.08321653,-0.1489194,-0.8445873,0.02916816,-0.02111277,-0.03167164,-0.5055244,-0.0845591,-0.1541504,-0.8447084,0.02931477,0.02835889,-0.01702195,-0.5017608,-0.08697785,-0.1620211,-0.8452337,0.0647938,-0.01422997,0.0001776229,-0.4982397,-0.09501201,-0.1768079,-0.8434861,0.05449376,-0.02631358,0.01967487,-0.4935138,-0.1082495,-0.1953016,-0.8405852,0.05042253,-0.009622661,0.02125047,-0.4902601,-0.1204458,-0.2080495,-0.8377668,0.07535706,-0.008072922,0.004576429,-0.4874932,-0.1320851,-0.221164,-0.8342604,0.0646421,-0.004200907,0.004742431,-0.485507,-0.1426783,-0.2311354,-0.8309646,0.04179009,-0.01689008,0.01538731,-0.4854775,-0.1486669,-0.2285231,-0.8306545,0.03868006,0.006971008,0.003503641,-0.4851468,-0.153554,-0.2267204,-0.8304527,0.02072689,0.01539285,-0.01162173,-0.4837169,-0.1571807,-0.2258617,-0.8308421,0.007684757,0.01986217,-0.00230516,-0.4806011,-0.1655859,-0.2317157,-0.8294044,0.002720718,-0.0007038789,0.01880114,-0.4771712,-0.1733257,-0.2369974,-0.8283104,-0.004652021,0.001814253,0.006158309,-0.4757081,-0.1759844,-0.2409507,-0.8274503,-0.003139825,-0.002205773,0.009663457,-0.4748875,-0.1793942,-0.2451229,-0.8259627,0.00633598,-0.01533314,-0.02227153,-0.4726029,-0.1827493,-0.2487476,-0.8254537,0.02050862,-0.01281015,-0.001884952,-0.4705548,-0.1872562,-0.250924,-0.8249547,-0.08243158,-0.03728876,-0.008743639,-0.4704491,-0.1900648,-0.2495507,-0.8247893,0.01437005,0.03955434,-0.0505904,-0.4643548,-0.1896797,-0.2527333,-0.8273585,-0.0499421,-0.01912765,0.006238976,-0.4652306,-0.1886511,-0.2505097,-0.8277777,-0.01670069,-0.002101426,0.01799151,-0.4623441,-0.1867018,-0.2525604,-0.8292127,-0.01486521,-0.01154185,-0.0002392294,-0.4612345,-0.1876484,-0.2583832,-0.8278217
1,0,0,0.02402099,0.1082598,-0.03000782,-0.8209098,-0.5421281,-0.05179304,-0.1718187,0.01391005,0.06172286,0.02726184,-0.8185028,-0.546432,-0.0496716,-0.1702876,0.02285192,0.05748772,0.01771348,-0.8154222,-0.5513347,-0.0485554,-0.1695848,-0.04311147,0.1933269,-0.06186715,-0.8077414,-0.5626782,-0.0523296,-0.1679543,-0.04891331,-0.005849401,-0.02531562,-0.8024064,-0.572892,-0.05462919,-0.1579698,-0.04285073,-0.03547319,-0.03811964,-0.8035882,-0.5716124,-0.05695133,-0.155762,0.02047349,-0.1113454,-0.01071621,-0.8047051,-0.5740854,-0.0540133,-0.1412736,0.03098721,-0.027954,-0.003569866,-0.8064686,-0.5748289,-0.02226178,-0.1366912,0.002003242,0.07976639,-0.05194107,-0.8149493,-0.5621628,-0.003170677,-0.1407858,0.09275176,0.0893794,-0.08133177,-0.8224946,-0.5508562,0.01957507,-0.1402744,0.01798451,-0.06010788,0.02691622,-0.8272316,-0.5443437,0.05254551,-0.1289057,-0.2956136,0.218066,0.0879061,-0.834481,-0.53983,0.04399803,-0.101436,-0.1399848,-0.195738,-0.3886824,-0.8251677,-0.5589551,0.03994713,-0.0712162,0.003566293,0.01533349,-0.2435612,-0.8161622,-0.5740843,0.03702853,-0.05417756,-0.02297055,-0.06262778,0.301257,-0.8096206,-0.5853539,0.01828007,-0.03925628,0.08376504,-0.001065961,-0.09461424,0.8134966,0.5811164,-0.01911048,0.01271605,0.04517497,-0.05178728,0.325184,0.8073565,0.5855495,-0.05363051,0.04930433,-0.2432732,0.2717673,0.284178,-0.8080065,-0.5824164,-0.005557094,-0.08880065,0.2304203,0.1328895,0.4640804,-0.8136657,-0.5728407,-0.008183576,-0.09866414,0.0806111,0.02008915,0.3253008,-0.8156911,-0.571009,-0.009524312,-0.09222756,-0.01759864,0.05946657,0.1614139,-0.8140799,-0.5708998,-0.02133206,-0.104366,-0.007349155,0.06415646,0.009154025,-0.8158028,-0.566382,-0.02308059,-0.1146498,-0.004232001,0.03029663,-0.04539387,-0.8204104,-0.5608724,-0.01826016,-0.1096145,-0.01793767,-0.02323583,-0.2550879,-0.8234525,-0.5584975,-0.01721914,-0.09853905,-0.01349528,0.04235539,-0.4306095,-0.8267488,-0.5545454,-0.005329326,-0.09453702,-0.01263175,-0.02013088,-0.3628383,-0.8251899,-0.5606664,0.0000185892,-0.0686651,-0.0108415,-0.1186375,-0.08265667,-0.8213714,-0.5687729,0.01352911,-0.04078334,-0.02334114,-0.09202306,0.1219309,-0.817973,-0.5736118,0.01262783,-0.0415953,-0.01646575,0.08884168,0.2155431,-0.816279,-0.5713603,-0.01840472,-0.08304974,0.01554491,0.1133988,0.3560071,-0.82026,-0.5627629,-0.02549714,-0.09910263
0,0,1,-0.04507788,-0.05438569,-0.02323547,-0.4921879,-0.6043294,-0.5144537,-0.3575951,-0.05341172,0.07166651,0.0005306565,-0.493677,-0.6005127,-0.5186376,-0.3559251,-0.01920542,0.01402633,0.01283312,-0.4890778,-0.6026344,-0.5226083,-0.352867,0.0466518,0.04092038,0.09847968,-0.4745453,-0.606015,-0.5322461,-0.3525147,0.08025401,-0.007569373,0.06651233,-0.4620008,-0.61398,-0.5357614,-0.3500622,0.07695847,-0.003936393,0.04544184,-0.4432872,-0.6271148,-0.539392,-0.3453692,0.01957905,0.02355242,-0.001763867,-0.4186282,-0.6464189,-0.5421728,-0.336068,0.008542294,-0.009312635,-0.03052939,-0.4007228,-0.6608055,-0.5486567,-0.3189563,0.01810366,0.0229065,-0.0882564,-0.3800955,-0.674022,-0.5588441,-0.2981862,0.02762125,-0.02332059,-0.04949241,-0.3619572,-0.6851344,-0.5700171,-0.2732368,0.05025521,-0.06191188,-0.08425508,-0.3400404,-0.6958508,-0.5821847,-0.247437,0.1178831,-0.1172136,-0.02338955,-0.3062226,-0.7107652,-0.5912403,-0.2268819,0.005572118,0.1139243,0.001460746,-0.2809613,-0.719095,-0.5958949,-0.221071,-0.008044867,0.06550888,0.06725172,-0.2698736,-0.7251691,-0.598572,-0.2073876,-0.04186446,0.0289098,0.09619267,-0.2697546,-0.7268756,-0.6011623,-0.1936186,-0.08933722,-0.01594328,0.03410392,-0.2696791,-0.7273772,-0.6047314,-0.1802652,-0.03245486,-0.01618552,0.03505734,-0.2693015,-0.7284871,-0.6077101,-0.1657458,-0.04685755,0.06933694,0.003447261,-0.26656,-0.7313594,-0.6098688,-0.1487257,0.01047342,-0.008536696,-0.007967578,-0.2574721,-0.737832,-0.6095678,-0.1331891,-0.0233938,0.00895525,-0.06596699,-0.2470148,-0.7419541,-0.6111559,-0.1223777,-0.04800331,0.008202067,-0.04140453,-0.2422705,-0.7433693,-0.6107247,-0.1253886,-0.06040414,-0.05108432,-0.0524409,-0.235126,-0.7443187,-0.6110846,-0.131457,-0.0899974,-0.07965152,-0.01258653,-0.2342375,-0.7433769,-0.6124265,-0.1321266,0.00236391,-0.01476405,0.0008693216,-0.2365436,-0.7409734,-0.6154002,-0.1276253,-0.02590902,0.01553065,0.03021604,-0.2350824,-0.7389538,-0.6189696,-0.1247405,0.04355551,0.04579482,0.04638147,-0.2206054,-0.7382486,-0.6261646,-0.1193321,0.09421242,0.05691568,0.07762179,-0.2083666,-0.7376506,-0.6311301,-0.1188684,0.07806111,-0.05539852,0.03132312,-0.1980015,-0.7394823,-0.6325366,-0.1177236,0.07404396,0.03817984,0.02977092,-0.1791725,-0.7438587,-0.6324795,-0.1205864,0.01980353,0.02391039,-0.0114214,-0.1624081,-0.7507491,-0.6292267,-0.1186302
0,0,1,0.06505799,0.008172504,0.06426623,-0.6218209,0.4649925,0.3474448,-0.5257403,0.05272366,-0.02927555,0.03552656,-0.6235203,0.4621742,0.3518305,-0.5232902,0.04777021,0.03948889,-0.01592959,-0.6334977,0.4504584,0.3544904,-0.5197157,0.01942119,0.01637408,0.01566264,-0.6445596,0.4418688,0.3531548,-0.5143701,-0.003009642,0.03604195,-0.02293942,-0.6574241,0.4293227,0.3430947,-0.5155206,0.0371662,-0.004331413,-0.07229667,-0.6695227,0.4166771,0.328065,-0.5200894,0.02139194,-0.0469369,-0.08775607,-0.6750656,0.4090269,0.310047,-0.5299568,0.05722254,-0.09980261,-0.07302829,-0.6770684,0.3963932,0.2922591,-0.5468412,0.07528866,-0.04121611,0.02092258,-0.6843349,0.3687865,0.2794955,-0.5635287,0.01224817,0.04561754,-0.001058177,-0.6966972,0.3466444,0.264719,-0.5695387,0.008150634,0.06694922,0.07432256,-0.7008227,0.3335176,0.254282,-0.5770218,-0.06074898,0.01926215,0.1143633,-0.7050149,0.324871,0.2349381,-0.5849931,-0.09321754,-0.0342557,-0.006441105,-0.7084064,0.3162821,0.215242,-0.5931246,-0.05180977,0.01819758,0.01323823,-0.709666,0.315011,0.1970844,-0.5985817,-0.05717666,0.05439318,0.02181524,-0.7160168,0.3085295,0.1761802,-0.6009077,0.01376766,-0.02455077,-0.04267351,-0.723997,0.2937354,0.1552331,-0.604525,-0.01650562,0.0341427,-0.04978682,-0.7249225,0.2919283,0.1511558,-0.605324,-0.05449971,0.002284543,-0.01412421,-0.7288423,0.2887474,0.1537508,-0.6014769,-0.01841415,-0.0571236,-0.06990681,-0.729954,0.2825404,0.1598193,-0.6014947,-0.09789485,-0.08460639,-0.01869872,-0.7265764,0.2841699,0.1676764,-0.6026762,-0.008093186,0.009513452,-0.006978131,-0.7203124,0.2929206,0.177802,-0.6031036,-0.02397778,0.003940088,0.01474594,-0.7178333,0.3006135,0.1870786,-0.5994568,0.01581655,0.03752993,0.02751335,-0.7179165,0.296105,0.1913849,-0.6002412,0.07519063,0.01642738,0.02513248,-0.7180306,0.2952777,0.2024182,-0.5968836,0.02007907,-0.07745148,0.02562794,-0.7138036,0.301475,0.215973,-0.5940983,0.05114877,0.05628445,0.02701857,-0.7144241,0.2926082,0.2290037,-0.5929046,0.01563396,0.01395573,-0.01658301,-0.7231498,0.2808938,0.2289578,-0.5879893,0.02750914,-0.01383504,-0.02957225,-0.7338719,0.2671444,0.2140296,-0.5867344,0.03680927,0.007737223,-0.05346638,-0.7417603,0.2496302,0.1904884,-0.5926135,0.05005552,-0.1831398,-0.0004593253,-0.7495692,0.2248062,0.1663404,-0.5999493
1,0,0,-0.07126744,-0.04137392,-0.3663112,-0.674363,-0.7337905,-0.04353872,-0.06993022,-0.001599995,-0.03453038,-0.02006814,-0.6753148,-0.735896,-0.0226147,-0.04353705,-0.06815055,-0.01249356,0.1979251,-0.6749647,-0.7373447,-0.003236966,-0.02710923,0.05842361,-0.0277766,0.3276777,-0.675136,-0.737529,0.007113054,-0.01384355,0.01499835,0.02873706,0.5453039,-0.6727595,-0.7394667,-0.001825348,-0.02409038,0.03574986,0.1311234,0.2598906,-0.6732698,-0.7369749,-0.02505583,-0.05429551,-0.07368004,0.02368129,-0.02549456,-0.6731464,-0.7350816,-0.03551365,-0.07257973,-0.008699063,-0.0005047399,-0.2454748,-0.6734251,-0.7321144,-0.04487724,-0.09215853,-0.05939377,0.0337762,-0.5747564,-0.6753227,-0.7291418,-0.06224738,-0.09174284,0.1089915,0.08408565,-0.4982589,-0.6773379,-0.7283428,-0.05817921,-0.08570477,-0.07361624,-0.05581455,-0.1605682,-0.6747404,-0.7351091,-0.02468907,-0.06107625,0.05132009,0.01479548,0.1318687,-0.6765323,-0.7350215,-0.003690287,-0.04509876,-0.05335361,-0.002028062,0.2265296,-0.6768855,-0.7354905,0.002106439,-0.02958284,0.04911124,-0.06172938,0.6154726,-0.6752459,-0.7368582,-0.001267787,-0.03288399,-0.0002067821,0.07048784,0.3944025,-0.6758789,-0.7348061,-0.02444966,-0.05147611,-0.0304779,0.1122044,0.1276019,-0.6776251,-0.7307819,-0.043029,-0.07021804,-0.0237353,0.03814798,-0.2052988,-0.6781803,-0.728712,-0.04383024,-0.08443447,-0.05042294,-0.08346634,-0.4677183,-0.6827012,-0.7261649,-0.04110135,-0.07010142,0.04136996,0.04666283,-0.6460803,-0.6820057,-0.7276104,-0.03836937,-0.06308039,-0.02681819,-0.06569497,-0.2567782,-0.6779066,-0.7331285,-0.02063477,-0.05039128,-0.0521092,-0.07777975,0.07431339,-0.6758275,-0.7365823,0.0008401489,-0.02651557,-0.02352854,-0.03396476,0.277777,-0.6742382,-0.7379346,0.01405664,-0.02564753,0.01775963,0.05823914,0.3527658,-0.6734332,-0.7386655,-0.01255566,-0.02652209,0.05073866,0.0005973259,0.5414885,-0.6703774,-0.7411298,-0.02369408,-0.02755452,0.02162922,0.06961554,0.2714297,-0.670131,-0.7398107,-0.03861109,-0.04597509,-0.03434194,0.1175235,0.06787297,-0.673112,-0.7342638,-0.0465055,-0.0749274,-0.0894693,0.04201294,-0.3169317,-0.6769757,-0.7292319,-0.05002761,-0.08615078,0.0128254,-0.04003396,-0.5891779,-0.6812367,-0.7269686,-0.04390868,-0.07419735,0.0720173,0.07067453,-0.4878462,-0.6797217,-0.7287256,-0.04070723,-0.07266606,-0.04733972,-0.0699654,-0.09507666,-0.6787948,-0.7331092,-0.003205976,-0.04216873
0,0,1,0.0005481246,-0.008124505,0.01068743,-0.336305,0.9409605,0.03837989,-0.004383072,0.001537268,-0.007472387,-0.009952234,-0.3360967,0.9410371,0.0384616,-0.00298626,-0.00127628,0.003879545,-0.003957107,-0.3362781,0.9409923,0.03798588,-0.002749769,0.00077165,-0.001420661,0.005885237,-0.3363415,0.9409913,0.03742706,-0.002989825,0.001846433,-0.000146996,-0.002346685,-0.3368117,0.940846,0.03685728,-0.002858927,-0.001318095,-0.004312231,-0.005083916,-0.3367547,0.940866,0.03690347,-0.002356892,-0.0001694678,-0.0002817449,0.003412033,-0.3364627,0.9409664,0.03701508,-0.002219463,0.0003561378,0.002965788,-0.0007160349,-0.336608,0.9408922,0.03759938,-0.00180646,-0.00001152689,0.001363218,-0.0005948643,-0.3366238,0.9408979,0.03723484,-0.003028385,0.000623177,-0.00257673,-0.0002201688,-0.3363822,0.9409701,0.03759529,-0.002973208,-0.0003768805,0.0002267391,-0.0004030918,-0.3363581,0.9409661,0.03790278,-0.003063407,0.0001880786,0.003618672,-0.009004846,-0.3366244,0.9408663,0.03801059,-0.003151551,0.00068186,-0.002106325,-0.002052607,-0.3362912,0.9409636,0.03857039,-0.002824226,-0.00003737655,-0.005020146,-0.0003213064,-0.3361485,0.9409944,0.0390831,-0.002492551,-0.0005612925,0.001063702,-0.0005917524,-0.3362988,0.9409328,0.03928541,-0.002291676,-0.001316372,0.002298419,0.005636575,-0.3362742,0.9409237,0.03968505,-0.002675984,0.001958362,0.001182283,-0.00307682,-0.3360769,0.9409627,0.0403642,-0.00347927,0.0004769408,0.01078684,0.009205176,-0.3365758,0.9407375,0.04128715,-0.004990218,0.0005169536,0.002491341,-0.005688116,-0.3364067,0.9407824,0.04168382,-0.004627021,-0.001773054,0.0004003932,0.00163736,-0.3363108,0.9408137,0.04181888,-0.003979458,-0.0009031866,0.00563384,0.002799178,-0.3364874,0.9407563,0.0417079,-0.003759971,-0.000009583458,-0.00235351,0.006359709,-0.3362599,0.9408194,0.04212118,-0.003729185,0.0004973218,-0.001904596,-0.003921514,-0.3358212,0.9409549,0.04257735,-0.003877426,-0.0004844258,0.002783473,0.0003705138,-0.335797,0.9409872,0.04208996,-0.003447333,-0.001155956,-0.0012594,0.0008894276,-0.3359447,0.9409463,0.04183764,-0.003262999,0.0006626064,0.002277645,0.007474168,-0.3357231,0.9410678,0.04084385,-0.003608515,-0.0007085423,-0.002451092,-0.007720204,-0.3356419,0.9410922,0.04098533,-0.003177809,0.004280983,-0.000999433,-0.002854318,-0.3355679,0.9411334,0.04058371,-0.003869994,0.0001700741,0.006145909,-0.00580812,-0.3357979,0.9410297,0.04110152,-0.003690129,0.002023912,-0.002489469,-0.005170369,-0.3357622,0.9410473,0.0410061,-0.003470393
0,1,0,0.06904344,-0.2206359,-0.122145,-0.531418,-0.2787969,-0.3662152,-0.7111636,0.1762064,-0.03081342,-0.0767532,-0.5310639,-0.2806342,-0.3718534,-0.7077716,-0.1422433,-0.1595711,-0.02081381,-0.536849,-0.2845157,-0.3682695,-0.7037197,-0.03251136,-0.1148242,0.1166406,-0.5467948,-0.2929532,-0.3585396,-0.6975982,0.07091479,-0.3222623,0.06431558,-0.555797,-0.2947098,-0.3491682,-0.6944907,0.04038514,-0.4580583,0.1490025,-0.5662904,-0.2786867,-0.3236582,-0.7049072,0.04868444,-0.406775,0.02061778,-0.5619429,-0.265802,-0.3123266,-0.7183464,0.0217827,-0.2206475,0.1028296,-0.5476372,-0.2450888,-0.3039904,-0.74001,-0.07992539,-0.01968245,0.07532373,-0.5329195,-0.2270217,-0.3008785,-0.7575817,0.00471823,0.002528343,-0.01954528,-0.5265166,-0.2179629,-0.3028799,-0.7638955,-0.04526846,0.1580936,0.005189527,-0.5256526,-0.2136012,-0.3070762,-0.7640471,0.05048443,0.207977,-0.001538702,-0.5349045,-0.2215934,-0.306772,-0.7554233,-0.01758318,0.3659309,0.07341106,-0.5558143,-0.2364963,-0.3034503,-0.7369246,0.01534626,0.5345039,0.0386759,-0.5815166,-0.2620198,-0.2976574,-0.7103408,-0.01599265,0.3777876,-0.03463327,-0.5938482,-0.27736,-0.2962183,-0.6947448,0.06720464,0.02996114,0.05834658,-0.5892996,-0.2759655,-0.3032681,-0.6961304,-0.09720376,0.08739039,0.06048178,-0.5722647,-0.2608294,-0.3127183,-0.7118205,0.02697516,0.08439079,-0.1206823,-0.560329,-0.2584497,-0.3252023,-0.7165742,-0.1065793,-0.02483745,-0.113025,-0.5511304,-0.2583452,-0.3391205,-0.7172937,-0.01616803,-0.1308988,-0.05189238,-0.5471953,-0.2625839,-0.3508844,-0.7130969,0.0946992,-0.1180295,-0.06632241,-0.5481216,-0.2739547,-0.3601018,-0.7034473,-0.04524012,-0.2219715,-0.04976331,-0.5569508,-0.2798471,-0.3521744,-0.6981866,0.02945966,-0.1582588,0.006358323,-0.5688905,-0.2793973,-0.3373832,-0.6960412,-0.05064534,-0.298267,0.04156126,-0.5794525,-0.2713472,-0.3207343,-0.6983804,-0.004330716,-0.4164106,0.0485199,-0.5820501,-0.2624389,-0.3045735,-0.7068086,-0.05049494,-0.2757812,0.02478944,-0.5700012,-0.2370239,-0.2941135,-0.7296681,-0.04400859,-0.16857,0.05717409,-0.550324,-0.2128312,-0.2890047,-0.7538717,0.03064038,0.01025973,0.02375526,-0.5269276,-0.1965244,-0.2931299,-0.7731754,0.02395562,0.1746121,0.03065686,-0.5165456,-0.1923571,-0.2992144,-0.7788775,0.01586704,0.2042511,-0.0325695,-0.5216877,-0.1973577,-0.3024085,-0.772943
0,0,1,-0.05674453,0.0105718,-0.005816787,-0.7650819,-0.03742656,0.03065041,-0.6421133,0.009584595,0.01618163,-0.03311342,-0.7626848,-0.06500635,0.006981313,-0.6434572,0.02743454,-0.003744134,-0.0512008,-0.7617308,-0.0924848,-0.02309006,-0.6408428,0.069782,-0.002349796,-0.09054461,-0.7576485,-0.1243304,-0.06039515,-0.6378582,0.07290161,-0.1737763,0.01729207,-0.7519915,-0.1638941,-0.09451964,-0.6314377,-0.01695242,0.1163876,0.03245855,-0.7404919,-0.2020495,-0.1150478,-0.6305646,-0.02194886,-0.01276454,0.07018492,-0.7347324,-0.2343509,-0.1451588,-0.61982,-0.03224414,-0.01653532,0.05680277,-0.7295758,-0.2592713,-0.1734957,-0.6086023,-0.03656782,0.04834126,0.06476367,-0.7210369,-0.2810034,-0.204229,-0.5995277,-0.05845647,0.02419076,0.08010849,-0.7104458,-0.3137547,-0.2438324,-0.5808359,-0.07143582,-0.01120459,0.04553422,-0.698644,-0.345776,-0.2789305,-0.5608326,-0.01104361,-0.0217901,0.0445829,-0.6850595,-0.3786862,-0.3135555,-0.5375622,-0.03480132,0.005707468,0.02122728,-0.6711159,-0.4086263,-0.3451663,-0.513311,-0.01683194,0.05217972,0.01798181,-0.6536353,-0.4392572,-0.3765817,-0.4878526,-0.0167667,-0.01422608,0.007436508,-0.628831,-0.4731469,-0.4090732,-0.4619121,-0.04585993,-0.002449281,-0.008153637,-0.5950868,-0.5095763,-0.4430393,-0.435798,-0.04506326,0.03906995,0.006082042,-0.5663351,-0.5364143,-0.4649631,-0.4187284,-0.05144313,0.004211118,-0.02882011,-0.5381991,-0.5651332,-0.4757731,-0.4057167,-0.03024136,-0.03315748,-0.04708406,-0.5151035,-0.5837729,-0.483061,-0.4006616,-0.07329344,-0.04572587,0.03017694,-0.5047712,-0.5895835,-0.4836623,-0.4045591,-0.0466941,0.0119638,0.01487819,-0.4945914,-0.5895073,-0.4909957,-0.4083917,0.03971919,0.04562493,0.06860651,-0.4715362,-0.5960567,-0.5107216,-0.4019124,0.1595966,-0.009597474,0.05800769,-0.4445728,-0.6119009,-0.5271089,-0.3874124,0.114742,0.01307719,0.04660705,-0.408717,-0.6335641,-0.5396188,-0.3746445,-0.01054361,0.01568139,0.02505901,-0.3682349,-0.6570797,-0.5521048,-0.3575326,0.1077471,0.01178234,0.01375909,-0.3297285,-0.6777952,-0.5661826,-0.3336318,0.03142846,0.02953316,-0.003982501,-0.2949765,-0.6947209,-0.5787182,-0.3089287,-0.0114965,0.0389022,-0.02413315,-0.2650023,-0.70496,-0.5949559,-0.2807714,0.06138369,-0.004913927,-0.05560737,-0.2263991,-0.7194859,-0.6108821,-0.2406377,0.06579802,0.001808321,-0.0746694,-0.2003423,-0.7296225,-0.6174486,-0.2151078
0,0,1,0.06722198,-0.07608195,0.05327168,-0.283076,-0.7108873,-0.6102142,-0.2052945,-0.1599192,0.1236841,0.1588097,-0.3160213,-0.6974404,-0.6043363,-0.2201931,0.01174458,-0.1002513,0.1164025,-0.3389968,-0.6913593,-0.5973437,-0.2242408,-0.05930546,0.1367647,-0.02555311,-0.3658565,-0.6761472,-0.5976197,-0.2276501,-0.005343592,0.01806483,0.01615437,-0.3899519,-0.6690217,-0.5886995,-0.2319059,0.05645614,0.01310821,-0.08073328,-0.4057632,-0.6641911,-0.5806899,-0.2387585,0.006484283,-0.01768333,-0.0745182,-0.4348507,-0.6496553,-0.5634859,-0.2670888,-0.06128113,-0.06759368,-0.1235491,-0.4575255,-0.6298853,-0.5518721,-0.2989183,-0.07920846,-0.03085456,0.09534957,-0.495423,-0.5932939,-0.5410411,-0.3314104,0.003510533,0.1731987,0.1289064,-0.5145824,-0.5695875,-0.530894,-0.3590636,0.152453,-0.02414914,0.1142394,-0.5273553,-0.5613453,-0.5081962,-0.3853885,0.1115106,-0.01010812,0.06828305,-0.5371016,-0.5454403,-0.4926859,-0.4138567,0.02319699,0.05497267,-0.02911491,-0.5510595,-0.5311673,-0.4677229,-0.4420746,0.08617423,0.02692721,-0.08644586,-0.5649252,-0.5195583,-0.4547085,-0.4518394,0.08018921,0.02257829,-0.07369397,-0.5819839,-0.5043052,-0.4493601,-0.4528206,0.1363502,-0.07796116,-0.1142569,-0.5935493,-0.49619,-0.4453768,-0.4507041,0.09928363,-0.1340564,-0.07432614,-0.5829907,-0.5046529,-0.4396233,-0.4606285,-0.07314236,0.06541114,0.1854199,-0.5861842,-0.5006477,-0.4196068,-0.479239,-0.02514825,-0.04337199,0.1065526,-0.6034076,-0.4819708,-0.4170801,-0.4792155,-0.05343136,0.07651567,0.05945262,-0.6190461,-0.4589869,-0.4177049,-0.4812853,-0.03525002,0.08127526,-0.03436642,-0.6338563,-0.442728,-0.4166385,-0.4781531,-0.0204456,0.05404386,-0.04356773,-0.6447482,-0.434827,-0.4108151,-0.4758741,-0.01646375,-0.03631696,-0.06294093,-0.6492358,-0.4331289,-0.3984026,-0.4818377,0.0289952,-0.1140311,-0.1407921,-0.6518232,-0.4259416,-0.3897288,-0.4917436,-0.2429074,-0.1805997,0.09115487,-0.6624575,-0.398824,-0.3764384,-0.5102781,-0.03739963,0.2749627,0.01811439,-0.6613689,-0.3843431,-0.3789551,-0.5208306,-0.02765169,-0.3026209,0.04478751,-0.673368,-0.3809742,-0.3550501,-0.5247605,0.06628434,0.1388782,0.1022676,-0.6638229,-0.3815904,-0.3500949,-0.5395937,0.05589885,0.1145776,-0.06643303,-0.6575461,-0.3985052,-0.3466547,-0.5372684,0.09074538,0.03102931,-0.1390381,-0.6577806,-0.4001747,-0.3564205,-0.5292913
1,0,0,-0.02220942,-0.03538415,0.01793681,0.076406,0.068485,-0.841987,0.5296506,0.04080904,-0.01442898,-0.006587367,0.072077,0.067824,-0.843821,0.5274191,-0.1047656,-0.04864046,-0.1000545,0.065207,0.072655,-0.84339,0.5283584,-0.1190009,0.08364732,-0.04368464,0.057736,0.070804,-0.846612,0.5243105,-0.005098581,-0.0008361673,-0.02650242,0.061141,0.06336,-0.845825,0.5261438,-0.03327334,-0.06022444,0.04560171,0.071034,0.056113,-0.842862,0.5304613,-0.1381104,-0.01800819,0.06531283,0.072249,0.055881,-0.841234,0.5329004,-0.123508,-0.003242697,0.1777773,0.071609,0.048004,-0.840835,0.5343822,-0.137886,-0.0700647,0.1727399,0.079921,0.035198,-0.838554,0.537774,-0.04840593,-0.1395278,-0.04043175,0.080418,0.027427,-0.838847,0.5376955,-0.1252415,0.1167371,0.00219239,0.073785,0.030931,-0.841644,0.5340735,-0.02152621,-0.04143107,0.01492864,0.083146,0.033454,-0.840683,0.5340596,-0.05989812,0.02457516,0.01444938,0.092052,0.036014,-0.837607,0.5372559,-0.04939505,-0.05736923,-0.02496265,0.096721,0.040373,-0.83879,0.5342718,-0.04593821,-0.03410951,-0.02007821,0.097181,0.04582,-0.838758,0.533799,-0.03823936,-0.02072063,-0.02467713,0.100187,0.047998,-0.838804,0.532979,-0.0600103,-0.0240551,-0.02760372,0.103019,0.051898,-0.837916,0.5334702,-0.01173693,-0.03583283,-0.03908572,0.104473,0.055963,-0.838752,0.531459,-0.02464654,-0.0118389,-0.09645495,0.105664,0.059724,-0.838379,0.5314027,-0.02352485,0.0219035,-0.08348416,0.106602,0.058136,-0.838172,0.5317178,-0.03000005,-0.0006730127,-0.1197249,0.108441,0.055739,-0.837141,0.5332248,-0.01726379,-0.0147145,-0.09043863,0.106932,0.057346,-0.838862,0.5306482,-0.005526862,-0.0585725,-0.03859626,0.104291,0.054087,-0.840454,0.5289944,-0.02639025,0.007433731,-0.03128489,0.102497,0.046253,-0.841589,0.5282831,-0.04475534,-0.02265809,-0.02570704,0.098678,0.040204,-0.842846,0.5275007,-0.1001667,0.07880367,0.009310008,0.093126,0.034192,-0.843026,0.5286451,-0.01500003,-0.07418435,0.04298104,0.090953,0.027124,-0.842328,0.5305425,-0.02364722,-0.0312543,0.06808645,0.085148,0.026491,-0.842787,0.5308089,-0.08497295,-0.02967374,0.07710074,0.084915,0.027158,-0.842939,0.5305711,-0.05286209,-0.02368801,0.02058807,0.086112,0.028067,-0.842052,0.5317381
0,0,1,-0.01865049,-0.06313632,-0.02446146,-0.2440517,-0.7354022,-0.5951163,-0.213211,-0.03823569,0.003313619,0.01833951,-0.2750308,-0.7255845,-0.5842028,-0.2378911,-0.02583533,-0.007845654,0.005677249,-0.3062382,-0.7168595,-0.5687582,-0.2623826,0.04788024,0.02781178,0.01991074,-0.3371234,-0.7031891,-0.5551046,-0.2893641,0.02996241,0.05328066,0.05566821,-0.3776051,-0.6822071,-0.53176,-0.3305135,0.05372745,-0.001216666,0.05419693,-0.4085837,-0.6649563,-0.5083919,-0.3639097,0.073305,0.05426811,0.02909075,-0.4375415,-0.6432765,-0.4853907,-0.3989344,0.05977114,0.001554018,0.05277998,-0.4657695,-0.619665,-0.4598005,-0.4331946,0.05357049,-0.02026769,-0.01040479,-0.4905986,-0.5965986,-0.4341627,-0.4635579,0.03466436,0.01909089,0.009798521,-0.5129985,-0.5711266,-0.4101279,-0.492384,-0.0084619,0.000806767,0.02486304,-0.5367682,-0.5427248,-0.3847069,-0.5189704,0.003477408,0.009828146,0.005254027,-0.5515339,-0.521966,-0.3663825,-0.537704,0.002471162,-0.002778075,0.004488723,-0.5582196,-0.5124472,-0.3574861,-0.5458869,0.004019856,-0.007628986,-0.009325728,-0.5647137,-0.50434,-0.3513328,-0.5507312,0.01035956,0.03109369,-0.005887291,-0.5694818,-0.4978755,-0.3504526,-0.5522621,0.01345716,-0.009933951,-0.01155591,-0.5741795,-0.4949539,-0.3550773,-0.5470454,0.0447466,-0.03063556,0.0146175,-0.5759068,-0.4959362,-0.3607444,-0.5405943,0.04698837,0.01280704,0.0007696305,-0.5733913,-0.5005106,-0.3713465,-0.5318019,0.02197246,-0.01077155,0.004392521,-0.5704646,-0.5057893,-0.3793052,-0.5242851,-0.002249704,0.005115522,0.01289096,-0.5668574,-0.510701,-0.3858341,-0.5186417,-0.01258682,0.003130793,0.01547837,-0.5670994,-0.5109648,-0.389906,-0.5150598,-0.02265484,0.01585887,0.04653626,-0.5699407,-0.5087526,-0.392099,-0.5124418,-0.05060967,-0.01305969,0.06375982,-0.5725805,-0.5074294,-0.3958256,-0.5079261,-0.09927238,-0.06996672,0.02162375,-0.5774325,-0.5077277,-0.3999228,-0.4988447,-0.05331692,0.04856531,-0.001393013,-0.5836942,-0.5046222,-0.4087034,-0.4874617,-0.0618033,0.001671688,-0.04287902,-0.5876898,-0.5045094,-0.4112053,-0.4806257,-0.05359696,0.01417988,0.05442007,-0.5893042,-0.5043215,-0.4088221,-0.4808792,-0.02751388,0.02935354,0.08404573,-0.589654,-0.5051227,-0.4044641,-0.4832889,-0.03630159,-0.007348621,0.03022901,-0.5896659,-0.5053995,-0.4062355,-0.4814957,-0.01931141,-0.04343579,-0.02285841,-0.5896938,-0.5105814,-0.4049065,-0.477094
0,1,0,0.001206334,0.03521602,0.1208125,-0.6296915,-0.2417061,-0.2071472,-0.7086302,0.0287462,0.03475001,0.1047143,-0.614636,-0.2378897,-0.2181277,-0.7197578,-0.1920243,0.1281958,-0.1018295,-0.5915195,-0.2446225,-0.2361887,-0.7310809,0.05175821,-0.1560875,-0.2999904,-0.5800518,-0.2638647,-0.2534703,-0.727783,-0.04505202,-0.1662952,-0.3863682,-0.5728414,-0.2674563,-0.2659314,-0.7277364,-0.1827092,-0.06355371,-0.1540628,-0.5783079,-0.2640344,-0.2675235,-0.7240698,-0.03167976,-0.01545101,0.0148953,-0.5902414,-0.2653574,-0.2618617,-0.7159811,0.04657375,-0.02658334,0.07941306,-0.6070796,-0.2664001,-0.246485,-0.7069162,0.0932198,-0.1250636,0.1257778,-0.6116205,-0.2699047,-0.2368432,-0.704966,-0.05627741,-0.4088309,0.1712797,-0.6368717,-0.248635,-0.1993276,-0.7020282,0.07657222,-0.3119404,0.1786739,-0.6390774,-0.2251974,-0.1780792,-0.7135503,-0.04289222,-0.2870827,0.165425,-0.6309378,-0.1933361,-0.1578484,-0.7345899,-0.0002739529,-0.1628946,0.08379089,-0.6030771,-0.1662273,-0.1486762,-0.7658732,-0.0713768,-0.01602973,-0.04248091,-0.5722336,-0.1500126,-0.1543644,-0.7913384,-0.007370751,0.1031159,-0.06791622,-0.554625,-0.1481155,-0.1625645,-0.802512,-0.07411679,0.2168676,-0.07137727,-0.5536814,-0.1532276,-0.1734703,-0.7999164,0.0006282993,0.2212122,-0.03878976,-0.5761245,-0.1699703,-0.1798423,-0.7790041,-0.03090802,0.4113865,0.03021156,-0.6015975,-0.1892323,-0.1855753,-0.7535472,-0.05274616,0.3362843,0.07470974,-0.6328466,-0.2095731,-0.1800263,-0.7233082,-0.09705932,0.5298537,0.103716,-0.6391745,-0.2217036,-0.185493,-0.7126682,0.0217763,0.204909,-0.1053967,-0.6253905,-0.2262753,-0.1976255,-0.7201599,-0.02437719,0.2377997,-0.01646681,-0.6049376,-0.2260644,-0.2120633,-0.7334675,-0.06526598,0.05806311,-0.08487374,-0.5901425,-0.2326968,-0.2241523,-0.7398241,0.09949244,0.1122162,0.1478413,-0.5844507,-0.2452394,-0.2335565,-0.7373781,-0.08092184,-0.2793677,-0.01928338,-0.5782906,-0.2497191,-0.2362776,-0.7398603,0.07113235,-0.2153755,-0.04685902,-0.5771594,-0.2601028,-0.2504009,-0.7324841,0.00522391,-0.2914044,-0.1205835,-0.5875945,-0.2607586,-0.2478429,-0.7247838,0.002332018,-0.1282201,-0.02235546,-0.6044344,-0.2555223,-0.2363106,-0.7166064,-0.03872697,-0.2638603,0.05598846,-0.6251962,-0.2430533,-0.2125187,-0.7105565,0.03239679,-0.3128439,0.1345078,-0.6355527,-0.2216655,-0.1895904,-0.7148375
0,1,0,0.07185593,0.07341065,-0.2466787,-0.4940061,-0.2790861,-0.4261055,-0.7046297,0.06314523,-0.0670983,-0.2546023,-0.4916513,-0.2912412,-0.4410773,-0.6920321,-0.09722043,-0.08548035,-0.1216164,-0.502662,-0.2995582,-0.4457784,-0.6774048,-0.005824801,-0.04369136,-0.07823224,-0.5142426,-0.3061231,-0.4423728,-0.6679443,-0.06914187,-0.1401567,-0.08669391,-0.5346951,-0.3169213,-0.4288274,-0.6555678,-0.006239149,-0.1663425,-0.03522186,-0.5501734,-0.3309508,-0.4157468,-0.6441548,-0.09030965,-0.2442385,-0.0224492,-0.5621521,-0.323602,-0.3945023,-0.6508721,-0.04284486,-0.4226466,0.1001659,-0.5734257,-0.3065736,-0.3695992,-0.6637711,0.02121934,-0.3078763,0.09810519,-0.5635009,-0.284596,-0.3539414,-0.6900706,-0.01020666,-0.1707234,0.08582149,-0.5450932,-0.2592093,-0.3427089,-0.7198851,-0.05914133,-0.0291043,-0.03744399,-0.5156524,-0.2410079,-0.3440089,-0.7467768,-0.1542801,0.1235881,-0.07012581,-0.4906883,-0.2286135,-0.3525541,-0.7633259,0.005464938,0.1785827,-0.03720445,-0.4786185,-0.2308063,-0.3673584,-0.7633483,-0.0745602,0.2492512,0.0148595,-0.4844059,-0.2403606,-0.3748837,-0.7530205,0.06336708,0.2762833,0.01548976,-0.5016122,-0.2551096,-0.3753498,-0.7364894,-0.000298854,0.3758747,-0.03491018,-0.525516,-0.2710259,-0.3722674,-0.7153984,-0.08205438,0.405213,0.06910559,-0.5490888,-0.2875186,-0.3693073,-0.6924208,0.03927387,0.4034769,0.1473893,-0.5519351,-0.2921573,-0.3708768,-0.6873589,0.08597698,0.2374975,0.07525857,-0.5415472,-0.286539,-0.381912,-0.6919286,0.1964256,0.3500316,0.06868429,-0.5393817,-0.2707188,-0.385315,-0.6980766,-0.1755853,0.1303943,-0.125004,-0.5426919,-0.2516141,-0.3854838,-0.7025511,0.1103063,0.0895739,0.04484034,-0.5439049,-0.2472136,-0.3901573,-0.7005926,0.07078029,-0.05500165,-0.06326579,-0.5536097,-0.2639571,-0.3873212,-0.6883496,-0.01721455,-0.6390808,-0.1419618,-0.5806577,-0.282749,-0.3699893,-0.6678304,-0.3038085,-0.157673,-0.01415158,-0.5968583,-0.2746409,-0.3454723,-0.6700608,0.1192601,0.1836424,0.1176656,-0.6123013,-0.2701089,-0.3206546,-0.6703051,-0.001123176,-0.2623193,0.028852,-0.643471,-0.2656364,-0.2898293,-0.6567963,-0.07834471,0.06863189,0.05681038,-0.6449208,-0.262844,-0.2830173,-0.6594629,-0.0259429,0.08976625,-0.05918055,-0.6437425,-0.2778986,-0.2900974,-0.6513152,0.02339978,-0.07060622,0.01138826,-0.6457922,-0.2785607,-0.2892457,-0.6493791
1,0,0,0.04060961,0.2985145,0.1758044,-0.5937963,-0.7984421,-0.03009045,-0.09481987,0.02293655,0.07437705,0.1445318,-0.6006157,-0.7953295,0.003505919,-0.08184958,-0.006387047,0.1906506,-0.3492109,-0.6000099,-0.7972934,0.04246293,-0.05008231,-0.04967373,-0.127492,-0.2974572,0.5907729,0.8008921,-0.08772749,0.04316398,-0.1851554,0.1652679,-0.03205139,0.5876212,0.8019454,-0.08572485,0.06508667,0.1958074,-0.07643865,-0.3859729,0.5865075,0.8075323,-0.0446167,0.04370321,0.01495672,0.07615434,0.1504276,-0.5739182,-0.8163061,0.03212748,-0.05683278,-0.07121204,0.02798953,0.1493121,-0.5738444,-0.8172082,-0.002466965,-0.05354722,0.06911755,0.05879259,0.210531,-0.5738215,-0.8169832,-0.0003997032,-0.05716056,0.05615602,0.2183151,0.3568106,-0.578073,-0.8121623,0.004481498,-0.07876447,0.001992521,-0.0259767,0.2986082,-0.5782426,-0.8141262,0.01141827,-0.05199706,0.1409269,-0.02462274,0.3692549,-0.5731375,-0.8174366,0.01195294,-0.05628312,0.07574267,0.1121746,0.2457533,-0.566148,-0.8197098,-0.0258957,-0.08295597,-0.01556372,0.1023234,0.1193448,-0.5659292,-0.8165138,-0.05010407,-0.1025617,-0.008175324,-0.09146059,-0.1559602,-0.5641351,-0.8200448,-0.03521736,-0.08965478,-0.03398276,-0.05323809,-0.4906888,-0.5655819,-0.8195271,-0.03106948,-0.08675916,-0.0577694,0.1920284,-0.5054688,-0.56432,-0.8187541,-0.05637138,-0.08948053,-0.04282986,-0.02428075,-0.04474649,-0.5653979,-0.8219937,-0.02449854,-0.06365076,0.05842677,-0.06116511,0.03453013,-0.5644944,-0.8242959,0.01481699,-0.04077868,0.05128888,-0.068429,0.1998859,-0.559678,-0.8273107,0.02503266,-0.04112003,0.01160825,0.1124776,0.4114894,-0.5613484,-0.8262775,-0.002441015,-0.04634192,0.07557167,0.08783258,0.339043,-0.5607736,-0.8255852,-0.02007839,-0.05948823,-0.03642484,0.02051601,0.1890955,-0.5572494,-0.8268185,-0.03480214,-0.06806715,0.05887235,0.07322355,-0.1263847,-0.5557699,-0.8252079,-0.04985709,-0.08755526,-0.03034011,0.02822783,-0.3347675,-0.5584682,-0.8218708,-0.04592328,-0.1026286,-0.07395738,0.006807121,-0.4962893,-0.5587891,-0.8228908,-0.04406133,-0.09308095,-0.03827845,0.08365821,-0.3635009,-0.5582976,-0.825256,-0.0417331,-0.07426018,0.03014065,-0.1086329,-0.0153949,-0.5530511,-0.8316133,-0.0002676342,-0.05053356,0.05795885,-0.08977235,0.2010807,-0.5487655,-0.8341821,0.03077286,-0.04527407,-0.02782957,0.0241275,0.2032869,-0.5484646,-0.8347759,0.005581055,-0.04800677
1,0,0,0.02481722,-0.2308704,0.2574041,-0.08847485,-0.01754102,0.5177256,-0.8507788,0.01043196,0.04668984,-0.07531505,-0.1040105,-0.02166207,0.5082856,-0.85461,-0.07137346,0.1356128,-0.1201928,-0.08494709,-0.0237285,0.5205343,-0.8492732,0.1532031,0.1126565,-0.2352331,-0.04208215,-0.03263713,0.5535494,-0.8311119,0.05553362,0.1648292,-0.1648408,-0.03664314,-0.06259181,0.5745926,-0.8152195,-0.0151769,0.1138089,-0.1081264,-0.01101929,-0.06983899,0.5832618,-0.8092012,-0.01203983,0.09816551,-0.04098904,-0.0006649569,-0.07648686,0.586947,-0.806004,0.02468096,0.1190471,-0.1581932,0.01037845,-0.08262339,0.5841157,-0.8073874,0.008406044,0.114682,-0.1526905,0.0256209,-0.08667842,0.5867243,-0.8047267,0.04393125,0.06743143,-0.04523108,0.02808512,-0.1017208,0.601594,-0.791801,-0.03453746,-0.05076073,0.07171844,0.02802934,-0.1020564,0.6044592,-0.7895745,-0.003603271,-0.08839021,0.1523054,0.02317203,-0.09624361,0.6043788,-0.7905228,0.008805805,-0.07305355,0.1132222,0.01403371,-0.09628883,0.6143521,-0.7830089,-0.02644028,-0.1471365,0.06198316,-0.0006669424,-0.08140849,0.6073546,-0.7902484,-0.03708309,-0.1762611,0.2370663,-0.02282136,-0.06718677,0.5932099,-0.8019146,-0.03444339,-0.2721074,0.3613012,-0.05396298,-0.05041941,0.5662201,-0.8209389,0.1158495,-0.1504015,0.06005474,-0.09409946,-0.03312449,0.5098613,-0.8544528,-0.01388903,0.07978097,-0.1083736,-0.09208161,-0.03506881,0.5109094,-0.8539687,-0.02699242,0.1840433,-0.2209913,-0.05712495,-0.04280003,0.5418222,-0.8374566,0.007564377,0.09955558,-0.2038465,-0.0368074,-0.05446873,0.5611383,-0.8251073,-0.01630416,0.1525957,-0.1154091,-0.02013683,-0.06442171,0.5685459,-0.819878,0.07456785,0.07382768,-0.07672845,-0.003973491,-0.07529679,0.5779664,-0.8125697,-0.07510463,0.1033427,-0.1398508,0.0108463,-0.07723407,0.5730576,-0.8157955,0.02666984,0.1212648,-0.164456,0.02235953,-0.08674499,0.5872924,-0.8044022,0.02193744,0.05797556,-0.1111961,0.02799354,-0.09073003,0.5891489,-0.8024263,-0.02973081,-0.0000621656,0.05916862,0.02823689,-0.09561053,0.5984408,-0.7949402,-0.0007456104,-0.03980843,0.1022399,0.02598679,-0.09147575,0.6007329,-0.7937738,-0.02893923,-0.1098792,0.1246978,0.01793667,-0.08384639,0.6036628,-0.7926154,-0.008506756,-0.1262543,0.07055642,0.004438914,-0.07000058,0.5975091,-0.7987885,0.01425282,-0.1708051,0.1607126,-0.01383773,-0.06154736,0.60188,-0.7960911
1,0,0,-0.01816412,0.2565712,-0.1545217,0.5912954,0.796213,-0.09794258,0.08259469,0.180665,-0.3308628,-0.3238953,-0.5905044,-0.8020926,0.05875681,-0.06707911,-0.1080482,0.2081489,-0.1440325,-0.5917404,-0.8047573,0.01671319,-0.04392583,0.2297277,0.05843021,0.07085887,-0.5899284,-0.8052435,0.03710557,-0.04680382,-0.0801905,-0.1558527,0.004793826,0.5838288,0.8094983,-0.05427851,0.03017155,0.05060614,0.07859396,0.4160715,-0.5785896,-0.8133825,0.01198816,-0.05915471,0.005204698,0.4303871,0.3168621,-0.5913595,-0.8023039,-0.009228267,-0.08072886,0.07235822,-0.05443314,0.3414057,-0.5907049,-0.8045868,0.02870444,-0.05370234,0.09966787,0.05118479,0.2720776,-0.5869093,-0.8064343,0.0208757,-0.06903147,-0.04632409,0.1087144,0.1723801,-0.5854885,-0.8054596,-0.01068638,-0.09123524,0.002956464,0.01102613,0.04297629,-0.5869848,-0.8038644,-0.01925485,-0.09423457,0.0453925,-0.05075711,-0.2365041,-0.5888276,-0.8018832,-0.02261379,-0.09876315,-0.004077086,0.07550185,-0.3741205,-0.5977804,-0.7921812,-0.03126127,-0.1188707,-0.1166428,0.1531792,-0.492414,-0.5963772,-0.7937798,-0.04687135,-0.1097768,0.03897135,-0.09503066,-0.2176154,-0.5956433,-0.7984965,-0.01239042,-0.08636439,-0.04464372,-0.01944513,0.04740194,-0.5855176,-0.8078431,0.01853436,-0.06492364,0.07292892,0.05223226,0.2503273,-0.5841197,-0.808477,0.03054361,-0.06508584,0.05312802,0.1176107,0.32456,-0.5866597,-0.8067275,0.03122568,-0.06360906,0.09688056,0.01064413,0.3875474,-0.5842329,-0.8087435,0.03499619,-0.0581471,0.08288445,0.1017717,0.3070635,-0.583289,-0.8084446,0.0209723,-0.07583825,0.007547845,0.09851794,0.05028971,-0.5859101,-0.8051564,-0.004282195,-0.09172934,-0.003922839,-0.009160929,-0.06924329,-0.583792,-0.805949,-0.01197327,-0.09741536,-0.02389155,-0.06238459,-0.3724809,-0.5826709,-0.8053784,-0.02900977,-0.1049698,-0.06731493,0.2322628,-0.511857,-0.5846636,-0.801244,-0.04397296,-0.1193434,-0.0950115,0.01346688,-0.3273946,-0.5834461,-0.8067871,-0.0182634,-0.09138754,0.008471358,-0.1618609,-0.1038921,-0.5780267,-0.8134986,0.02537611,-0.05883318,0.03678458,0.02585765,0.09588994,-0.576646,-0.814081,0.03579044,-0.05891302,0.005480857,0.124185,0.284289,-0.5789797,-0.8124768,0.02709723,-0.06268822,0.107829,0.07208534,0.5665583,-0.5791582,-0.8119714,0.02616982,-0.06777414,0.07146458,0.08265451,0.3693207,-0.5790002,-0.8115159,0.009129427,-0.07821216
0,1,0,0.004333552,0.07780333,-0.1231905,-0.5457972,-0.2533844,-0.306933,-0.7373561,-0.08444481,-0.06020742,-0.1131129,-0.5360061,-0.2590557,-0.3222848,-0.7360164,-0.02564254,-0.03458839,-0.1204643,-0.5301318,-0.2655793,-0.3373103,-0.7311974,0.01945532,-0.2557394,-0.007360777,-0.5483648,-0.2585375,-0.3351248,-0.7212113,0.08623217,-0.07552715,-0.04991458,-0.5532655,-0.2672658,-0.3364608,-0.7136248,-0.1120346,0.01730436,-0.2145375,-0.5562632,-0.2847762,-0.3397783,-0.7028687,-0.08417638,-0.04351485,-0.06119801,-0.5751599,-0.2890341,-0.3317602,-0.6896271,0.01056934,-0.3117752,0.1285066,-0.6001886,-0.2819731,-0.3174269,-0.6778679,0.01217497,-0.2852533,0.1178084,-0.6090045,-0.2708533,-0.3068542,-0.6794059,-0.03632372,-0.4095651,0.1505247,-0.6116815,-0.2591553,-0.292707,-0.6877549,0.02229692,-0.1795347,0.1769726,-0.5995996,-0.2225365,-0.2704525,-0.7195924,-0.04568673,-0.207423,0.04015098,-0.577714,-0.1989003,-0.2581348,-0.7483659,-0.04925782,-0.09642451,-0.02960352,-0.5532414,-0.1819487,-0.2558429,-0.7715977,0.07663143,0.1953589,-0.05011036,-0.532903,-0.1790632,-0.2659518,-0.7830839,0.007451158,0.3226168,-0.03495329,-0.5358342,-0.1875642,-0.270612,-0.777477,0.05197488,0.2218113,-0.04673373,-0.5528365,-0.2046891,-0.271768,-0.7606683,-0.03276115,0.1118489,-0.04740367,-0.5719553,-0.226977,-0.2763493,-0.7382274,-0.03818106,0.02607094,0.111975,-0.5900657,-0.2560905,-0.2839622,-0.7110595,0.03545003,0.4117199,0.1990458,-0.5983932,-0.2716708,-0.2895119,-0.6959192,0.0154911,0.2984508,0.08834392,-0.5955647,-0.2814226,-0.2960653,-0.6917003,0.01445478,0.06820731,0.02629926,-0.5823743,-0.282015,-0.3097517,-0.6966789,-0.08482791,0.1958966,0.07728023,-0.5649558,-0.2792173,-0.3255493,-0.7048974,-0.004445073,-0.07685039,-0.0526588,-0.5594555,-0.292421,-0.3423605,-0.6959085,0.1320945,-0.4118534,-0.1948476,-0.5561912,-0.3031477,-0.3506172,-0.6897973,-0.1531274,-0.1996962,-0.1035829,-0.5530232,-0.2995846,-0.3563959,-0.6909387,-0.03788723,-0.1107968,-0.04656203,-0.554475,-0.2962111,-0.3553996,-0.6917424,-0.03225986,-0.1326356,0.04055962,-0.5728777,-0.295507,-0.3358915,-0.6867777,-0.1034429,-0.2275106,0.07601158,-0.5960649,-0.2961106,-0.3114513,-0.6782501,0.002656788,-0.02572183,0.01857166,-0.6161909,-0.2901855,-0.2957589,-0.6697969,-0.09116496,-0.2635214,0.1254596,-0.6548852,-0.2728901,-0.2650383,-0.6530015
0,1,0,-0.01755095,-0.001716325,0.03164239,-0.4939842,0.3300993,0.4502921,-0.6665217,0.02042312,0.0239067,0.01847213,-0.5012257,0.3244367,0.4390331,-0.6713893,0.01665298,-0.007767175,-0.01945674,-0.5016907,0.3257184,0.4450814,-0.6664207,0.01371053,-0.008458897,-0.006159622,-0.5016186,0.322793,0.4453421,-0.6677228,0.05181646,-0.003413687,-0.01562007,-0.4945488,0.3279875,0.4631876,-0.6582574,-0.02678811,-0.0672713,0.005730759,-0.498973,0.3275416,0.4609119,-0.6567364,0.001073603,-0.01632984,-0.1164234,-0.4961105,0.3238846,0.4609165,-0.6607035,0.07698447,-0.003675769,-0.07555325,-0.4653131,0.3375998,0.5054641,-0.6434408,0.03480603,0.005053769,0.01621156,-0.4571859,0.3451047,0.5290706,-0.6260735,-0.01127006,0.1241938,0.05151671,-0.4515869,0.3560157,0.538891,-0.6155637,-0.1146607,0.2606623,0.198246,-0.4382356,0.3718736,0.5592433,-0.5974165,0.02146994,0.4951186,-0.2467337,-0.3875804,0.3924125,0.607397,-0.5717191,-0.03525353,-1.185296,0.2224428,-0.4697641,0.3692411,0.5091035,-0.619513,0.1547983,0.2320874,-0.1609727,-0.4846594,0.3655274,0.4735733,-0.6381405,-0.1190775,-0.1162907,-0.01508011,-0.4898185,0.3582538,0.4882773,-0.6271501,0.04694691,0.2309352,0.2573673,-0.4984377,0.3614906,0.4493355,-0.6472883,-0.002459027,0.08675964,0.01023858,-0.5067694,0.3678396,0.4542215,-0.6336889,0.1527309,0.005618195,-0.02976529,-0.4969494,0.3779757,0.4876117,-0.6102545,-0.09893598,0.01070629,0.07886008,-0.4928999,0.3891673,0.5032439,-0.5935857,-0.07382778,-0.02714378,-0.01370163,-0.4881411,0.4002136,0.4927223,-0.5989759,-0.06650952,-0.06836203,-0.01213632,-0.4879602,0.3992066,0.4753535,-0.6136514,-0.01484982,-0.05234494,0.01701884,-0.4961979,0.3886952,0.4521987,-0.6310467,0.1204741,0.07948017,0.006295064,-0.4917217,0.3818921,0.4753101,-0.6216497,0.0523203,-0.08262108,0.01241006,-0.5085807,0.3689269,0.4774932,-0.6141977,0.1020133,0.01922364,0.01528875,-0.5157475,0.3683592,0.4910383,-0.5976599,0.01425636,0.03723537,0.067676,-0.5116413,0.3798326,0.5083988,-0.5792073,-0.01437583,-0.0007168129,0.02918058,-0.5023772,0.3954835,0.5212898,-0.5652142,-0.1229589,-0.008749085,0.0796672,-0.5074763,0.3996985,0.4966103,-0.5797302,-0.05137185,-0.03507949,-0.1765223,-0.4997396,0.395857,0.4895217,-0.5949168,0.05010863,0.05447574,-0.1252914,-0.4640034,0.3976084,0.5270834,-0.5905857
1,0,0,0.1724188,-0.04533072,-0.09095763,0.03277185,0.06467111,0.04331554,0.9964273,0.007053158,-0.02978738,0.003521729,0.03204973,0.07726075,0.04004881,0.9956906,0.09126106,-0.03650943,-0.1428087,0.03964571,0.0816711,0.05658588,0.9942616,0.1460134,0.0191611,-0.1630333,0.037039,0.09977148,0.03201217,0.9938053,0.04126918,-0.002543709,-0.01525282,0.03433303,0.1081793,0.02176925,0.9932998,-0.03338725,-0.01070161,0.09501666,0.03651523,0.110426,0.01585691,0.9930868,-0.06113103,0.05873897,0.09857728,0.03199298,0.1050969,0.02013869,0.9937432,-0.05699261,0.01430161,0.07991243,0.03248918,0.09628469,0.03129901,0.9943309,-0.1291474,0.03942473,0.05085744,0.03468928,0.08279465,0.03656124,0.9952914,-0.06550509,-0.006429843,0.07025962,0.03149535,0.07124238,0.03717463,0.9962683,-0.1156365,0.02051247,0.1910105,0.02677237,0.05645779,0.03693166,0.9973624,-0.2879846,0.0612549,0.275056,0.01525028,0.01540966,0.1120569,0.9934652,-0.07689606,-0.03532251,0.06202868,0.01400881,-0.02979979,0.2167093,0.9756807,0.1197777,0.03613639,-0.1019999,0.01378055,-0.01925152,0.1958039,0.9803572,0.2048017,0.08086807,-0.1427432,-0.01009334,0.01226879,0.15268,0.988148,0.1683864,-0.09764453,-0.1520908,0.00859223,0.04099756,0.1103104,0.9930141,0.1703079,0.01571437,-0.1368568,0.01102196,0.06736401,0.06352007,0.9956434,0.05905965,0.01246902,-0.09511692,0.006911715,0.08151556,0.04980375,0.9954029,0.03918232,-0.0698323,-0.03809018,0.01184522,0.08652536,0.05120785,0.9948622,0.05353994,0.1141545,-0.03909844,0.0110538,0.09192448,0.05077363,0.9944093,-0.006342666,-0.03462321,0.009993467,-0.003421452,0.09645079,0.04656018,0.9942423,-0.01288619,-0.0325923,0.02287879,0.003594349,0.09358731,0.06409223,0.9935395,-0.009923825,-0.08422764,0.009875408,0.01104292,0.09419774,0.07536376,0.9926355,0.09501564,0.134171,-0.1421434,0.00749434,0.09775601,0.07099839,0.9926463,0.06992602,0.005513333,-0.02525727,-0.008314735,0.1116919,0.03900213,0.9929424,-0.07128923,-0.07369748,0.02843163,0.001588012,0.1079259,0.04870296,0.992964,-0.01624927,-0.02755373,0.1160996,0.007268989,0.1057991,0.05101795,0.9930513,-0.02588051,-0.0856719,0.09545991,0.01555753,0.1057925,0.04429637,0.9932793,-0.1102206,-0.008588529,0.03548112,0.02364827,0.09496328,0.05637535,0.9936018,-0.07278927,-0.01200288,0.0055191,0.01952857,0.07987474,0.07900746,0.993477
0,1,0,-0.04354494,0.008145274,0.2497879,-0.4845708,0.4753576,0.5354108,-0.5025551,-0.0298117,0.08637328,0.3013889,-0.5297911,0.4818343,0.4810862,-0.5056809,-0.01987816,0.1695,0.3253652,-0.5824887,0.4716209,0.4210914,-0.5108451,-0.03439968,0.1781286,0.2685488,-0.6341641,0.4543527,0.3666119,-0.5069469,-0.00963557,0.1940319,0.1808668,-0.6954123,0.4157777,0.3007381,-0.5030777,-0.06487483,0.09874158,-0.1333041,-0.7286829,0.3819342,0.2522342,-0.5094363,-0.05987646,0.1406696,-0.139597,-0.7243792,0.373874,0.2377082,-0.5281928,0.002504442,-0.1224194,-0.07534485,-0.7017301,0.3875243,0.2576913,-0.5394396,-0.005839786,-0.1809323,-0.139322,-0.6546369,0.4204161,0.3007727,-0.5515764,-0.01485758,-0.2047885,-0.02806018,-0.6402677,0.4215133,0.3188488,-0.5574218,0.02774985,-0.1300229,-0.0758233,-0.6175448,0.4315908,0.3451979,-0.5596483,0.009836202,-0.09902511,-0.08975873,-0.6028109,0.4346509,0.366109,-0.5600553,0.0646981,-0.086224,-0.07762674,-0.6015176,0.4263033,0.3725085,-0.5636305,0.00347185,-0.05615764,-0.1198941,-0.5936707,0.4136787,0.3857413,-0.5723885,0.04687029,-0.03274126,-0.1831076,-0.5880859,0.397402,0.389774,-0.5867732,0.03588097,-0.04754548,-0.2203048,-0.5585372,0.3898208,0.4217178,-0.5985233,-0.03865232,0.01271417,-0.2106427,-0.5396305,0.3699768,0.4320698,-0.6206704,0.006114953,0.03687536,-0.1656572,-0.5184376,0.3642587,0.4448778,-0.6329468,-0.01598493,0.02939361,-0.1461183,-0.4957572,0.3521458,0.458577,-0.6480162,0.08532117,0.006723999,-0.130454,-0.4771451,0.3431332,0.4780842,-0.6527079,0.02220774,0.007432157,-0.1362269,-0.4653599,0.3367783,0.493971,-0.6526968,0.03437644,-0.02930667,-0.06530782,-0.4628648,0.3266298,0.4967218,-0.657523,0.01614813,-0.002261496,-0.06367287,-0.4554436,0.3243662,0.5030178,-0.6590378,0.06238305,-0.04607684,0.04523171,-0.4532359,0.3282918,0.5173733,-0.6473998,-0.02389393,0.01561536,0.053531,-0.4547728,0.3372295,0.5249302,-0.6355361,0.04902232,0.03538309,0.1217835,-0.4526235,0.3515795,0.5409409,-0.6155541,-0.0255669,-0.01329901,0.1587787,-0.4653756,0.3685315,0.5372952,-0.5991026,0.03344343,0.02913201,0.246564,-0.4804105,0.3929354,0.5352338,-0.5730029,-0.07370436,0.01412718,0.2363387,-0.5016453,0.415153,0.5148787,-0.5575839,-0.1217309,0.03453412,0.2935596,-0.5350239,0.4320225,0.468976,-0.5542269
0,1,0,0.08843048,-0.202718,0.1579967,0.4920944,-0.4472626,-0.5304712,0.5257372,-0.04253703,-0.4821227,0.1808926,0.50442,-0.453969,-0.5196055,0.5191172,-0.05539644,-0.4664711,0.1574968,-0.500825,0.4465442,0.5197517,-0.5288013,-0.04510087,-0.2612925,0.1139118,-0.4878882,0.4264034,0.5319839,-0.545104,-0.01440673,-0.165856,0.02255432,-0.46532,0.4031966,0.5552747,-0.5590883,0.0180127,0.022638,-0.01869497,0.4484948,-0.3895771,-0.5691925,0.5684205,0.08629544,0.1282333,-0.005000453,0.4392357,-0.3895707,-0.5759203,0.5688782,-0.03591459,0.1698888,-0.0789808,0.4343398,-0.4067468,-0.5761046,0.5603655,0.01978762,0.2469767,-0.09453895,0.4379217,-0.4303527,-0.5692942,0.5467405,-0.02312743,0.5181565,0.1690909,0.4583441,-0.4605908,-0.547802,0.5269627,-0.004108588,0.7189753,0.2883846,0.4757333,-0.4623516,-0.5308815,0.5273268,0.01306697,0.4907798,0.05121079,-0.4796307,0.4545822,0.5272563,-0.5341443,0.002853145,0.3834617,-0.05691922,-0.4736723,0.4424886,0.5351377,-0.541725,0.09799703,0.2241675,-0.1710894,-0.4562962,0.4341046,0.5466699,-0.5518143,0.1039007,0.00207264,-0.07250403,-0.4461681,0.4278424,0.5528681,-0.558768,0.05331791,-0.2997359,-0.1105884,-0.4517927,0.4219584,0.550528,-0.5610289,0.1227758,-0.1942652,-0.08401984,-0.4648725,0.423104,0.5436915,-0.5561259,0.2362164,-0.2219539,-0.03126802,-0.4782875,0.4289368,0.5347645,-0.5488909,0.04585002,-0.1328093,0.029269,-0.4957208,0.4368656,0.5222053,-0.5391762,-0.02076741,-0.3594535,0.1073183,-0.5134495,0.451441,0.5113237,-0.5206906,-0.1094521,-0.6125887,0.1780985,-0.5222988,0.4637551,0.5021214,-0.5099111,-0.1007682,-0.3789847,0.2466221,-0.511721,0.4579792,0.5102702,-0.5177074,-0.02730442,-0.2595958,0.1013557,0.48418,-0.4300208,-0.5395091,0.5381281,-0.05330859,-0.06358483,-0.001962969,0.4589856,-0.4051829,-0.561959,0.5562023,-0.04248446,0.1128574,-0.1042918,0.4401563,-0.3850833,-0.577709,0.5694082,-0.08018368,0.2963684,-0.06940166,0.4351351,-0.3840547,-0.5803039,0.5713203,0.07332551,0.2999637,-0.03518024,0.4408126,-0.4075215,-0.5729371,0.5579906,0.0006953333,0.4225811,-0.0621726,0.4526823,-0.4404321,-0.5584823,0.5377693,0.01941398,0.5049196,0.2090805,0.4695527,-0.4564246,-0.5412536,0.5274861,-0.007418457,0.6855375,0.2197066,0.4727181,-0.4517508,-0.5371282,0.5328715
1,0,0,0.0307913,-0.04241017,-0.1090125,0.009633903,0.03498383,0.05359885,0.997903,0.06578556,-0.02540996,-0.1794485,0.02188151,0.04508754,0.03585921,0.9980994,0.05206204,0.01309871,-0.01907757,0.02278902,0.05191898,0.02150629,0.9981596,-0.02438504,0.02139214,0.1385885,0.01979919,0.05476618,-0.001686471,0.9983014,-0.1027415,0.0006088284,0.1424104,0.02074911,0.04635691,0.002214245,0.9987069,-0.07432325,0.07808224,0.1163279,0.009292284,0.03332309,0.01345145,0.9993109,-0.0828113,0.01644754,0.1204635,0.006275957,0.02378481,0.002257011,0.9996949,-0.2001126,0.03177172,0.3049577,0.009027944,-0.0004846203,0.0314617,0.9994641,-0.2382205,0.05481936,0.2613113,0.00310455,-0.0585073,0.167536,0.9841235,0.01379962,-0.05883813,-0.06789753,0.02168492,-0.07693104,0.2061962,0.9752408,0.1281816,0.05520418,-0.1652611,-0.001469364,-0.05352141,0.1550414,0.986456,0.1396353,-0.03109395,-0.1702906,-0.00469628,-0.02974121,0.1241505,0.9918064,0.1681802,0.02958741,-0.1969609,0.005501222,0.006228548,0.07078294,0.9974571,0.1947453,0.02023216,-0.1934078,-0.004011758,0.03771785,0.03433,0.9986905,0.1596569,-0.09852234,-0.255852,0.008176707,0.06333917,0.006294293,0.9979387,0.08122133,-0.0008708746,-0.1718281,0.01122605,0.07294381,0.01164532,0.9972048,0.01894654,0.006177223,0.07978903,0.01193833,0.08015255,0.002952829,0.9967067,-0.03445208,0.002631793,0.1818946,0.01320972,0.08168309,-0.009032044,0.9965299,-0.1075755,0.03566879,0.1367615,0.01584729,0.07172077,-0.001146303,0.9972982,-0.1054666,0.03341383,0.1143761,-0.0002441856,0.05735868,0.003679543,0.9983468,-0.1818,-0.06781024,0.2461891,0.003569979,0.03894189,0.003026888,0.9992305,-0.3190068,0.1258585,0.3156541,-0.00419536,-0.0136183,0.1156998,0.993182,-0.08217525,-0.09742497,0.02155598,0.006608545,-0.05101651,0.2071555,0.9769546,0.1205966,-0.0001183482,-0.1776056,0.004680018,-0.03797309,0.1848941,0.9820134,0.1646871,-0.05193777,-0.1886431,0.003321483,-0.01231536,0.1347383,0.9907991,0.1540613,-0.03959104,-0.122272,0.008745715,0.01998579,0.07606527,0.9968642,0.1434887,0.03202431,-0.0940471,0.01147039,0.04513326,0.050757,0.9976248,0.0573736,-0.04401602,-0.08718053,0.006739622,0.06037835,0.05097051,0.9968506,0.07761328,0.005843418,-0.08434635,0.00814378,0.06651776,0.0614736,0.9958565,0.1493186,-0.009265598,-0.203356,0.00849025,0.08266397,0.03858976,0.9957939
0,1,0,-0.1715112,0.002836132,0.06659983,-0.1493531,-0.7498957,-0.6160991,-0.1891348,-0.126608,0.0793413,0.05071765,-0.1854216,-0.7488768,-0.6075087,-0.1890386,0.01889597,0.2722917,-0.08958501,-0.2015527,-0.7473242,-0.6042011,-0.1892725,-0.1723498,-0.05191939,0.04034595,-0.2157561,-0.7448607,-0.6021975,-0.1897101,0.03939129,-0.05990109,-0.08876623,-0.2482244,-0.7302943,-0.6075672,-0.1895175,0.01862799,0.01426109,-0.04752358,-0.2130361,-0.7323502,-0.6211934,-0.1799932,0.02081775,-0.04133708,-0.05808296,-0.2057203,-0.726673,-0.631174,-0.1767621,0.09533401,-0.03824908,0.02789823,-0.1896158,-0.7322972,-0.6305271,-0.1738453,0.114755,-0.004308365,0.02704151,-0.1526063,-0.7426391,-0.6293116,-0.170779,0.1258283,0.007939498,0.02525119,-0.1242917,-0.7546591,-0.6212347,-0.1706125,0.002887601,-0.006986859,0.05169543,-0.09982577,-0.7617388,-0.6186991,-0.1643172,-0.08328112,-0.08343008,0.100223,-0.1183851,-0.7628903,-0.6144797,-0.1624749,-0.003277218,0.08625872,0.08214045,-0.1421357,-0.7761757,-0.592096,-0.1636189,0.2636952,-0.05015619,-0.1283528,-0.1052522,-0.774852,-0.6022643,-0.1606362,0.2170439,0.08962456,0.160189,-0.03586814,-0.7913233,-0.587073,-0.166931,-0.02357025,0.07359327,0.006346362,-0.03949893,-0.8015624,-0.5694731,-0.1778705,0.04873579,-0.03640458,0.02197541,-0.05044755,-0.8013557,-0.5651844,-0.1893427,0.03621213,-0.07095066,-0.06436695,-0.03978762,-0.7962564,-0.5717579,-0.1936118,-0.2046319,-0.05887571,0.007718551,-0.09392682,-0.7909303,-0.5690247,-0.2044945,-0.02085094,-0.3664578,-0.02387723,-0.1296176,-0.7793884,-0.5771613,-0.2064891,-0.05301115,0.4217289,0.1178,-0.1382268,-0.7834257,-0.5681944,-0.2104581,-0.002343439,-0.4007583,0.01214429,-0.1745311,-0.7823166,-0.5557955,-0.2204789,-0.006987431,0.03868641,0.00175182,-0.1862541,-0.7760022,-0.5569897,-0.2299833,0.09379885,-0.03539593,-0.1393985,-0.1750077,-0.7724357,-0.5618005,-0.2389472,0.04244768,-0.01769237,-0.1526087,-0.1558454,-0.7601365,-0.5809125,-0.2458563,0.06584468,0.0568479,-0.166687,-0.1484472,-0.7492644,-0.591673,-0.2578553,-0.00926163,0.09728301,-0.201167,-0.1398424,-0.7323377,-0.6100215,-0.2683271,0.02863593,0.1374354,-0.2341947,-0.1229584,-0.7110046,-0.6351691,-0.2755246,-0.01410629,0.252502,-0.24849,-0.0860163,-0.6840154,-0.6702325,-0.2747954,-0.0658103,0.2830668,-0.1387407,-0.06535149,-0.661301,-0.6949525,-0.2746837
0,1,0,0.03650726,0.1967255,-0.006751338,0.4241496,-0.5144659,-0.5949765,0.4488037,-0.01562103,0.4472071,-0.03014914,0.4487647,-0.5358528,-0.5748218,0.4255019,0.02504396,0.7210341,0.0376823,0.4717016,-0.5472274,-0.556384,0.4104589,-0.02519206,0.5473885,-0.1166392,0.4759204,-0.5403223,-0.554363,0.4174125,0.03518662,0.1273647,-0.1815448,0.4662107,-0.5271342,-0.565418,0.4302086,0.2580235,-0.05223826,-0.1157494,0.4476188,-0.5055572,-0.5843673,0.4500713,-0.1245183,-0.04334778,-0.06251788,0.4323731,-0.4942954,-0.5951434,0.4631737,-0.02936818,-0.1178821,-0.4414548,0.4263949,-0.4790769,-0.6024592,0.4750954,-0.05467717,-0.143591,-0.134499,0.4220691,-0.4807822,-0.6068545,0.4716288,-0.05156025,-0.1664423,-0.1445137,0.4208637,-0.4842558,-0.6058404,0.4704544,0.03401882,-0.1118262,-0.1684006,0.4379691,-0.4937403,-0.5960634,0.4572876,-0.008287542,-0.1483776,0.05348825,0.4548611,-0.5098969,-0.5844261,0.4376673,0.07090709,-0.4412455,0.2399652,0.4687987,-0.5202098,-0.5760505,0.421634,0.05637873,-0.3944598,0.2682563,0.4706582,-0.5195751,-0.5739811,0.4231646,0.01647132,-0.2610428,0.1909173,0.4581765,-0.5023175,-0.5854087,0.4416424,0.02659364,-0.2086037,0.07639396,0.4365209,-0.4741564,-0.6088271,0.4625524,0.01464675,-0.02433945,0.009111552,0.4121965,-0.452723,-0.6260557,0.4828977,0.01744046,0.0726455,-0.04933622,0.3939131,-0.4514738,-0.6344052,0.4883993,-0.1243625,0.2203266,-0.01331956,0.3834453,-0.4670512,-0.6325808,0.4844319,-0.02721882,0.2318193,-0.06907999,0.397145,-0.4915012,-0.6173304,0.4686209,0.008146845,0.2367406,-0.06479621,0.4180413,-0.5159098,-0.5985486,0.4481274,-0.1201877,0.2625966,0.02311152,0.4397629,-0.5419872,-0.5754879,0.4262302,0.02404619,0.5154634,0.1371898,0.4657802,-0.5483151,-0.5545027,0.4182416,-0.03535923,0.5504917,0.02522084,0.4742874,-0.534218,-0.5501767,0.4323982,0.007535276,0.2013891,-0.1221936,0.4683954,-0.5148259,-0.5612275,0.4478658,-0.04840891,0.06070552,0.04778353,0.4522429,-0.4931008,-0.5822744,0.4618272,0.03376017,-0.141759,-0.3188185,0.4499941,-0.4755327,-0.5922292,0.4697217,-0.1005498,-0.1423218,-0.238271,0.4464305,-0.4724824,-0.5973594,0.469704,-0.1157766,-0.2346635,-0.1947937,0.446568,-0.4878667,-0.5934871,0.4586242,-0.104396,-0.3180563,-0.08307592,0.4583125,-0.5079142,-0.5817189,0.4399726
